00000000
00000000
00000000
00012000
00022000
00002000
00000000
00000000
46
00000000
00000000
00000000
00222000
00022000
00012000
00000000
00000000
43
00000000
00000000
00010000
00212000
00022000
00222000
00000000
00000000
24
00000000
00200000
00020000
01112000
00022000
00222000
00000000
00000000
64
00000000
00200000
00220000
01121100
00022000
00222000
00000000
00000000
27
00000000
00200000
00220000
22221100
00012000
00122000
01000000
00000000
21
01000000
00120000
00220000
22221100
00012000
00122000
01000000
00000000
66
01000000
00120000
00220000
22222100
00012200
00111100
01000000
00000000
76
01000000
00120000
00210000
22221100
00022100
00121110
01020000
00000000
41
01010000
00112000
00220000
22221100
00022100
00121110
01020000
00000000
58
01010000
00112000
00220000
22222100
00022200
00121120
01010002
00001000
62
01010000
00111100
00220020
22222200
00022200
00121120
01010002
00001000
22
01010000
01111100
02220020
22212200
00021200
00121120
01010002
00001000
75
01010000
01111100
02220020
22212200
00021110
00121120
01020002
00021000
84
01010200
01112100
02220010
22212201
00021110
00121120
01020002
00021000
25
01010200
01112100
01220010
21212201
01022110
00122120
01022002
00021000
86
01010200
01112100
22220010
21212201
01022110
00122111
01022002
00021000
53
01010200
01112220
22221010
21211101
01021110
00121111
01021002
00021000
38
01010200
01112220
22222010
22221101
01221110
00121111
01011002
00111000
63
01010200
22222220
22222110
22221101
01221110
00121111
01011002
00111000
31
01110200
22112220
22121110
22121101
01122222
00121112
01011002
00111000
37
01110200
22112220
22121110
22121101
01221222
00121112
01112002
00111200
67
01112200
22122220
22221110
22121101
01221222
00121112
01111102
00111200
81
01112201
22122210
22221110
22121101
22221222
00121112
01111102
00111200
16
01112201
22122210
22221110
22121101
22221222
12221112
01111102
00111200
11
11112201
11122222
12121120
12111201
12222222
12221112
01111102
00111200
71
11111111
11122122
12121220
12111221
12222222
12221112
01111102
00111200
88
11111111
11122122
12121220
12111221
12222221
12221111
02111101
20111201
28
11111111
11122122
11121220
11111221
11222221
11222111
01111201
21111221
77
11111111
11122122
11121220
11111221
11222221
12222111
21111111
21111221
83
