00000000
00000000
00000000
00021000
00012000
00000000
00000000
00000000
65
00000000
00000000
00000000
00022200
00011100
00000000
00000000
00000000
43
00000000
00000000
00010000
00011200
00012100
00020000
00000000
00000000
74
00000000
00020000
00020000
00021110
00022100
00020000
00000000
00000000
37
00000000
00020000
00020200
00022110
00021100
00010000
00100000
00000000
34
00000000
00020000
00020200
00111210
00021200
00010200
00100000
00000000
75
00000000
00020000
00020200
00111210
00022110
00020200
00200000
02000000
57
00000000
00020000
00020200
00111222
00022110
00020100
00201000
02000000
41
00010000
00010000
00010200
00111222
00022120
00020200
00202000
02020000
47
00010000
00010000
00010200
00111222
00222120
00020200
00212000
02020000
36
00010000
00010000
00010200
00111222
02222120
00120200
00212000
02020000
83
00010000
00010002
00010202
00111212
02222120
00120200
00212000
02020000
77
00010000
00010002
00010202
00111222
02221122
00120100
00212010
02020000
27
00010000
00010002
00010202
02222222
02221122
00120100
01112010
02020000
73
00010000
00010002
00010212
02222222
02221222
00120200
01112210
02020000
76
00010000
00010002
00010212
02221212
02221122
00120222
01112210
02020000
56
00010000
00010002
00010212
02221212
02221122
00111222
22222210
02020000
14
00010000
00010002
00010212
11111212
22221122
00111222
22222210
02020000
26
00010000
00010002
00012212
11122212
21222122
02112222
22222210
02020000
16
00010000
00010002
00012212
11122212
11222122
11112222
22222220
02020200
72
00010000
00010222
00012222
11121212
11212122
11112222
22222220
02020200
61
00010100
00010122
00222122
11221112
11212122
11112222
22222220
02020200
71
00210110
00020112
00222112
11221112
11212122
11112222
22222220
02020200
58
00210110
00022222
00222212
11221122
11211122
11111222
22211220
02021200
21
01110110
00022222
00222212
11221122
11211222
11112222
22221220
02221200
88
01110110
00022222
20222212
22221122
21211222
21112122
22221210
02221201
87
01110110
00022222
20222212
22221122
21211122
21112122
22221221
02221221
32
01110110
00122222
22222212
22221122
21121122
21112122
22221221
02221221
51
01111110
02221122
22221212
22221122
21121122
21112122
22221221
02221221
18
01111110
02221122
22221212
22221122
21121122
21112122
21221221
11111221
11
11111110
22221122
22121212
22211122
21121122
21112122
21221221
11111221
81
