00000000
00000000
00000000
00012000
00022200
00000000
00000000
00000000
64
00000000
00000000
00000200
00012200
00022200
00000000
00000000
00000000
66
00000000
00000000
00000200
00012200
00022200
00002100
00000000
00000000
62
00000000
00000100
00000100
00012220
00022200
00002100
00000000
00000000
85
00000000
00000100
00000100
00012210
00022201
00002200
00000200
00000000
46
00000000
00000100
00000100
00012222
00012201
00012200
00000200
00000000
77
00000000
00000100
00000100
00012222
00012201
00022100
00200210
00000000
36
00000200
00000200
00000200
00012222
00012201
00111100
00200210
00000000
57
00000200
00000200
00000200
00012222
00012201
00111200
00201210
00000200
72
00000200
00000220
00000102
00011222
00012201
00111200
00201210
00000200
76
00000200
00002220
00000202
00011222
00012101
00111110
00201210
00000200
38
00000200
00002220
00000202
00011222
00012101
00112110
00102210
00102200
41
00010200
00001220
00002102
00012212
00012101
00112110
00102210
00102200
81
00010201
00001210
00002102
00012212
00012102
00112222
00102220
00102200
71
00010211
00001110
00001102
00012212
00012102
02222222
00102220
00102200
73
00010211
00002110
00022222
00012112
00011102
02212222
00102220
00102200
87
00010211
00002110
00022222
00012112
00011102
02212212
00202221
00122200
35
00010211
00002110
00022222
02012112
00211102
02122212
00102221
00122200
42
00010211
00011110
00011222
02012122
00222222
02122222
00102221
00122200
82
00010211
00012111
00021211
02222121
00222221
02122221
00102221
00122200
17
00010211
00012111
00221211
02222121
00122221
01122221
10102221
00122200
14
00010211
00012111
00221211
11111121
00122221
01122221
10202221
02222200
22
00010211
01012111
00121211
11111121
00122221
01222221
12202221
02222200
32
02010211
01212111
00121211
11112121
00122221
01222221
12202221
02222200
23
02210211
01222111
01222211
11212221
00222221
01222221
12202221
02222200
51
02211111
22212111
02122211
11212221
00222221
01222221
12202221
02222200
25
02211111
22211111
02112211
11112221
21111111
02222221
12202221
02222200
16
02211111
22211111
02112211
11112221
11111211
11112111
12222221
02222200
11
11111111
21211111
22112211
12112221
11211211
11122111
12222221
02222200
18
11111111
21211111
22112211
12112221
11211211
11122111
11222221
12222200
78
