00000000
00000000
00000000
00021000
00012000
00000000
00000000
00000000
56
00000000
00000000
00000000
00021000
00021000
00021000
00000000
00000000
34
00000000
00000000
00000000
00111200
00012000
00021000
00000000
00000000
47
00000000
00000000
00000000
00111200
00222000
00011000
00010000
00000000
74
00000000
00000000
00000020
00111210
00222000
00011000
00010000
00000000
24
00000000
00000000
00020020
01121210
00122000
00011000
00010000
00000000
65
00000000
00000000
00020020
01121210
00211100
02011000
00010000
00000000
25
00000000
00000000
02020020
02121210
02111100
02011000
00010000
00000000
15
00000000
00000000
02020020
02221210
12111100
22011000
00010000
00000000
14
00000000
00000000
02020020
11112210
12111200
22011020
00010000
00000000
27
00000000
00000000
02020020
11112210
11121200
22211020
01010000
00000000
75
00000000
00000000
02020020
11112210
11122110
22212020
01012000
00000000
77
00000000
00000000
02220020
11222210
11222110
22212010
01012010
00000000
32
00000000
00100000
01210020
11221210
11222110
22222010
01222010
00000000
17
00000000
00100000
01222020
11222210
11222110
12222010
11222010
00000000
63
00000000
00120000
01121120
11221110
11212110
12122010
11222010
00000000
82
00000000
00120001
01121110
11222222
11212110
12122010
11222010
00000000
58
00000000
20120001
02121110
11221222
11211110
12121010
11211010
00001000
22
00000000
21120001
01121110
11221222
11222222
12121010
11211010
00001000
52
00000000
21111001
01111110
11121222
11222222
12122020
11222210
00001000
78
00000000
21111001
01111110
11121222
11212222
12121020
11222222
00001010
38
00200000
21221001
01212110
11221222
11212222
12121020
11112222
00101010
68
00200000
21221001
01212110
11221222
11112222
12222220
11111222
00101110
41
00210000
21111021
01212220
11222222
11122222
12222220
11111222
00101110
83
00222000
21122021
01212111
11222212
11122122
12221220
11111222
00101110
81
00222021
21122021
01212121
11222222
11122122
12221220
11111222
00101110
61
00222111
22121011
22212121
12222222
11222122
12221220
11111222
00101110
11
10222111
12121011
12212121
12222222
11222122
12221220
12111222
20101110
86
10222111
12121011
12212121
12222221
11222121
12221211
12111222
20101112
21
11111111
11121011
11212121
11222221
11222121
12221211
12222222
20122222
28
