00000000
00000000
00000000
00021000
00012000
00000000
00000000
00000000
65
00000000
00000000
00000000
00021000
00012100
00000200
00000000
00000000
34
00000000
00000000
00000000
00111000
00222100
00000200
00000000
00000000
26
00000000
00000000
00200000
00121000
00122100
01000200
00000000
00000000
67
00000000
00000000
00200000
00121000
00122100
01000200
00000120
00000000
32
00000000
00100000
00100000
02221000
00122100
01000200
00000120
00000000
13
00000000
00100000
10100200
01222000
00122100
01000200
00000120
00000000
64
00000000
00100000
10100220
01111200
00122100
01000200
00000120
00000000
36
00000000
00100000
10100220
01111200
00112100
01100200
00002220
00000000
72
00000020
00100020
10100120
01111200
00112100
01100200
00002220
00000000
83
00000020
00100020
10102111
01112200
00112100
01100200
00002220
00000000
62
00000220
00100220
10101211
01112200
00112100
01100200
00002220
00000000
88
00000220
00100222
10101221
01112200
00111100
01100100
00002210
00000001
81
00000221
00100211
10101121
01111200
00111100
01100100
00002222
00000001
75
00000221
00100211
10101121
01111102
00111120
01100200
00002222
00000001
68
00000221
00100211
10101121
01111102
02222220
01100100
00002122
00000101
48
00000221
00100211
12101121
02211102
02222220
01100100
00001122
00010101
52
00000221
00101111
12101121
02211102
02222220
01200100
00201122
00010101
27
00000221
00101111
12101121
02211102
02212220
02100100
22201122
00010101
51
00001111
02101111
12201121
02221102
02212220
02100100
22201122
00010101
74
00021111
02201111
12201111
02221112
02212220
02100100
22201122
00010101
38
00021111
02201111
12201111
02221112
02212220
02200100
22222222
00110101
76
00021111
02201111
12201111
02221112
02222110
02202110
22222222
00110101
78
00021111
02202111
12201211
02221122
02222222
02202120
22222212
00110111
43
00021111
02221111
11222211
02221222
02222222
02202120
22222212
00110111
18
00021111
02221111
11222211
02221222
02222222
02222120
21222212
10110111
28
00021111
22221111
12222211
02221122
02221222
02212120
21122212
11110111
31
02111111
22211111
12121211
02121122
02121222
02112120
21122212
11110111
14
02111111
22111111
11121211
11221122
02121222
22112120
21122212
11110111
58
02111111
22111111
21121211
21221122
22121222
22111120
21111212
11111111
86
02111111
22111111
21121211
21221121
22121211
22111111
21111211
11111111
11
