00000000
00000000
00000000
00012000
00022000
00002000
00000000
00000000
66
00000000
00000000
00020000
00022000
00021000
00002100
00000000
00000000
46
00000000
00000000
00020000
00022000
00022000
00011200
00000020
00000000
64
00000000
00000000
00020000
00022100
00021000
00021200
00020020
00000000
33
00000000
00000000
00120000
00012100
00022000
00022200
00022020
00000000
88
00000000
00000000
00120000
00012100
00022200
00022100
00022010
00000001
37
00000000
00000000
00120000
00012100
00021200
00012220
00122010
00000001
42
00020000
00020000
00120000
00022100
00021200
00012220
00122010
00000001
68
00020000
00020000
00120000
00022100
00021200
00012220
02221010
00000101
48
00020000
00020000
00120020
00022200
00022200
00022220
02211010
00010101
51
00021000
02010000
00220020
00022200
00022200
00022220
02211010
00010101
17
00021000
02010000
00220020
00022200
00022200
00022220
11111020
00010121
74
00021000
02010000
00220020
00022210
00022100
00022220
11111220
00010121
75
00021000
02010000
00220020
00022210
00022110
00022120
11121220
00210121
24
00022200
02010000
00120020
01022210
00022110
00022120
11121220
00210121
36
00022200
02020000
00220020
02022210
20022110
00111120
11121220
00210121
11
10022200
01020000
00120020
02012210
20022110
00112120
11122220
00222221
35
10022200
01020000
02220020
02012210
20111110
00112120
11122220
00222221
87
10022200
01020000
02220020
02012210
20112110
00122110
11211111
02222221
25
10022200
01020000
22220020
02012210
21212110
00122110
11211111
02222221
53
10022200
01020000
22221020
02011110
22211110
02221110
12211111
02222221
82
10022200
01020001
22221010
02011112
22211120
02221210
12212111
02222221
31
10122200
01010021
22221020
02011122
22211120
02221210
12212111
02222221
85
12222200
02010021
22221020
02011122
22211111
02221210
12212111
02222221
32
12222200
02110221
22212020
02021122
22211111
02221210
12212111
02222221
34
12222200
02110221
22112220
02112222
22221211
02221210
12212111
02222221
71
11111110
02110111
22111222
02112222
22221211
02221210
12212111
02222221
18
11111110
02110111
22111122
02111222
22211222
02121222
11212111
11111111
14
11111112
02110112
21111122
11111222
21211222
02121222
11212111
11111111
12
11111112
11112222
11112222
11112222
21212222
02122222
11212111
11111111
16
