00000000
00000000
00000000
00012000
00022200
00000000
00000000
00000000
64
00000000
00000000
00200000
00021100
00022200
00000000
00000000
00000000
34
00000000
00000000
00220000
00122100
00022200
00000000
00000000
00000000
66
00000000
00000000
00220000
00222100
00222100
00000100
00000000
00000000
32
00000000
00100000
00210000
00221100
00222220
00000100
00000000
00000000
86
00200000
00200000
00210000
00221100
00222210
00000101
00000000
00000000
21
01200000
00100000
00210000
00221100
00222222
00000101
00000000
00000000
24
01200000
00100000
00210000
01111100
00222222
00000102
00000002
00000000
22
01200000
01120000
00120000
01121100
00222222
00000102
00000002
00000000
84
01200000
01120000
00120000
01221101
02222212
00000102
00000002
00000000
46
01200000
01120000
00122000
01221201
02121222
00010102
00000002
00000000
41
01110000
01110000
00112000
01212201
02122222
00012102
00000002
00000000
26
01110000
01112000
00122000
01212201
01122222
01012102
00000002
00000000
88
01110000
01112000
00122000
01212201
02122221
21012101
00000001
00000001
15
01110000
01112000
00122000
01212201
11122221
21022101
00020001
00000001
61
01110100
01111000
00112000
01112201
11122221
21022201
00020201
00000001
74
01110100
01111000
00112200
01112211
11122221
21022201
00020201
00000001
78
01110100
01111000
00112220
01112221
11112221
21021201
00020101
00000011
48
01110100
01111000
00112220
01112221
11112221
21012201
00012101
00010011
77
01110100
01111000
00112220
01112221
11111221
21012221
00012111
00010011
62
01110100
01111100
02111110
01212121
11121121
21012121
00012111
00010011
68
01110100
01111100
02111110
01212121
11221121
22222121
00011111
00010111
37
01110100
01111100
02111110
01112121
11121121
21112121
00121111
00210111
17
01110100
01111100
02111110
01112121
11121121
11112121
10122211
00222111
13
01110100
21111100
12111110
01212121
11121121
11112121
10122211
00222111
14
01110100
22222220
11111220
11212121
11121121
11112121
10122211
00222111
83
01110100
22222210
12111111
12212111
12121121
12212121
12222211
00222111
11
11110102
11222220
12111211
12212111
12121121
12212121
12222211
00222111
71
11110112
11222222
12111221
12212211
12122121
12222121
12222211
00222111
51
11111112
11211122
12111211
12212211
12122121
12222121
12222211
00222111
28
