00000000
00000000
00000000
00021000
00012000
00000000
00000000
00000000
65
00000000
00000000
00000000
00021000
00012100
00000200
00000000
00000000
34
00000000
00000000
00002000
00112000
00012100
00000200
00000000
00000000
77
00000000
00000000
00002000
00112000
00012100
00002100
00000010
00000000
62
00000000
00000100
00001000
00112000
00022100
00202100
00000010
00000000
47
00000000
00002100
00002000
00112000
00022100
00201100
00010010
00000000
64
00000000
00002100
02002000
00211100
00022100
00201100
00010010
00000000
25
00000000
00002100
02002200
00212100
01022100
00101100
00010010
00000000
46
00000020
00002200
02002200
00212100
01011100
00111100
00010010
00000000
24
00000020
00002200
02002200
02112100
02011100
02111100
00010010
00000000
61
00000120
00002100
02002100
02122100
02211100
02111100
00010010
00000000
13
00000120
00002100
12002100
01122100
02121100
02121100
00020010
00020000
41
00010120
00001100
12002100
01122100
02122100
02122100
00022010
00020000
42
00010120
00011100
12001100
01122100
02122220
02122200
00022010
00020000
33
00010120
00011100
11121100
01222100
02121220
02122100
00022010
00020000
67
00010120
00011100
11121100
22222100
02111220
02121100
00022110
00020000
81
00010111
00011100
11121100
22222100
02211220
02221100
00222110
00020000
27
00010111
00011100
11121100
21222100
22211220
02121100
01211110
00020000
16
00010111
02011100
11211100
11122100
11211220
11121100
01211110
00020000
21
01010111
01011100
11211100
11122100
11212220
11121200
01211120
00020002
32
01010111
01111100
11111100
11122100
11212220
11122200
01212120
00022002
87
01012111
01112100
11112100
11122100
11212220
11122200
01212111
00022002
28
01012111
01112100
11112100
11122100
11211220
12112200
22222111
01022002
85
01012111
01112100
11112100
11122100
11211111
12112200
22222211
01022022
38
01012111
01112100
11112100
11122100
11211211
12111220
21112221
01122022
18
01012111
01112100
11112100
11122200
11211221
12111222
11112222
11122022
73
21012111
02112100
11212110
11122100
11211221
12111222
11112222
11122022
12
21012111
11112100
11212222
11122100
11211221
12111222
11112222
11122022
84
22222111
11222100
11212212
11122101
11211221
12111222
11112222
11122022
68
22222111
11222100
11212212
11122221
11211121
12111122
11111122
11111122
82
