00000000
00000000
00000000
00012000
00022200
00000000
00000000
00000000
66
00000000
00000000
00000000
00222000
00021200
00000100
00000000
00000000
64
00000000
00000000
00000000
00222100
00022100
00000200
00000020
00000000
35
00000000
00000000
00000000
00222100
00221100
00200200
00000020
00000000
43
00000000
00000000
00010000
00221100
00222220
00200200
00000020
00000000
76
00000000
00000000
00010020
00221200
00222120
00200210
00000020
00000000
56
00000000
00020000
00020020
00221200
00221120
00201110
00000020
00000000
63
00000000
00020000
00020120
00221200
00222120
00221110
00000020
00000000
74
00000000
00020020
00020220
00222110
00222110
00221110
00000020
00000000
26
00000000
00020020
00020220
00222110
00222110
02111110
20000020
00000000
25
00000000
00020020
00020220
02222110
02111110
02111110
20000020
00000000
88
00000000
00020020
00020220
02222210
02121210
02112210
20000210
00000001
15
00000000
00020020
00020220
02222220
11121220
02112220
20000220
00000021
81
00000021
00020020
00020120
02221220
11111220
02112220
20000220
00000021
27
00000021
00020020
00020120
02221220
11211220
01122220
21002220
00000021
41
00010021
00010220
00010220
02211220
11211220
01122220
21002220
00000021
86
00010021
00010220
00010220
02211220
11212220
01221111
22202220
00000021
33
00010021
00010220
00110220
01211220
11212220
01222111
22222220
00000021
84
00010021
00010220
00110220
01211121
11212222
01222121
22222220
00000021
28
00010021
00210220
00220220
01212121
11211222
01212121
21122220
01000021
58
00010021
00210220
00220220
01212121
11221222
01211121
22111220
21001021
83
00010021
00210220
20220221
02212111
11221122
01211121
22111220
21001021
61
00010111
00210110
20220121
02212111
11221122
01221121
22112220
21001221
52
00010111
00211110
20222221
02122211
11221122
01221121
22112220
21001221
31
00110111
00111110
20122221
02222211
12221122
22221121
22112220
21001221
87
00110111
00111110
22222221
02222211
12221122
22221111
22111111
21001221
14
02110111
00211110
21222221
11111111
11221122
22121111
22111111
21001221
11
11110111
20211110
22222221
11211111
11221122
22121111
22111111
21001221
22
11110111
22222222
21122222
11211112
11221122
22121111
22111111
21001221
51
11111111
22211222
21121222
11211122
11221222
22222111
22221111
22201221
48
