00000000
00000000
00000000
00021000
00012000
00000000
00000000
00000000
56
00000000
00000000
00000000
00021000
00012000
00001200
00000000
00000000
43
00000000
00000000
00010000
00011000
00222000
00001200
00000000
00000000
26
00000000
00000000
00210000
00021000
00122000
01001200
00000000
00000000
65
00000000
00000000
00222000
00021000
00111100
01001200
00000000
00000000
42
00200000
00020000
00212000
00011000
00111100
01001200
00000000
00000000
76
00200000
00020000
00212000
00021000
00211100
02001110
20000000
00000000
63
00200000
00020000
00222220
00021000
00211100
02001110
20000000
00000000
41
00222000
00020000
00212220
00011000
00211100
02001110
20000000
00000000
62
00222000
00020100
00211220
00021000
00212100
02001210
20000020
00000000
84
00222020
00020200
00212210
00021001
00212100
02001210
20000020
00000000
67
00222020
00020200
00212210
00022201
00212100
02001110
20000120
00000000
88
00222020
00020200
00212210
00022201
00212220
02001110
20000110
00000001
22
00222020
01020200
00212210
02012201
00211220
02001110
20000110
00000001
85
00222020
01020200
00212210
02012201
00212111
02002110
20002110
00000001
48
00222020
01020200
00212210
02012201
00212211
02002210
20001210
00010201
25
00222020
01020200
00222210
02022201
01222211
02022210
20002210
00010201
23
00222020
01020200
01111110
01022201
01222211
02022220
20002222
00010201
37
00222020
02020200
21111110
02022101
01221211
02012220
20102222
00010201
78
00222020
02020200
21112110
02022201
01221221
02012222
20102222
00010211
11
10222020
01020200
21112222
02022202
01221222
02012222
20102222
00010211
52
10222020
01021200
21111222
02021202
22221222
02012222
20102222
00010211
32
10222020
01111200
21111222
02021202
22222222
02022222
20202222
02010211
74
10222020
22222200
21111122
02021112
22222212
02022212
20202212
02010211
61
10222120
22221100
22111122
22021112
22222212
02022212
20202212
02010211
16
10222120
12221100
12211122
12221112
12222212
12022212
20202212
02010211
72
10222122
12221120
12211212
12222112
12222212
12022212
20202212
02010211
21
11111122
12121122
12211222
12222212
12222212
12022212
20202212
02010211
47
11111122
12121122
12211222
12212222
12212212
12012212
20221112
02210211
58
11111122
12121122
12211222
12212222
12222212
12222212
20221112
02211111
27
