00000000
00000000
00000000
00012000
00022200
00000000
00000000
00000000
66
00000000
00000000
00000000
00222000
00021200
00000100
00000000
00000000
35
00000000
00000000
00000000
00222000
00221200
00200100
00000000
00000000
53
00000000
00000000
00001000
00221000
00221200
00200200
00000200
00000000
33
00000000
02000000
00201000
00221000
00222200
00200200
00000200
00000000
26
00000000
02002000
00202000
00212000
00122200
01200200
00000200
00000000
11
10000000
01002000
00102000
00212000
02222200
01200200
00000200
00000000
24
10000000
01002000
00122000
01122000
01222200
01200200
00000200
00000000
46
10000000
01002000
02222000
01222000
01122200
01110200
00000200
00000000
75
10000000
01002000
02222000
01222000
01211110
02110200
20000200
00000000
51
10001200
01002000
02221000
01221000
01211110
02110200
20000200
00000000
77
10001200
01002000
02221000
01221000
02211110
22110100
20000210
00000000
32
10001200
01122000
02121000
01121000
02111110
22110100
20000210
00000000
31
10101200
01112000
02121000
01121000
02121110
22220100
20020210
00000000
71
10121110
01222000
02121000
01121000
02121110
22220100
20020210
00000000
37
10121110
01222000
02121000
01121000
02122110
22110200
20120220
00000002
15
10121110
01222000
02121000
01121000
11122222
21110200
20120220
00000002
64
10121110
01222200
02122000
01121100
11121222
21110200
20120220
00000002
56
10121110
01222200
02122000
22221100
22111222
21211200
20120220
00000002
78
10121110
01222200
02122000
22222220
22111222
21211200
20120120
00000012
13
10121110
01222200
11122000
21222220
22112222
21221200
20220120
02000012
57
10121110
22222200
22122000
21222220
22112222
21211200
20221120
02000012
21
11122222
21222200
21122000
21222220
22112222
21211200
20221120
02000012
76
11122222
21122200
21112000
21221220
22112122
21222222
20221110
02000012
87
11122222
21122200
21112200
21222220
22122122
21222212
20221111
02000012
27
11122222
21122200
21112200
21222220
22122122
21222222
21122211
02002012
18
11122222
11122200
11112200
11222220
12122122
11222222
11122221
12002222
83
11122222
11122200
11112201
11222222
12122122
11222222
11122221
12002222
38
11122222
11122200
11112201
11222222
12122122
11221222
11122221
11122222
72
11122222
11111220
11112221
11221222
12112122
11121222
11122221
11122222
82
