00000000
00000000
00000000
00222000
00021000
00000000
00000000
00000000
53
00000000
00000000
00001000
00221000
00022200
00000000
00000000
00000000
36
00000000
00000000
00001000
00221000
00022200
00102000
00000000
00000000
24
00000000
00002000
00002000
01112000
00022200
00102000
00000000
00000000
46
00000000
00002000
00202000
01122000
00012200
00112000
00000000
00000000
43
00000000
00002000
00212000
01112000
00012200
00122000
00200000
00000000
64
00000000
00002000
00222000
01211100
02012200
00122000
00200000
00000000
47
00000000
00002000
02222000
02211100
02012200
00112000
00210000
00000000
32
00200000
00202000
02212000
02211100
02012200
00112000
00210000
00000000
75
00200000
00202000
02212000
02211100
02011110
00112000
00220000
00200000
48
00200000
00202000
02212000
02211100
02011110
00212000
00220000
00222000
62
00200000
00222100
02221000
02221100
02021110
00222000
00220000
00222000
28
00200000
00222100
02221000
02221100
02022222
00212000
00120000
01222000
21
01200000
00122100
02211000
02221100
02022222
00212000
00120000
22222000
26
01200000
00122100
02211020
02221200
02022222
01112000
00120000
22222000
74
01200000
00122100
02211020
02222222
02022222
01112000
00120000
22222000
86
01200000
00122100
02211020
02222122
02022212
22222001
00120000
22222000
41
01110000
00112100
02211020
02222122
02022222
22222021
00120000
22222000
13
01110000
00112100
11111020
02222122
02022222
22222022
00120002
22222000
82
01110000
20112101
12111010
02222122
02022222
22222022
00120002
22222000
61
01110100
20111101
12222210
02222222
02022222
22222022
00120002
22222000
35
01110100
20111101
12121210
01112222
02122222
22222022
02220002
22222000
14
01110100
20111101
21121210
21112222
22122222
22222022
02220002
22222000
17
01110100
20111101
21121222
21112222
22122222
21222022
12220002
22222000
66
01110100
20111101
21121122
22112122
22222122
21122222
12222002
22222000
88
01110100
20111121
21121221
22112121
22222121
21122221
12222001
22222001
81
01112101
20122211
21222121
22112121
22212121
21122221
12222001
22222001
11
11112101
12222211
12222121
12112121
12212121
11122221
12222001
22222001
67
11112101
12222211
12222121
12212121
12222121
11122111
11111201
22222021
71
11112111
12222111
12221121
12212121
12222121
11122111
11112201
22222221
77
