00000000
00000000
00020000
00022000
00021000
00000000
00000000
00000000
53
00000000
00000000
00021000
00021000
00022000
00000200
00000000
00000000
56
00000000
00000200
00022000
00021000
00021000
00001200
00000000
00000000
76
00000000
00000200
00022000
00021000
00021000
00002110
00000200
00000000
34
00000000
00000200
00022000
00211000
02021000
00002110
00000200
00000000
52
00000000
00001200
00021000
00222200
02021000
00002110
00000200
00000000
16
00000000
00001200
00011000
00122200
01021002
10002120
00000200
00000000
78
00002000
00002200
00012000
00122200
01011002
10001120
00000100
00000010
86
00002000
00202200
00022000
00122200
01011002
10001111
00000100
00000010
63
00002000
00202200
00022220
00121200
01011002
10001111
00000100
00000010
21
01002000
00102200
00012220
02221200
01011002
10001111
00000100
00000010
72
01002000
00102210
00012120
02221200
01011002
10001121
00000200
00002010
42
01002200
00112210
00022220
02221200
01011002
10001121
00000200
00002010
68
01002200
00112220
00022222
02221200
01011002
10001121
00000100
00002110
23
01022200
00122220
01022222
01121200
01011002
10001121
00000100
00002110
82
01222200
00121111
01022212
01121100
01011002
10001121
00000100
00002110
74
01222202
00121112
01022112
01121110
01011002
10001121
00000100
00002110
48
01222202
00121112
01022112
01121110
01012002
10001221
00000120
00011110
35
01222202
00121112
01021112
01111110
22222002
10001221
00000120
00011110
65
01222202
00121112
01021112
01111110
22222102
20001121
20000120
00011110
75
01222202
20121112
02021112
01211110
22222112
20001111
20000110
00011110
46
01222202
20121112
02021112
22211110
22111112
20011111
20000110
00011110
13
01222202
20121112
12021112
21212110
22111212
20011122
20000112
00011110
11
11222202
10121112
12021112
21212110
22221212
20222222
20000112
00011110
33
11222202
10121212
11111122
21212222
22221222
20222222
20000112
00011110
71
11111112
10121112
11111122
21212222
22221222
20222222
20002222
00011110
47
11111112
10121112
11111122
21212222
22212222
20222222
20222222
00011110
27
11111112
10121112
11111122
21212222
22212222
22222222
21222222
00011110
18
11111112
10121112
11111122
11212222
12212222
12222222
12222222
12011110
88
11111112
12221112
12111122
12212222
12211222
12222122
12222212
12011111
38
