00000000
00000000
00000000
00021000
00012000
00000000
00000000
00000000
34
00000000
00000000
00200000
00121000
00012000
00000000
00000000
00000000
65
00000000
00000000
00200000
00122200
00011100
00000000
00000000
00000000
22
00000000
01000000
00100000
00112200
00012100
00020000
00000000
00000000
66
00000000
01000000
00100000
00112200
00021100
00220100
00000000
00000000
37
00000000
01000000
00100000
00112200
00021200
00210200
00100200
00000000
26
00000000
01000000
00100000
00112200
00022200
01112200
00100200
00000000
77
00000000
01000000
00100000
00112200
00022200
01122100
00200210
02000000
57
00000000
01000000
00100000
00112200
00022200
01122200
00201120
02000002
74
00000000
01000000
00102000
00112110
00022200
01122200
00201120
02000002
38
00000000
01000000
00102020
00112210
00022200
01122200
00101120
02100002
35
00000000
01000000
00102022
00112220
00122200
01112200
00101120
02100002
18
00000000
01000000
00102022
00112220
00122200
01212200
02101120
11100002
84
00000000
01000000
00102022
00121111
00222200
02212200
22101120
11100002
25
00000000
01000000
00102022
00121111
01222200
01212200
21101220
11100022
87
00000000
01000000
00102022
00121111
01222200
01212200
21102111
11120022
24
00000000
01000000
00102022
01121111
01122200
01212202
21102112
11120022
42
00000000
01010000
00101022
01121121
01122220
01212202
21102112
11120022
16
00000000
01010200
00102022
01121121
01122220
11212202
11102112
11120022
58
00000000
01010200
00102022
01121121
01121220
11211222
11101122
11111022
85
20000000
02010200
00202022
01121121
01121111
11211212
11101122
11111022
32
20000000
02110200
00102222
01122221
01121211
11211212
11101122
11111022
72
20000000
02110210
02102112
01221211
01121211
11112212
11101222
11111022
47
20000000
02110222
02102122
01221211
01121111
11111212
11111222
11111022
13
20200000
02220222
11202122
01221211
01121111
11111212
11111222
11111022
61
20200100
22220122
12202122
01221211
01121111
11111212
11111222
11111022
81
20200101
22220111
12222121
01222211
01121211
11111222
11111222
11111022
52
20200101
22221111
12211121
02121211
22221211
11111222
11111222
11111022
68
20200121
22221221
12212121
02121111
22221111
11111122
11111122
11111122
14
20202221
22222221
12212121
11121111
11221111
11111122
11111122
11111122
21
21202221
21122221
11212121
11121111
11221111
11111122
11111122
11111122
41
