00000000
00000000
00020000
00022000
00021000
00000000
00000000
00000000
33
00000000
00000000
00120000
00222000
00021000
00000000
00000000
00000000
35
00000000
00000000
00120000
00122000
00211000
02000000
00000000
00000000
52
00000000
00001000
00110000
00122000
00221000
02200000
00000000
00000000
64
00000000
00001000
02110000
00211100
00221000
02200000
00000000
00000000
13
00000000
00001000
11110000
00211100
00222200
02200000
00000000
00000000
56
00000000
00001000
11110000
00111100
00211200
02202000
00020000
00000000
76
00000000
00001000
11112000
00122100
00212100
02202010
00020000
00000000
67
00000000
00001000
11112000
00122200
00212220
02201010
00020100
00000000
38
00000000
00021000
11122000
00122200
00212220
02201010
00010100
00100000
51
00201000
00021000
11122000
00122200
00212220
02201010
00010100
00100000
66
00201000
00021000
11122000
00112200
00211220
02201110
00020100
00102000
74
00201000
00021000
11222000
02111110
00211110
02201110
00020100
00102000
37
00201000
02021000
12222000
02111110
00111110
02101110
00120100
00102000
11
10201000
01021000
12122002
02111120
00111210
02102110
00120100
00102000
84
10201000
01021000
12122002
02111211
00111220
02102222
00120100
00102000
62
10201000
01021100
12121002
02211211
02222220
02202222
00120100
00102000
63
12201000
02021100
12121102
02211111
02222120
02202122
00120100
00102000
46
12201200
02022100
12121102
01211111
02111120
02211122
00120100
00102000
12
12201200
12022100
11121102
01111111
02111120
02211122
02220100
00102000
41
11111200
12211100
11221102
01212111
02211220
02211122
02220100
00102000
16
11111200
12211100
11211102
01122111
01212220
11111222
01220120
00102000
88
11111200
11211100
11111102
01112111
22211220
12111122
01220110
00102001
82
11111200
11222221
11111201
01112111
22211220
12111122
01220110
00102001
81
11111201
11222211
11112101
01112111
22212220
12122222
01222110
00102001
68
11111201
11222211
11112101
01112111
22112220
12112222
01221220
00102221
87
11111201
11222211
11112101
01111111
22112120
22112212
22221111
00102221
28
11111201
11222211
11112221
01111221
21112120
21112212
21121111
01102221
71
11111111
11222111
12111221
22222221
22112120
21212212
21121111
01102221
48
11111111
11222111
12111221
22222221
22112120
21212212
22111111
21111111
85
