00000000
00000000
00000000
00021000
00012000
00000000
00000000
00000000
34
00000000
00000000
00200000
00121000
00012000
00000000
00000000
00000000
56
00000000
00000000
00200000
00221000
00211000
00001000
00000000
00000000
23
00000000
00000000
01200000
00121000
00212000
00001200
00000000
00000000
32
00000000
00100000
01102000
00122000
00212000
00001200
00000000
00000000
52
00000000
00101000
01101000
00122200
00211000
00001200
00000000
00000000
63
00200000
00201000
01201100
00221200
00211000
00001200
00000000
00000000
25
00200000
00201200
01202200
00221200
01111000
00001200
00000000
00000000
43
00200000
00201200
02112200
20111200
01111000
00001200
00000000
00000000
21
01200000
00101200
02112200
20211200
01121000
00002200
00000200
00000000
73
01200000
00101200
02111120
20211102
01121000
00002200
00000200
00000000
46
01200000
00101200
02111120
20222222
01111000
00012200
00000200
00000000
12
01200000
10101200
01111120
20122222
01121000
00022200
00020200
00000000
72
01200000
10101110
01111120
20122222
22221000
00022200
00020200
00000000
36
01200000
10101110
22222220
20121222
22111000
00122200
00020200
00000000
65
01200000
10101110
22222120
20221122
22211100
00222200
00220200
00000000
48
01200000
10101110
22222120
20221122
22211100
00212200
00220200
00012000
78
01202000
10102210
22222120
20221122
22211100
00211200
00220100
00012010
28
01202000
10102210
22222120
20221122
22211100
00211200
02220100
01012010
75
01202002
10102220
22222210
20222112
22221110
00211200
02220100
01012010
57
01202002
10102220
22222210
20222112
22222110
00211200
02222220
01012010
24
01202002
10102222
22222220
21111212
22122110
00211200
02222220
01012010
88
22202002
20102222
22222220
21111212
22121110
00211100
02222210
01012011
18
22202002
20102222
22222220
21111222
22222222
00111100
01222210
11012011
61
22222102
20202122
22212220
21111122
22222122
00111100
01222210
11012011
42
22222102
20211122
22121220
21112122
22222222
00111120
01222210
11012011
16
22222102
20211122
22121220
21112122
21222222
20111120
22222210
11012011
86
22222102
20211122
22121220
21112122
21222212
20111111
22222210
11222011
22
22222222
21111222
21122220
21122122
21222212
20111111
22222210
11222011
26
22222222
21111222
21122220
21122122
21222212
21111122
21222222
11222011
83
22222222
21111222
21111111
21122111
21222111
21111121
21222221
11222011
68
