00000000
00000000
00000000
00021000
00012000
00000000
00000000
00000000
43
00000000
00000000
00012000
00012000
00012000
00000000
00000000
00000000
63
00000000
00000000
00011100
00011000
00222000
00000000
00000000
00000000
46
00000000
00000000
00011100
00011000
00212000
00020000
00200000
00000000
47
00000000
00002000
00012100
00012000
00212000
00010000
00210000
00000000
24
00000000
00002020
00012200
01012000
00112000
00010000
00210000
00000000
62
00000200
00002220
00011200
01012000
00112000
00010000
00210000
00000000
71
00000210
00002120
00011200
01012000
02222000
00010000
00210000
00000000
56
00000210
00022120
00021200
01021000
02221000
00011000
00210000
00000000
28
00000210
00022120
00021200
01021000
02222000
00011200
00110000
01000000
36
00000210
00022120
00022200
01022200
02212000
00111200
00110000
01000000
76
00000210
00022120
00022200
01022200
02222000
00211110
02110000
01000000
33
00000210
00022120
00122200
01012200
02222000
00222110
02222000
01000000
41
00010210
00222120
00122200
01012200
02222000
00222110
02222000
01000000
82
00010210
00222121
00122202
01012200
02222000
00222110
02222000
01000000
73
00010210
00222111
00111112
01012100
02221000
00212222
02122000
01000000
48
00010210
00222211
00111212
01012200
02222200
00212222
02112000
01010000
22
20010210
02111111
00211212
01022200
02222200
00212222
02112000
01010000
18
20010210
02111111
00211112
01021200
02212200
00112222
22222000
11010000
38
20010210
02111111
02211112
02021200
02212200
00112222
22122000
11110000
58
20010222
02111122
02211212
02022200
02221200
00211222
22111000
11111000
67
22010222
02211122
02221112
02022100
02221100
00211122
22111100
11111000
13
22010222
02211122
12111112
21022100
02121100
00211122
22111100
11111000
31
22110222
01111122
12111112
21022100
02221100
02211122
22111100
11111000
15
22110222
01111122
12111112
11022100
11112100
01211222
22222220
11111000
68
22110222
22222222
12111112
11022100
11112100
01211122
22221120
11111100
16
22110222
22222222
12111122
11022102
11112100
11211122
11221120
11111100
51
22111222
22211222
12111122
11022222
11112200
11212122
11221120
11111100
85
22111222
22211222
12111122
11022222
11112221
11212122
11221120
11111100
88
22111222
22211222
12111122
11022222
11112221
11212122
11221220
11111121
87
