00000000
00000000
00020000
00022000
00021000
00000000
00000000
00000000
33
00000000
00000000
00120000
00012000
00022200
00000000
00000000
00000000
66
00000000
00000000
00120000
00012000
00021200
00000200
00000200
00000000
75
00000000
00000000
00120000
00012200
00021210
00000200
00000200
00000000
77
00000000
00000000
00120000
00012200
00021222
00000100
00000210
00000000
35
00000000
00000000
00120000
00012200
02222222
00000100
00000210
00000000
84
00000000
00000000
00122000
00022201
02222212
00000100
00000210
00000000
68
00000000
00000000
00122002
00022202
02222212
00000100
00000110
00000100
15
00000000
00000000
00122002
00022202
11122112
00020100
00000110
00000100
32
00000000
00120000
00122002
00021202
11122112
00020100
00000110
00000100
63
00000000
02220000
00211102
00021102
11122112
00020100
00000110
00000100
11
10000000
01220020
00111202
00012102
11121112
00020100
00000110
00000100
52
10000000
01111020
00111202
02012102
11221112
00020100
00000110
00000100
23
10020000
01122020
01121202
01022102
11221112
00020100
00000110
00000100
37
10020000
01122020
01121202
01022102
11221112
00020100
00120110
00000100
57
10020000
01122020
01121202
01022102
11122112
00012100
00111110
00000100
62
12020000
01211120
01121102
01022102
11122112
00012100
00111110
00000100
82
12020000
01211111
01121102
01022102
11122212
00012220
00111110
00000100
86
12020000
01211111
01121101
01022101
11122211
00012111
00111210
00000120
31
11120000
01111111
01121101
01022101
11222211
02012111
00111210
00000120
36
11120000
01211111
02121101
21021101
11212211
02112111
00111210
00000120
34
11120020
01211211
02112101
21121101
11212211
02112111
00111210
00000120
88
11120020
01211211
22112101
22121101
11212211
02112111
00111210
00000111
12
11120020
11211211
11112101
12121101
11222211
02122111
00221210
00020111
27
11120020
11211211
11112101
12121101
11222211
01122121
01111222
00020111
74
11120020
11211211
11112101
12121111
11222111
02121121
22222222
00020111
58
11120020
11211221
11112221
12121221
11222121
02121121
22211122
00021111
38
11120022
11211222
11112222
12121222
11222122
02121122
22111122
00111111
28
11120022
11211222
11112222
12121222
11222122
01221122
22111122
21111111
61
11120122
11211122
11112122
12121122
11222122
22221122
22111122
21111111
51
