00000000
00000000
00000000
00021000
00012000
00000000
00000000
00000000
56
00000000
00000000
00000000
00022200
00011000
00001000
00000000
00000000
73
00000000
00000000
00000010
00022100
00021000
00021000
00000000
00000000
36
00000000
00000000
00000010
00022100
00021000
00121000
00020000
00000000
58
00000000
00000000
00000010
00022100
00021000
00121000
00020000
00021000
63
00000000
00000002
00000120
00021200
00012000
00121000
00020000
00021000
34
00000000
00000002
00200120
00121200
00012000
00121000
00020000
00021000
38
00000000
00000002
00202220
00122200
00012000
00121000
00010000
00111000
52
00000000
00001002
00201220
00121200
00011000
02221000
00010000
00111000
27
00000000
00001002
00201220
00121200
00012000
02122200
01010000
00111000
74
00000000
00001002
02201120
00221110
00022000
02122200
01010000
00111000
35
00000000
00001002
02201120
00222222
00122000
02122200
01010000
00111000
65
00000000
00001002
02201120
00222122
00121100
02221200
02010000
20111000
16
00002000
00002002
02202120
00222122
00121100
11111200
01010000
20111000
43
00002000
00002202
02211220
00211222
00111200
11111200
01010000
20111000
24
00002000
00002202
02212220
01112222
00112200
11112200
01012000
20111000
61
00002100
00001202
02212220
22222222
00112200
11112200
01012000
20111000
76
00002100
00001202
02212220
22221222
00112220
11111210
01012000
20111000
72
00002100
00001112
02212110
22221212
00122210
11112210
01012200
20111000
42
00002100
00011112
02211110
22221112
00122210
11112220
01012202
20111000
41
00011100
00011112
02222222
22221122
00122210
11112220
01012202
20111000
32
00011100
00111112
02112222
22121122
02222210
11112220
01012202
20111000
22
00011100
01111112
01112222
21121222
01222220
11112222
01012202
20111000
77
00011100
01111112
01112212
21111212
01221210
11112112
01011212
20111020
68
00011100
01111112
01112212
21111212
01222210
11222112
01222222
20111120
88
00211100
01221112
01212212
21211212
01222210
11222112
01222212
20111111
28
00211100
01221112
01212212
22211112
22221210
11212112
01122212
21111111
13
00222220
01221212
11212212
11211112
12121210
11212112
01122212
21111111
85
02222220
02221212
12212212
12211112
12121211
11212111
01122211
21111111
11
12222220
01221212
12112212
12221112
12221211
12212111
22222211
21111111
81
