00000000
00000000
00000000
00012000
00022200
00000000
00000000
00000000
64
00000000
00000000
00200000
00021100
00022200
00000000
00000000
00000000
46
00000000
00000000
00200000
00021100
00022200
00010200
00000000
00000000
43
00000000
00000000
00210200
00011200
00012200
00010200
00000000
00000000
77
00000000
00000000
00210200
00011200
00012200
00020100
00200010
00000000
72
00000000
00000210
00210200
00011200
00012200
00020100
00200010
00000000
61
00000100
00000110
00222100
00012100
00012100
00020100
00200010
00000000
47
00000100
00000110
00222100
00222100
00012100
00010100
00210010
00000000
35
00000100
00000110
00221100
00212100
02222100
00010100
00210010
00000000
24
00000100
00000110
02221100
02212100
02122100
00010100
00210010
00000000
15
00000100
00000110
02221100
02212100
11122220
00010100
00210010
00000000
22
00000100
01000110
01121100
01212100
11122220
00010200
00222010
00000000
86
00000100
01000110
01121100
01212102
11122220
00010201
00222010
00000000
85
00000100
01000110
01121100
22212102
11111111
00010201
00222010
00000000
13
00000100
01000110
11121100
11212102
11221111
00210201
00222010
00000000
26
00000100
01000110
11121100
11212102
11122111
01112201
00222010
00000000
42
20000100
02010110
11211100
11222102
11122111
01112201
00222010
00000000
58
20000100
02010110
11211100
11221102
11121111
01111201
00211020
00001002
48
20000100
22010110
12211100
11221102
11121111
01111201
00111020
00011002
83
20000100
22010110
12211101
11222221
11121111
01111201
00111020
00011002
68
20000100
22010110
12211101
11222221
11221211
01212201
00221010
00211102
67
20020100
22020110
12221101
11222121
11221111
01212101
00221110
00211102
28
20020100
22020110
12222221
11222121
11221111
01212101
00121110
01111102
27
20020100
22020110
12222121
11221121
11211111
01112101
01122222
01111102
21
21020100
21022110
11222221
11221121
11211111
01112101
01122222
01111102
82
21020120
21022221
11222221
11221121
11211111
01112101
01122222
01111102
81
21020111
22222211
11222121
11221121
11211111
01112101
01122222
01111102
31
21120111
21112211
11121121
11121121
11211111
02112101
22222222
01111102
76
21120111
21112211
11121121
11121121
11211111
02112111
22222222
01111122
16
21120111
21112211
11121121
11121121
11211111
11112111
21222222
22222222
51
