00000000
00000000
00000000
00021000
00012000
00000000
00000000
00000000
56
00000000
00000000
00000000
00022200
00011000
00001000
00000000
00000000
53
00000000
00020000
00002000
00021200
00011000
00001000
00000000
00000000
33
00000000
00020000
00102000
00021200
00211000
00001000
00000000
00000000
73
00000000
00020000
00102010
00022220
00211000
00001000
00000000
00000000
25
00000000
00020000
00202010
02022220
01111000
00001000
00000000
00000000
75
00000000
00020000
00202010
02022210
01112010
00001200
00000000
00000000
62
00000000
00020100
00201010
02012222
01112020
00001200
00000000
00000000
63
00000000
00022100
00202210
02012222
01112020
00001200
00000000
00000000
43
00000000
00022100
00211110
02012222
22222020
00001200
00000000
00000000
41
00010000
00011100
00211110
02222222
22222020
00001200
00000000
00000000
46
00010000
00011100
00211110
02212122
22212020
00022200
00002000
00000000
86
00010000
00011120
00211220
02212122
22212010
00022201
00002000
00000000
14
00010000
00011120
02211220
12212122
22222010
00022201
00002000
00000000
13
00010000
20011120
22111220
22212122
22222010
00022201
00002000
00000000
37
00010000
20011120
22111220
22212122
22221010
00222201
00102000
00000000
48
00010000
20011120
22111220
22212122
22221010
00222101
00201000
02010000
83
00010020
20011220
22112111
22222122
22221010
00222101
00201000
02010000
38
00010020
20222220
22122111
22122122
22121010
00122101
00101000
02110000
18
00010020
20222220
22122111
22122122
22121010
00122101
00102000
11112000
31
00110020
20112220
22121111
22122122
22221010
02222101
00102000
11112000
16
00110020
20112220
22121211
22122222
21222210
11111101
00102000
11112000
51
00111020
20111120
22121211
22122222
21222210
11111201
00102020
11112000
81
00111021
20111110
22121111
22221222
21222210
11112201
00102220
11112000
85
00111021
20111110
22121111
22221211
22222211
11222201
00122220
11112000
27
02111021
20211110
22121111
22221211
22212211
11122201
01122220
11112000
88
02111021
20211110
22121111
22211211
22211211
22122101
22222210
11112001
11
11111021
10222222
12121121
12211211
12211211
12122101
12222210
11112001
76
11111021
10222222
12121121
12211221
12211121
12122121
12222220
11112021
68
11111021
10222222
12121122
11211222
12111122
12112122
12222222
11111111
61
