00000000
00000000
00020000
00022000
00021000
00000000
00000000
00000000
53
00000000
00000000
00021000
00022200
00021000
00000000
00000000
00000000
75
00000000
00000000
00022200
00022100
00021010
00000000
00000000
00000000
42
00020000
00020000
00021200
00022100
00021010
00000000
00000000
00000000
35
00020000
00020000
00021200
00012100
00112010
00002000
00000000
00000000
57
00020000
00020000
00021200
00012100
00121010
00201000
00001000
00000000
34
00020000
00020000
00221200
00212100
00211010
00201000
00001000
00000000
73
00020000
00020020
00221210
00212100
00211010
00201000
00001000
00000000
81
00020001
00020010
00221110
00221100
00221010
00221000
00001000
00000000
31
00120001
00010010
00221110
00222100
00222210
00221000
00001000
00000000
37
00120001
00010010
00221110
00222100
00221210
00222000
00121000
00000000
32
00120001
00110010
00122222
00122100
00121210
00122000
00121000
00000000
58
00120001
00210010
02222222
00222100
00121210
00122000
00111000
00001000
24
00120001
00210010
02122222
02211100
02221210
00122000
00111000
00001000
26
00120001
00210010
02122222
02221100
02221210
02122000
20111000
00001000
15
00120001
00210010
02122222
22221100
11111210
01122000
20111000
00001000
82
00120001
00210011
02122212
22221100
22111210
22222000
20111000
00001000
62
00120001
00210111
02121112
22211100
22111210
22222000
20112000
00001200
76
00120001
00210111
02121112
22211100
22111110
22222010
20212000
02001200
78
00120201
00210121
02121112
22211100
22111110
22222010
20212000
02001110
71
02220211
00210111
02121112
22211100
22111110
22222010
20212000
02001110
27
02220211
00210111
02121112
22211100
22211110
22222010
22222000
02201110
22
02220211
01110211
02121212
22211200
22211210
22222210
22222000
02201110
13
02222211
01120211
11221212
22211200
22111210
22212210
22221000
02201110
48
22222211
02120211
11221212
22211200
22111210
22212210
22211000
02211110
18
22222211
22120211
12221212
12211200
12111210
12112210
11211000
11111110
84
22222211
22120211
12221211
12211201
12111210
12112210
11222200
11111110
77
22222211
22120211
12221211
12221201
12112210
12112210
11111120
11111112
87
22222211
22120211
12221211
12221201
12112222
12112210
11111111
11111112
86
22222211
22120211
12221211
12222221
12112211
12112211
11111111
11111112
52
