00000000
00000000
00000000
00222000
00021000
00000000
00000000
00000000
35
00000000
00000000
00000000
00222000
00221000
00200000
00000000
00000000
25
00000000
00000000
00000000
00222000
01121000
00220000
00000000
00000000
57
00000000
00000000
00000000
20222000
02121000
00210000
00001000
00000000
33
00000000
00000000
02100000
20212000
02121000
00210000
00001000
00000000
53
00000000
00000000
02101000
20211000
02122200
00210000
00001000
00000000
26
00000000
00000000
02101200
20212000
02122200
01110000
00001000
00000000
75
00000000
00000000
02101200
20212000
02111110
01210000
00021000
00000000
24
00000000
00000000
02101200
21212000
01122110
01222000
00021000
00000000
37
00000000
00000000
02101200
21212000
01122210
01122020
00111000
00000000
73
00000000
00000000
02101110
21212000
22222210
01122020
00111000
00000000
77
00000000
00000000
02101110
21212000
22222210
01222010
00122010
00002000
22
00000000
21000000
02101110
21212000
22222210
01222010
00122010
00002000
43
00000000
21000000
02111110
21211020
22222210
01222010
00122010
00002000
48
00000000
21000200
02112110
21221020
22212210
01212010
00112010
00012000
27
00000000
21000200
02112110
21221020
22212210
22222010
01112010
00012000
51
00001000
22200100
02222110
21222020
22212210
22222010
01112010
00012000
66
00001020
22200200
02222110
21222020
22212210
22222110
01111010
00012000
42
00201020
22220200
02112110
21212020
22212210
22222110
01111010
00012000
11
10201020
21220200
02112210
21212220
22212210
22222110
01111010
00012000
61
10201120
21220100
02112110
21212120
22212110
22222110
02211010
02012000
81
10201111
22220100
22112110
22212120
22212110
22222110
02211010
02012000
38
10201111
22220100
22112110
22112120
22112210
22122120
02111012
02112000
17
10201111
12220100
12112110
12112120
12112210
11122220
11111022
02112002
83
10201111
12220100
12112111
12212110
12122110
11122220
11111222
02112002
52
10201111
11111100
12111111
12222222
12121120
11121220
11111222
02112002
85
12201111
12211100
12121111
12222211
12121111
11121220
11111222
02112002
78
12201111
12211102
12121121
12222211
12121111
11121210
11111112
02112012
72
12201111
12211112
12121111
12222211
12121111
11121210
11112212
02112222
41
