00000000
00000000
00000000
00021000
00012000
00000000
00000000
00000000
43
00000000
00000000
00010000
00011000
00222000
00000000
00000000
00000000
66
00000000
00000000
00010000
00011000
00222200
00000100
00000000
00000000
36
00000000
00000000
00010000
00011000
00212200
00100200
00000020
00000000
34
00000000
00000000
00012000
00112000
00112200
00100200
00000020
00000000
75
00000000
00000000
00012000
00112002
00111120
00100200
00000020
00000000
62
00000000
00000100
00011000
00112002
00121120
00200200
02000020
00000000
46
00000000
00002100
00012000
00112002
00111120
00210200
02000020
00000000
42
00000020
00011200
00012000
00112002
00111120
00210200
02000020
00000000
26
00000020
00011200
00222000
00122002
00112120
01110200
02000020
00000000
72
00020020
00021110
00222000
00122002
00112120
01110200
02000020
00000000
63
00020020
00022222
00222100
00121002
00112120
01110200
02000020
00000000
64
00020020
00022222
00222100
00221102
02222220
02110200
02000020
00000000
24
00020020
00022222
00222100
02111102
22122220
02110200
02000020
00000000
18
00020020
00022222
00222100
02111102
22222220
02120200
01002020
10000000
31
00120020
00012222
02221100
02211102
22222220
02120200
01002020
10000000
37
00120020
00012222
02221200
02222222
22221220
02110200
01102020
10000000
68
00120020
00012222
02221200
02222222
22221220
02210200
01201020
10200100
51
00111020
00011222
02221200
02222222
22222220
02222200
01201020
10200100
22
00111020
01011222
01221200
01222222
21222220
01222200
01202020
10202100
81
00111221
01012212
01221100
01221222
21212220
01122200
01202020
10202100
85
00111221
01012212
01221100
01221212
21211111
01122200
01202020
10202220
76
00111221
01012222
01222220
01221222
21211121
01111120
01202020
10202220
32
00111221
01112222
01112220
01121222
21111221
01111220
01202220
10202220
83
00111221
01112221
21111111
02121211
21211121
01121220
01202220
10202220
28
00111221
01112221
21111111
02121211
21211121
02111220
21102220
11202220
16
00111221
22222221
22111111
02221211
21221121
11112220
11102220
11202220
47
00111221
22222221
22111111
02221211
21221121
12121220
11222220
11222220
88
00111221
22222221
22111111
02221211
21221121
12121120
11222222
11111111
14
02222221
22222221
21121111
11112211
11221221
12121120
11222222
11111111
11
11111111
11222221
11121111
11112211
11221221
12121120
11222222
11111111
86
