00000000
00000000
00000000
00021000
00012000
00000000
00000000
00000000
43
00000000
00000000
00210000
00021000
00012000
00000000
00000000
00000000
34
00000000
00000000
00222000
00112000
00012000
00000000
00000000
00000000
65
00000000
00000000
00222000
00112000
00011200
00000020
00000000
00000000
42
00000000
00010000
00212000
00222000
00222200
00000020
00000000
00000000
87
00002000
00020000
00212000
00221000
00222100
00000010
00000001
00000000
63
00002000
00020000
00211100
00221000
00222220
00000010
00000001
00000000
74
00002000
00020020
00211200
00222010
00222210
00000010
00000001
00000000
23
00002000
20020020
02111200
00222010
00222210
00000010
00000001
00000000
66
00002000
20220020
02221200
00212010
00221210
00000110
00000001
00000000
21
01002000
20120020
02212200
00222210
00221110
00000110
00000001
00000000
62
01002000
20120120
02212100
00222210
00221120
00000112
00000001
00000000
14
01002000
20120120
22212100
10222210
00221120
00000112
00000001
00000000
73
01002000
20120120
22212110
10222110
00222120
00000222
00000021
00000000
31
01102000
20110220
22211120
10222222
00222120
00000222
00000021
00000000
11
11122000
10220220
12221120
10222222
00222120
00000222
00000021
00000000
71
11122010
10220120
12221120
10222222
00222120
00000222
00000022
00000002
25
11122010
10220120
12221120
10222222
01122220
00002222
00000022
00000002
85
11122010
10222220
12222120
10222212
01111111
00002222
00000022
00000002
22
11122010
11222220
12122120
10222212
01122111
00022222
00000022
00000002
47
11122010
11222220
12222120
12222212
01222111
00021222
00010022
00000002
61
11111110
11221120
12212120
12122212
02222111
02021222
00010022
00000002
78
11111110
11221120
12212120
12122212
02222111
02022212
00012012
00000012
67
11111110
11221120
12212120
12122212
02222111
02221112
00011112
00000012
37
11111110
11221120
12212120
12122212
02122111
02221112
02222222
00000012
16
11111110
11221120
12212120
12122212
01222111
12111112
22222222
00000012
81
11111111
11221110
12212120
12122212
01222111
12111112
22222222
00000222
15
11111111
11222222
12112120
11122212
11222111
12111112
22222222
00000222
18
11111111
11222222
12112122
11122222
11222211
12112112
11222222
10000222
38
11111111
11222222
12112122
11122222
11222211
12112112
11222222
10120222
58
