00000000
00000000
00000000
00012000
00022200
00000000
00000000
00000000
66
00000000
00000000
00000000
00222000
00021200
00000100
00000000
00000000
64
00000000
00000000
00000000
00222100
00022100
00002100
00000000
00000000
24
00000000
00000000
00000200
01112100
00022100
00002100
00000000
00000000
46
00000000
00000000
00000200
01112200
00011200
00011200
00000200
00000000
76
00000000
00000000
00000200
01112200
00012200
00012110
00002200
00000000
72
00000000
00000010
00000100
01111200
00222200
00022110
00002200
00000000
47
00000000
00000010
00000100
01111200
00212200
00012210
00012220
00000000
74
00000000
00000010
00000100
01111110
00212100
00222210
00012220
00000000
37
00000000
00000010
00000100
01111110
00111120
00112220
00112220
00000000
88
00000000
00000010
00000100
01111110
00111120
00112120
00112222
00000001
84
00000000
00000010
20000100
02111111
00211110
00122120
00112222
00000001
58
00000000
00000010
20200100
02221111
00212110
00121220
00111222
00001001
23
00000000
02000010
22200100
02121111
00212110
00121220
00111222
00001001
25
00000000
02000010
22200100
02121111
01112110
00121220
00211222
02001001
21
01000000
01000010
21202100
01122111
01112110
00121220
00211222
02001001
68
01200000
02000010
21202100
01122111
01112110
00121120
00211122
02001101
86
01200002
02000020
21202200
01122111
01112110
00121111
00211111
02001101
27
01200002
02000020
22202200
02122111
02212110
02221111
02111111
02001101
42
01200002
02010020
22222200
02222111
02212110
02221111
02111111
02001101
11
11200002
01010020
22122200
02212111
02221110
02222111
02111211
02001121
41
11110002
01010020
22122202
02212121
02221210
02222111
02111211
02001121
16
11110002
01010020
22122202
02212121
02221210
11212111
02221211
02201121
48
11110002
01010020
22122222
02212221
02222210
11222111
02211211
02211121
17
11110002
01010020
22122222
02212221
02222210
11222111
12111211
22211121
14
11110002
01010020
22122222
11112222
01222222
11122121
12111211
22211121
71
11110012
01010012
22122222
11112212
01222212
11122111
12111211
22211121
62
11110012
01010112
22121122
21112112
22222112
21122111
22111211
22211121
52
11112012
01022212
22212122
22112112
22222112
21122111
22111211
22211121
61
11111112
01221112
22222122
22112112
22222112
21122111
22111211
22211121
12
