00000000
00000000
00000000
00012000
00022200
00000000
00000000
00000000
46
00000000
00000000
00200000
00022000
00012200
00010000
00000000
00000000
63
00000000
00000000
00202100
00022000
00012200
00010000
00000000
00000000
64
00000000
00000000
00202100
00022100
00222200
00010000
00000000
00000000
43
00000000
00000000
00211100
00012100
00212200
00020000
00200000
00000000
23
00000000
00000020
01111200
00012100
00212200
00020000
00200000
00000000
28
00000000
00000020
22222200
00012100
00211200
00010000
00100000
01000000
24
00000000
00000020
22222200
01012200
00111220
00010000
00100000
01000000
42
00200000
00020020
22112200
01012200
00111220
00010000
00100000
01000000
76
00200000
00020020
22112200
02011200
02222220
00010010
00100000
01000000
52
00200000
00021020
22111200
02011200
02222220
00010020
00100020
01000000
56
00220000
00022020
22111200
02011200
02221220
00011020
00100020
01000000
36
00220000
00022020
22111200
02011200
02211220
00211020
00200020
01200000
73
00220000
00022020
22121110
02211100
02211220
00211020
00200020
01200000
26
00220000
00022220
22121210
02211200
02111220
01111020
00200020
01200000
87
00220000
00022222
22121220
02211200
02111120
01111010
00200021
01200000
12
00220000
10022222
21122220
02112200
02212120
01122010
00202021
01200000
78
00220000
10022222
21122220
02112200
02212120
22222010
00202011
01200010
17
00220000
12022222
22222220
02122200
02112120
21222010
10202011
01200010
48
00220000
12022222
22222220
02122200
02112220
21222210
10102011
01110010
32
00220000
11122222
22112220
02121200
02112120
21222210
10102021
01110012
47
00220000
11122222
22112220
02121200
02112120
21211222
10112022
01110012
81
00220001
11122212
22112220
02121220
02112120
21211222
10112022
01110012
85
00220001
11122212
22112220
02121220
02112111
22211222
12222022
01110012
14
00220021
11122222
11112220
11121220
02112111
22211222
12222022
01110012
68
00220021
11122222
11112220
11121220
02112111
22211222
22221022
21110112
15
00220021
11122222
11112220
11121220
11112111
21211222
22122222
21110112
61
00222111
11122222
11112120
11121120
11112111
21211222
22122222
21110112
58
00222111
11122222
11112120
11121122
11112122
21111212
22111122
21111112
83
02222111
12222211
12122111
12122112
12112222
22111222
22111122
21111112
11
