00000000
00000000
00000000
00021000
00012000
00000000
00000000
00000000
43
00000000
00000000
00010000
00011000
00222000
00000000
00000000
00000000
66
00000000
00020000
00020000
00021000
00221000
00000100
00000000
00000000
36
00000000
00020000
00020000
00021000
00212000
00100200
00000020
00000000
41
00010000
00010000
00010000
00011000
00212000
00200200
00200020
00000000
25
00010000
00010000
00210000
00021000
01112000
00200200
00200020
00000000
56
00010000
00010000
00210000
00221000
01211000
00201200
00200020
00000000
76
00012000
00020000
00210000
00221000
01211000
00201110
00200020
00000000
88
00012000
00020000
00210000
00222200
01211000
00201110
00200010
00000001
47
00012000
00020000
00210000
00222200
01221000
00201110
02210010
00000001
23
00012000
02020000
01210000
00122200
01211000
00201110
02210010
00000001
63
00012000
02020000
01222100
00121200
01211000
00201110
02210010
00000001
74
00012000
02020000
01222100
00122110
01222200
00201110
02210010
00000001
32
00012000
02120000
01112100
00121110
01222100
00201110
02220010
00002001
11
10012000
01120000
01112100
00121210
01222220
00201110
02220010
00002001
46
10012000
01120020
01112200
00112210
01222220
00211110
02220010
00002001
26
10012000
01120020
01112200
20112210
02122220
01211110
02220010
00002001
84
10012000
01120020
01112200
20112211
02122210
22211110
02220010
00002001
61
10011100
01120020
01112200
20112211
02122220
22222222
02220010
00002001
17
10011100
22220020
02112200
20212211
02122220
21222222
12220010
00002001
48
10011100
22220020
02112200
20212221
02112222
21212222
12110010
00012001
24
10011100
22220020
02112200
21112221
01112222
21212222
12110020
00012021
21
11011100
21120020
22222200
21112221
01112222
21212222
12110020
00012021
73
11211100
22220020
22222210
21112121
01111222
21212222
12110020
00012021
83
11222220
22220020
22222221
21112121
01111122
21211222
12110020
00012021
68
11222220
22220020
22222221
21112121
01111222
21212222
12220020
00211111
28
11222220
22220020
22222221
22112121
22222222
21212222
11120020
01111111
67
11222220
22220022
22222222
22112122
22212122
21211122
11120120
01111111
87
11222220
22220022
22222222
22112122
22212122
21222212
11122111
01111111
81
11111111
22222011
22222221
22111121
22212121
21222211
11122111
01111111
62
