00000000
00000000
00000000
00222000
00021000
00000000
00000000
00000000
35
00000000
00000000
00000000
00222000
00121000
00020000
00000000
00000000
57
00000000
00000000
00000000
00222000
00122200
00010000
00001000
00000000
64
00000000
00000000
00000000
00222100
00122200
00012000
00001000
00000000
24
00000000
00000000
00000000
01111100
00122200
00222000
00001000
00000000
75
00000000
00000000
00000000
01111120
00111210
00222000
00001000
00000000
84
00000000
00000000
00200000
01211111
00211210
00222000
00001000
00000000
25
00000000
00000000
00200000
01211111
01111210
00222000
00002000
00000200
27
00000000
00000000
00200000
01221111
01112210
00122200
01002000
00000200
47
00000000
00000000
00200000
01221111
01212110
02222200
01012000
00000200
42
00000000
00010000
00100000
22221111
02212110
02222200
01012000
00000200
48
00000000
00010000
00100000
22221111
02212110
02222200
01011020
00010200
23
00000000
00010000
01100020
21121211
01212110
01222200
01011020
00010200
88
00000000
00010000
01100020
21111211
01211110
02222100
21011010
00010201
62
00000000
00010100
01100010
21111211
01211110
02222100
21021010
00210201
53
00000020
00010200
01102010
21121111
01211110
02222100
21021010
00210201
37
00000020
00010200
21102010
22121111
01211110
02122100
21112010
00210201
15
00000020
00010200
22222010
21121111
11211110
01122100
21112010
00210201
28
00002020
00020200
22222010
21121111
11211110
01122100
21112010
01110201
12
00002020
10020200
11222012
11121121
11211210
01122100
21112010
01110201
41
00012020
10010200
11212012
11111121
11211220
01122220
21112010
01110201
87
00012020
10010202
11212022
11111221
11212120
01122210
21112011
01110201
32
00012020
10110202
11112022
11111222
11212122
01122210
21112011
01110201
86
00012020
10112202
11112022
11112122
11212112
01122211
21112011
01110201
61
00011120
10111202
11112022
11112122
11212112
01122221
21112211
01110201
81
00011111
10111201
11112221
11112221
11212211
01122221
21112211
01110201
58
00011111
12222201
11211221
11121221
11212211
01121211
21111111
01111201
31
00111111
11112201
11111221
11121221
11212221
01121221
21111121
01111221
72
02111111
12211111
12121121
12122221
12212221
02121221
22111121
22222221
11
11111111
11211111
12121121
12122221
12212221
02121221
22111121
22222221
16
