00000000
00000000
00000000
00012000
00022200
00000000
00000000
00000000
64
00000000
00000000
00020000
00022100
00022200
00000000
00000000
00000000
66
00000000
00000000
00020000
00022220
00022100
00000100
00000000
00000000
35
00000000
00000000
00020000
00022220
00122100
00020100
00000000
00000000
33
00000000
00000000
00120000
00222220
00121100
00020100
00000000
00000000
37
00000000
00000000
00120000
00222220
00122200
00012100
00100000
00000000
53
00000000
00020000
00122000
00222220
00122200
00012100
00100000
00000000
62
00000000
00020100
00121000
00212220
00122200
00012200
00100200
00000000
84
00000000
00020100
00121020
00211211
00122200
00012200
00100200
00000000
75
00000000
00020100
00122220
00211211
00111210
00012200
00100200
00000000
76
00000000
00020100
00122220
00212211
00112110
00012110
00102200
00000000
32
00000000
00120100
00112220
00211211
00112110
00022110
00202200
02000000
68
00000020
00120200
00112220
00211211
00112110
00012110
00201100
02000100
52
00000020
00111200
00111120
00211221
00112120
00012220
00201120
02000100
47
00000020
00111200
00111120
00211221
00112120
00011220
00212120
02020100
27
00000020
00111200
00111120
02211221
00212120
00021220
01112120
02020100
25
00000020
02222200
00211120
02121221
01112120
00021220
01112120
02020100
21
01000020
02122200
00211120
02121221
01112220
00022220
01122120
02220100
12
01000020
11122200
00211120
02121221
01112220
00022220
01122220
02220120
58
01000020
11122200
00211120
02121221
22222220
00021220
01121220
02221120
51
01001020
11121100
02211110
02221221
22222220
00021220
01121220
02221120
86
01201020
11221100
02211110
02221121
22222210
00021111
01121210
02221120
16
01201220
11221200
02211210
02121221
21222210
10021111
01121210
02221120
81
01201111
11221202
02211220
02121221
21222210
10021111
01121210
02221120
18
01201111
11221202
02211220
02121221
21222210
10021121
01121222
11111120
36
01201111
12221202
22211220
02121221
21112210
10111121
01111222
11111120
14
01201111
12221202
12211220
11121221
11112222
10111122
01111222
11111120
11
11201111
11221202
12112220
12121221
12211222
12222222
01111222
11111120
83
11221111
11222201
12111211
12121221
12211122
12221222
01111222
11111120
72
11221111
11111111
12111111
12121221
12211122
12221222
22222222
11111120
88
