00000000
00000000
00000000
00021000
00012000
00000000
00000000
00000000
56
00000000
00000000
00000000
00021000
00021000
00021000
00000000
00000000
33
00000000
00000000
00100000
00011000
00022200
00021000
00000000
00000000
66
00000000
00000000
00100000
00011200
00022200
00021100
00000000
00000000
34
00000000
00000000
00100000
00111200
00012200
00022100
00002000
00000000
76
00000000
00000000
00102000
00112200
00012100
00022110
00002000
00000000
63
00000000
00000000
00102100
00121100
00222100
00022110
00002000
00000000
25
00000000
00000000
00102100
00121200
01111120
00022210
00002000
00000000
43
00000000
02000000
00211100
00121200
01112120
00022210
00002000
00000000
36
00000000
02000000
00211100
00221200
01212120
00221110
00202000
00000000
47
00000000
02000000
00211100
00221200
01222220
00112210
00212200
00000000
86
00000000
02200000
00221100
00222100
01222210
00112211
00212200
00000000
74
00000000
02200000
00222220
00222210
01222110
00111211
00212200
00000000
62
00000000
02200100
00222120
00222110
01222210
00111221
00212202
00000000
83
00000200
02200200
00222211
00222210
01222210
00111221
00212202
00000000
28
00000200
02200200
00222211
00222220
01222222
00111222
00112202
01000000
52
00000200
02201200
02211211
00221220
01221222
00111222
00112202
01000000
13
00000200
02201200
12111211
02221220
01221222
00111222
00112202
01000000
21
01000200
01122200
11122211
01221220
01221222
00111222
00112202
01000000
77
01000200
01122200
11122211
01221210
01221212
00121212
00112222
01000200
51
01001200
01111100
11121211
01221210
02221212
20121212
00112222
01000200
71
01001110
01111100
11121211
01221210
02221212
20121212
00122222
01020200
58
01001110
01111100
11121211
22221210
02221212
20121212
00111122
01021200
72
01021110
01222110
12121211
22221220
02221212
20121212
00111122
01021200
38
01021110
01222110
12121211
22221220
02221212
20121212
00111122
22222200
26
01021110
01222222
11121221
21211220
01121212
21121212
00111122
22222200
84
01021110
01222122
11221211
22211111
22221212
22121212
00211122
22222200
27
01021110
01222122
11221211
21211111
21221212
21122212
01111222
22222220
31
01111110
01112122
11121211
21111111
21121212
21122212
22222222
22222220
81
21111111
02112111
11221111
21121111
21122212
21122212
22222222
22222220
12
21111111
11112111
11221111
21121111
21122212
21122212
22222222
22222220
88
