00000000
00000000
00000000
00021000
00012000
00000000
00000000
00000000
65
00000000
00000000
00000000
00022200
00011100
00000000
00000000
00000000
73
00000000
00000000
00000010
00022100
00012100
00002000
00000000
00000000
46
00000000
00000000
00000010
00022100
00021100
00022000
00020000
00000000
38
00000000
00000000
00000010
00022100
00022220
00021000
00010000
00100000
53
00000000
00020000
00002010
00021200
00021220
00021000
00010000
00100000
34
00000000
00020000
00002010
00111200
00011220
00022200
00010000
00100000
77
00000000
00020000
00002010
02222200
00011220
00022100
00010010
00100000
33
00000000
00020000
00102010
02212200
00011220
00022100
00020010
00120000
37
00000000
00020000
00102010
02212200
00011220
02012100
00220010
00120000
67
00000000
00020000
00102010
02212200
00011220
02011100
00220110
02220000
23
00000000
00020000
01122010
02122200
00021220
02021100
00220110
02220000
36
00000000
00020000
01122010
02222200
02021220
02211100
00220110
02220000
27
00000000
00020000
01122010
01222200
01022220
01212200
01222110
02220000
52
00000000
00021000
01112010
01122200
01022220
22212200
02222110
02220000
76
00000000
00021000
01112010
01121200
01022120
22212120
02222220
02220020
35
00002000
00022000
01112010
01121200
01111120
22212120
02222220
02220020
86
00002000
00022000
01112010
22221200
02111120
22212111
02222220
02220020
61
00002100
00021000
01112010
22221200
02111122
22212121
02222220
02220020
31
00102100
00011002
01111020
22221200
02112112
22222121
02222220
02220020
63
00102100
20011002
02111120
22221100
02112112
22222121
02222220
02220020
41
00111100
20011002
02111120
22222220
02112222
22222121
02222220
02220020
88
00111100
20011022
02111220
22222220
02112222
22222121
02222210
02220021
68
00111100
20211022
02221220
22222220
02112222
22212121
02221110
02220111
71
00111110
20211012
02221210
22222210
02112212
22212121
02222210
02222111
84
00111110
20211012
02221222
22222221
02112211
22212121
02222210
02222111
62
00111110
20211112
02221112
22222122
02112112
22212122
02222222
02222111
18
00111112
20211122
02221212
22222122
02112112
22112122
01222222
11111111
21
01111112
20111122
02211212
22221122
02112112
22112122
22222222
11111111
13
01111112
22222222
12211212
22221122
02112112
22112122
22222222
11111111
11
11111112
11222222
12111212
22211122
02111112
22112122
22222222
11111111
15
