00000000
00000000
00000000
00021000
00012000
00000000
00000000
00000000
65
00000000
00000000
00000000
00021000
00012100
00000200
00000000
00000000
56
00000000
00000000
00000000
00021000
00021100
00022200
00000000
00000000
67
00000000
00000000
00000000
00021000
00022220
00022100
00000100
00000000
36
00000000
00000000
00000000
00021000
00012220
00111200
00000200
00000200
76
00000000
00000000
00000000
00021000
00222120
00111110
00000200
00000200
84
00000000
00000000
00000000
00022201
00222210
00111210
00000200
00000200
43
00000000
00000000
00010000
00011201
00212222
00111220
00000200
00000200
87
00000000
00000000
00012000
00022201
00212122
00111210
00000201
00000200
74
00000000
00200000
00022000
00022211
00212112
00111210
00000201
00000200
42
00000000
00210000
00011000
00012111
00222112
00211210
02000201
00000200
24
00000000
00210000
00011000
01012111
00122112
00212210
02002201
00000200
37
00000000
00210000
00011000
01012111
00122112
00122210
02202201
02000200
38
00000000
00210000
00011000
01222111
00122112
00122210
02102201
02100200
25
00000000
00210000
00011000
01122111
01122112
00122210
02102201
02220200
22
00000000
01110000
00211000
01222111
01222112
00222210
02202201
02220200
58
00000000
01110000
00211000
01221111
01221112
00221222
02201101
02221200
23
00000000
01110000
01111002
01121112
01211112
00221222
02201101
02221200
18
00000000
01110000
01111002
01121112
01211112
02221222
01201101
11111200
77
00000000
01110000
01111002
01121112
01211112
02221112
22201111
11111200
82
00000000
01110001
21111001
02121111
01211111
02221111
22201111
11111200
47
00000000
01110001
22222201
02122211
01221211
02211211
22211211
11111200
16
00000000
01110001
22222201
02122211
01221211
11111211
11211221
11111202
12
00000002
11110002
21222202
02122212
01221212
11111212
11211222
11111202
14
00200002
11220002
11222202
11122212
01221212
11111212
11211222
11111202
52
00200002
11111022
11211202
11122212
01221212
11111212
11211222
11111202
78
00200002
11111222
11212202
11122212
01221212
11111212
11211112
11111112
61
00220122
11122222
11222202
11122122
01221112
11111112
11211112
11111112
73
02220122
11222222
11121112
11122112
01221112
11111112
11211112
11111112
51
02221122
11211122
11121112
11122112
22221112
12111112
11211112
11111112
11
