00000000
00000000
00000000
00012000
00022200
00000000
00000000
00000000
64
00000000
00000000
00002000
00012100
00022200
00000000
00000000
00000000
42
00000000
00010000
00021000
00022100
00022200
00000000
00000000
00000000
46
00000000
00010000
00011000
00012100
00012200
00012000
00000000
00000000
76
00000000
00010000
00011000
00211100
00022100
00012010
00000000
00000000
57
00000000
00010000
00011200
00212100
00021100
00011010
00001000
00000000
73
00000000
00010000
00011110
00212100
00022100
00012010
00002000
00002000
35
00000000
00010020
00011210
00212100
00111100
00012010
00002000
00002000
62
00000000
00210120
00021110
00212100
00111100
00012010
00002000
00002000
33
00000000
00210120
00111110
00112100
00111200
00012020
00002002
00002000
75
00000000
00222220
00112110
00112100
00111110
00012020
00002002
00002000
47
00000000
00222220
00112120
00112102
00111110
00011020
00012002
00002000
51
00001000
00211220
00111120
00111202
00112110
00021020
00222002
00002000
38
00001000
00211220
00111120
00111202
00112222
00021020
00212002
00102000
81
00001021
00211220
00111120
00111202
00112222
00021020
00212002
00102000
67
00001021
00211220
00111120
00111202
02222222
00021020
00211102
00102000
82
00001021
00211111
00111120
00111202
02222222
00221020
00221102
00102000
28
00001021
00211111
00111110
00111102
02221222
00211020
00122222
01102000
31
00101021
00111111
02111110
00211102
02221222
00211020
00122222
01102000
61
00101111
00111111
02111110
00211102
02221222
00211020
02222222
01102000
48
00101111
00111111
02111110
00211102
02221222
00222220
02212222
01112000
24
00101111
00111111
02222222
01111102
02221222
00222220
02212222
01112000
74
00101111
00111111
02222112
22222222
02221122
00221220
02212222
01112000
17
00121111
00222111
02222212
22222222
02221122
00221220
11112222
01112000
86
02221111
00212111
02221211
22222121
02221111
00221111
11112222
01112000
11
11111111
00212111
02221211
22222121
02221111
00221111
12112222
22222000
16
11111111
00211111
02211211
22122121
22221111
20221111
22112222
22222000
12
11111111
12211111
02211211
22122121
22221111
20221111
22112222
22222000
68
11111111
12211111
02211211
22122121
22221121
20222121
22112222
22222220
13
11111111
11211111
11111211
22122121
22221121
22222121
22212222
22222220
88
