00000000
00000000
00020000
00022000
00021000
00000000
00000000
00000000
53
00000000
00000200
00022000
00021000
00021000
00000000
00000000
00000000
35
00000000
00000200
00022000
00021000
00121000
00020000
00000000
00000000
71
00000010
00000100
00021000
00012000
00122200
00020000
00000000
00000000
47
00000010
00000100
00021000
00012000
02222200
00010000
00010000
00000000
66
00000010
00000100
00021000
00222000
02221200
00010100
00010000
00000000
33
00000010
00002100
00122000
00212000
02221200
00010100
00010000
00000000
26
00000010
00002220
00122000
00212000
02121200
01010100
00010000
00000000
51
00001010
00001220
00121000
00211000
02121200
01020100
00020000
00020000
57
00001010
00001220
00121000
00222200
02121200
01010100
00021000
00020000
82
00001010
00001111
00121000
00222200
02122200
01020100
00221000
00020000
63
00001010
00001111
00121100
00222100
02122100
01020200
00221020
00020000
56
00001010
02001111
00221100
00221100
02121100
01021200
00221020
00020000
27
00001010
02001111
00221100
00221100
02121100
02021200
02211020
02020000
36
00001010
02001111
00222220
00221200
02112100
02121200
02211020
02020000
76
00001010
02001111
00222220
00222200
02112200
02121120
02211022
02020000
15
00001010
02001111
00222220
00222200
11112200
02121120
02212022
02020200
58
00001010
02001111
00222220
00222200
11112200
02122120
02221022
02221200
86
00001010
02001111
00222220
02222200
12212200
02122111
02221022
02221200
42
00021010
02022111
00122220
01222200
12222200
02122111
02221022
02221200
74
00022210
02022211
00122210
01111110
12222200
02122111
02221022
02221200
18
00022222
02022221
00122210
01111110
12222200
02122111
01221022
11111200
11
10022222
01022221
00122220
01111112
12222200
02122111
01221022
11111200
32
12022222
01211111
00122220
01112112
12222200
02122111
01221022
11111200
14
12022222
02211111
02222220
12212112
12222200
02122111
01221022
11111200
31
11122222
02111111
02122220
12112112
12122200
02122211
01222222
11111200
83
11122222
02111111
02111111
12112112
12122200
02122211
22222222
11111200
78
11122222
02111121
02111121
12112122
12112220
02121211
22222112
11111110
13
11122222
22222221
11111121
11112122
12112220
02121211
22222112
11111110
85
11122222
22222221
21111121
21112111
22111111
22121211
22222112
11111110
88
