00000000
00000000
00000000
00021000
00012000
00000000
00000000
00000000
43
00000000
00000000
00012000
00012000
00012000
00000000
00000000
00000000
64
00000000
00000000
00012020
00011200
00012000
00000000
00000000
00000000
74
00000000
00000000
00222020
00021110
00012000
00000000
00000000
00000000
52
00000000
00001000
00221020
00021110
00022000
00020000
00000000
00000000
32
00002000
00102000
00212020
00022110
00022000
00020000
00000000
00000000
72
00002000
00102010
00212010
00022222
00022000
00020000
00000000
00000000
65
00002000
00102012
00212020
00021222
00022100
00020000
00000000
00000000
56
00002000
00102012
00212020
00021222
00022200
00022200
00000000
00000000
75
00002000
00102012
00212012
00021222
00022210
00022200
00000000
00000000
61
00002100
00101222
00212022
00021222
00022210
00022200
00000000
00000000
47
00002100
00101222
00212022
00011222
00012220
00012220
00010000
00000000
63
00002100
00101122
00211222
00012222
00022220
00222220
00010000
00000000
87
00002100
00101122
00211222
00011222
00022120
00222222
00010001
00000000
67
00002100
00101122
00211222
00011222
00022120
00222222
00010121
00000000
23
02002100
00201122
01121222
00012222
00022220
00222222
00010121
00000000
42
02002100
00211122
22222222
00012222
00022220
00222222
00010121
00000000
57
02002100
00211122
22221222
00011222
00021220
00221222
00011122
00000002
41
02211100
00221122
22222222
00011222
00021220
00221222
00011122
00000002
24
02211100
00211122
22122222
01011222
00021220
00222222
00021122
00200002
14
02211100
00111122
21122222
11011222
00021220
00222222
00022122
00220002
35
02211100
00111122
21122222
11021222
00211220
02222222
00022122
00220002
12
02211100
10211122
11222222
11221222
00221220
02222222
00022122
00220002
25
02211100
10211122
11212222
11121222
01111220
02222222
00022222
00220022
81
02211101
10211112
11212122
12121222
22222220
02222222
00022222
00220022
16
02222221
10211222
11212122
12121222
11222220
12222222
00022222
00220022
37
02222221
12211222
12212122
12121222
11122220
11122222
00122222
00220022
11
11111111
12211222
12212122
12121222
12122220
12222222
02222222
00220022
85
11111111
12211221
12212121
12121211
12111111
12222222
02222222
00220022
68
11111111
12211221
12212121
12121211
12111111
12212122
02222222
00222222
17
11111111
12211221
12212121
12121211
12111111
11212122
12222222
00222222
28
