00000000
00000000
00000000
00012000
00022200
00000000
00000000
00000000
46
00000000
00000000
00000000
00222000
00012200
00010000
00000000
00000000
75
00000000
00000000
00000000
00222000
00012110
00010200
00000000
00000000
67
00000000
00000000
00000000
00222000
00012110
00020100
00200100
00000000
23
00000000
00000000
01000000
00122000
00022110
00220100
00200100
00000000
56
00000000
00000000
01000000
00122000
00012110
00222100
00202100
00000000
47
00000000
00000000
01000000
00122000
00022110
00221100
00221100
00020000
35
00000000
00000000
01200000
00222000
00211110
00211100
00221100
00020000
22
00000000
01000000
01100000
00212000
00211210
00222220
00221100
00020000
25
00000000
01000000
01100000
00212000
02111210
20222220
00221100
00020000
15
00000000
01000000
01100000
20212000
22111210
20222220
00221100
00020000
64
00000000
01000000
01100000
20211100
22111110
20222120
00222200
00022000
77
00000000
01000000
01100000
20222220
22111210
20222110
00222210
00022000
68
00000000
01000000
01100000
20222220
22111222
20212120
00221210
00022100
63
00000000
21000000
02100100
20221120
22111122
20212120
00221210
00022100
86
02000000
22000000
02100100
20221120
22111112
20212111
00221210
00022100
73
02000000
22000000
02100110
20221110
22111112
20212112
00221222
00022100
38
02000000
22002000
02100210
20221120
22111112
20111112
00111222
00111100
43
02000000
22002000
02110222
20211120
22111112
20111112
00111222
00111100
61
02000100
22001000
02110222
20212120
22121112
20211112
02222222
00111100
88
02000100
22201000
02220222
20212120
22121112
20211112
02222212
00111101
84
02020100
22202000
02220222
20212111
22121111
20211111
02222211
00111101
28
02020100
22202000
02220222
22212111
22221111
20221111
02122211
01111101
42
02020100
22212000
02210222
22212121
22221121
20221121
02122221
01111121
17
02020100
22212000
02210222
22212121
22221121
20221121
22122221
22222221
82
02020100
22212001
02222211
22222221
22221121
20221121
22122221
22222221
26
02022100
22222001
02222211
22222221
22221121
21111121
22122221
22222221
72
02022102
22222021
02222211
22222221
22221121
21211121
22122221
22222221
13
02022102
22222221
11112211
21222221
22121121
21211121
22122221
22222221
71
02022112
22222111
11111211
21212221
22121121
21211121
22122221
22222221
11
12022112
11222111
11111211
21212221
22121121
21211121
22122221
22222221
31
