00000000
00000000
00020000
00022000
00021000
00000000
00000000
00000000
35
00000000
00000000
00020000
00022000
00121000
00200000
00000000
00000000
37
00000000
00000000
00020000
00022000
00122200
00100000
00100000
00000000
63
00000000
00000000
00020100
00021000
02222200
00100000
00100000
00000000
56
00000000
00000000
00020100
00021000
02222200
00101200
00100000
00000000
74
00000000
00000000
00022100
00022010
02222100
00101200
00100000
00000000
52
00000000
00001000
00021100
00021010
02221100
00201200
00200000
00200000
76
00000000
00001000
00021100
00021010
02222100
00201210
00200020
00200000
33
00000000
00001000
00111100
00021010
02222100
00201222
00200020
00200000
34
00000000
02001000
00211100
00121010
02212100
00201222
00200020
00200000
26
00000000
02001000
00222220
00111010
02112100
01201222
00200020
00200000
88
00000000
02001000
00222220
00111010
02111100
22201122
00200010
00200001
75
00000000
02001000
00222220
00111020
02222222
22201112
00200010
00200001
46
00000000
02001000
00222220
00111020
02212222
22211112
00200020
00200201
32
00020000
02102000
00112220
00111020
02212222
22211112
00200020
00200201
51
00021000
02101000
00111220
00111020
02212222
22211222
00200220
00200201
11
10021000
01101200
00112220
00121020
02212222
22211222
00200220
00200201
31
12111000
01201200
00122220
00122020
02212222
22211222
00200220
00200201
64
12111000
01201200
00122220
00112120
02212222
22222222
00202220
00200201
17
12111000
01201200
00122220
00112120
02112222
22222222
12202220
00200201
58
12111000
01201200
00121220
02222220
02211222
22221222
12201220
00201201
13
12111000
01201200
10121220
22222220
02111222
22211222
12201220
00201201
78
12111000
01201200
10121220
22222220
02111222
22211222
12202120
00221111
23
12111000
21101200
21121220
22122220
02111222
22211222
12202120
00221111
15
12111000
11101200
11121220
11122220
11121222
12222222
12222120
00221111
87
12222200
11101200
11111220
11121220
11121122
12222212
12222111
00221111
18
12222200
11101200
11111220
11121220
11111122
12122212
12222111
12221111
83
12222200
11101202
11111121
11121210
11111122
12122212
12222111
12221111
84
12222200
11122202
11122121
11121211
11111121
12122211
12222111
12221111
72
12222220
11111222
11122121
11121221
11111121
12122211
12222111
12221111
81
