00000000
00000000
00000000
00021000
00012000
00000000
00000000
00000000
65
00000000
00000000
00000000
00021000
00012100
00000200
00000000
00000000
67
00000000
00000000
00000000
00022200
00012100
00000100
00000100
00000000
33
00000000
00000000
00100000
00012200
00012100
00020100
00000100
00000000
47
00000000
00000000
00100000
00012200
00022100
00210100
00010100
00000000
26
00000000
00000000
00100000
00012200
00022200
01110200
00010200
00000200
77
00000000
00000000
00100000
00222200
00021200
01110100
00010210
00000200
57
00000000
00000000
00100000
00222200
00021200
01210100
02011110
00000200
43
00000000
00000000
00110000
00212200
00022200
01222100
02011110
00000200
23
00000000
00020000
01120000
00122200
00022200
01221100
02011110
00000200
63
00000000
02020000
01220100
00122100
00022100
01221100
02011110
00000200
32
00000000
02120000
01112100
00122100
00022100
01221100
02011110
00000200
18
00000000
02120000
01112100
00121100
00012100
01121102
01011120
10000200
11
10000000
01120000
01212100
02221100
00012100
01121102
01011120
10000200
31
10100000
01110000
01211100
02222220
00012100
01121102
01011120
10000200
85
10100000
01110000
01211100
02222210
00022101
01122102
01011220
10000220
14
10100000
01110000
01211100
11111110
00022101
01122102
01021220
10200220
87
10100000
01110000
01211100
11211110
00222101
01122101
01021111
10200220
25
10100000
21110000
02211100
11211110
01121101
01122101
01021111
10200220
58
10100000
21110000
02211100
12211110
02121101
02122101
02011111
12201220
15
10100000
21110000
02111100
11211110
11221101
02222101
02211111
12201220
13
10100000
11110000
11111100
11211110
12221101
22222101
02211111
12201220
88
10100000
11110000
11111100
11211110
12221101
22222101
02221111
12221111
17
10100000
11110000
11111100
11211110
12122221
11222201
11112111
12221111
76
10100000
11110000
11111100
11222222
12122121
11111211
11112111
12221111
83
10100000
11112000
11122101
11222211
12122121
11111211
11112111
12221111
61
10120100
11121000
11122101
11122211
11122121
11111211
11112111
12221111
51
10111100
11111020
11122201
11122211
11122121
11111211
11112111
12221111
62
12111100
12211120
12121101
12112111
12122121
12111211
12112111
12221111
82
12222220
12211221
12122221
12112221
12122121
12111211
12112111
12221111
81
