00000000
00000000
00020000
00022000
00021000
00000000
00000000
00000000
33
00000000
00000000
00120000
00012000
00022000
00002000
00000000
00000000
46
00000000
00000000
00120000
00022000
00022000
00022000
00020000
00000000
53
00000000
02000000
00211000
00022000
00022000
00022000
00020000
00000000
65
00000000
02000000
00211000
00022200
00022100
00022000
00020000
00000000
38
00000000
02000000
00211000
00022200
00022200
00022200
00010000
00100000
75
00000000
02000000
00211000
00022100
00022210
00022200
00020000
00120000
58
00000000
02000000
00211000
00022102
00022220
00022200
00020000
00111000
36
00000000
02000000
00211000
00022102
00022220
00222200
02010000
00111000
37
00000000
02002000
00212000
00022102
00021220
00212200
02110000
00111000
77
00000000
02002000
00222000
00222102
00021220
00212100
02110010
00111000
24
00000000
02002000
00222000
01111102
00021220
00212200
02110210
00111000
76
00000000
02002000
00222000
01112102
00021220
00211120
02110112
00111000
26
00000000
02002000
00222000
01112102
00021220
22222220
02110112
00111000
35
00000000
02002000
00222000
01112102
00111220
22122220
02210112
02111000
85
00000000
02002000
20222000
02112102
00211111
22122210
02210112
02111000
63
00000000
02002000
20222100
02111102
00211111
22122210
02210212
02222200
42
00000000
02012000
20222220
02111202
00212111
22122210
02210212
02222200
51
00001000
02011000
20221220
02111222
00212211
22122210
02210212
02222200
11
10001000
01011000
20121220
02111222
00212211
22122210
02222212
02222200
14
10001000
01011200
20122220
11121222
00212211
22122210
02222212
02222200
83
10021000
01022200
20121211
11121221
00212211
22122210
02222212
02222200
32
10221000
02222200
20211211
11221221
00212211
22122210
02222212
02222200
23
10221000
02222202
21111221
11121221
00212211
22122210
02222212
02222200
81
10221001
02222201
21111221
11121221
00212211
22122210
02222222
02222202
61
10221101
02221201
21211221
22121221
20212211
22122210
02222222
02222202
78
10221101
02221201
21211221
22121221
22212211
22221210
02222112
02222212
21
11111101
01121201
21211221
22121221
22212221
22221222
02222122
02222212
17
11111101
01121201
21211221
22111221
22112221
21221222
22111122
22222212
71
11111111
22221101
21211221
22111221
22112221
21221222
22111122
22222212
72
