00000000
00000000
00020000
00022000
00021000
00000000
00000000
00000000
53
00000000
00000000
00021000
00022200
00021000
00000000
00000000
00000000
33
00000000
00000000
00111000
00222200
00021000
00000000
00000000
00000000
73
00000000
00200000
00221010
00222100
00021000
00000000
00000000
00000000
35
00000000
00200000
00221010
00222100
00121000
00020000
00000000
00000000
23
00000000
00200000
01111010
02222100
00221000
00020000
00000000
00000000
15
00000000
00200000
01111010
01222100
10222000
00022000
00000000
00000000
66
00000000
00200000
02111010
22212100
10221000
00022100
00000000
00000000
21
01000000
00100000
02111010
22212100
10222200
00022100
00000000
00000000
25
01000000
00100000
02111010
22112100
11222200
00022200
00000020
00000000
26
01000000
00100002
02111020
22112200
11122200
01022200
00000020
00000000
12
01000000
10102002
01112020
22112200
11122200
01022200
00000020
00000000
63
01000000
10102002
01111120
22112200
12122200
01222200
00000020
00000000
37
01000000
10102002
01111120
22112200
22122200
22222200
00100020
00000000
83
01000000
10102002
01111111
22112200
22122200
22222200
00200020
00200000
47
01000000
10102002
01111112
22112202
22112200
22212200
00210020
00200000
61
01000100
10121002
01212112
22112202
22112200
22212200
00210020
00200000
22
01000100
11122202
01112222
22112202
22112200
22212200
00210020
00200000
51
01201100
11222202
01212222
22212202
22212200
22212200
00210020
00200000
88
01201100
11222202
01212222
22212202
22211200
22212200
00210210
00200001
76
01201100
11222202
01212222
22211202
22211100
22211110
00220210
00202001
78
01201100
12222202
22212222
22211202
22211100
22211110
00220110
00202011
74
01201100
12222202
22212222
22212112
22212100
22222110
00222110
00202011
27
01201100
11222202
21212222
21212112
21222100
21222110
02111110
20202011
71
01201110
11222222
21211222
21212112
21222100
21222110
02111110
20202011
41
01111110
11111222
21211122
21212112
21222102
21222120
02111210
20202011
75
01111110
11111222
21211122
21212112
21222112
22222110
22111210
20202011
81
21111111
22111212
21211122
21212112
21222112
22222110
22111210
20202011
68
21111111
22111212
21211122
21212112
21222112
22222222
22111110
20202111
87
21111111
22111211
21211121
21212111
21222111
22222211
22222111
20222111
28
