00000000
00000000
00000000
00021000
00012000
00000000
00000000
00000000
43
00000000
00000000
00010000
00011000
00222000
00000000
00000000
00000000
66
00000000
00020000
00020000
00021000
00221000
00000100
00000000
00000000
36
00000000
00020000
00020000
00021000
00212000
00100200
00000020
00000000
65
00000000
00020000
00020000
00021000
00222220
00100200
00000020
00000000
34
00000000
00020000
02020000
00211000
00122220
00100200
00000020
00000000
41
00010000
00010000
02010000
00211000
02222220
00100200
00000020
00000000
76
00010000
00010000
02010000
00211000
02222120
00200210
02000020
00000000
15
00010000
00010000
02010000
20211000
12111120
00200210
02000020
00000000
78
00010000
00012000
02020000
20211000
12111120
00200210
02000010
00000010
24
00010000
00012000
02020000
22222200
12111220
00200210
02000010
00000010
85
00010000
00012000
02020000
22222200
22111111
20200210
02000010
00000010
18
00010000
00012000
02020000
22222200
22111111
20200210
01020010
10000010
62
00010000
00011100
02020000
22222200
22211111
22200210
01020010
10000010
63
00010000
00011100
02020100
22221102
22211121
22200210
01020010
10000010
74
00010000
00011100
02020100
22221112
22221111
22220210
01020010
10000010
83
00010000
00011100
02020101
22222111
22221211
22220220
01020012
10000010
22
00010000
01211100
02020101
21222111
21221211
21220220
01020012
10000010
53
00010000
01211100
02021101
21211111
21121211
22220220
01220012
10000010
57
00010000
01211100
02021101
21211111
21121211
22210120
02211012
10200010
17
00010000
01211100
02021101
21211111
21121211
21210220
11111222
10200010
56
00010000
22211100
02021101
21211111
21121111
21211220
11111122
10200010
88
00010000
22222220
02021201
21212111
21121111
21211120
11111112
10200011
86
00010000
22222220
02021201
21212111
21121111
22221111
11221111
10220011
21
01010000
21122220
21011201
22211111
21221111
22221111
11221111
10220011
11
11010000
11122220
11012201
12212111
11222111
12222111
11222111
10222011
61
11010100
11122222
11012101
12212111
11222111
12222111
11222111
10222011
81
11010101
11122211
11012201
12212211
11222211
12222211
11222211
10222211
31
11110101
11112211
11011201
12212111
11222211
12222211
12222211
12222211
73
11110101
11112211
11211111
12222111
11222211
12222211
12222211
12222211
71
