00000000
00000000
00000000
00222000
00021000
00000000
00000000
00000000
33
00000000
00000000
00100000
00212000
00022000
00002000
00000000
00000000
66
00000000
00000000
00100000
00212000
00022200
00002100
00000000
00000000
46
00000000
00000000
00100000
00212000
00012200
00011200
00000020
00000000
23
00000000
00000000
01100000
00112000
00022200
00222200
00000020
00000000
64
00000000
00000000
01102000
00112100
00022200
00222200
00000020
00000000
88
00000000
00000000
01102020
00112200
00022200
00222100
00000010
00000001
74
00000000
00000000
01102020
00121110
00222200
00222100
00000010
00000001
82
00000000
00000001
01102012
00121120
00222200
00222100
00000010
00000001
76
00000000
00000021
01102022
00121120
00222100
00222110
00000010
00000001
84
00000000
00000021
01102021
00121111
00222100
00222222
00000010
00000001
62
00000000
02000111
01202011
00121111
00222100
00222222
00000010
00000001
26
00000000
02000111
01201211
00112211
00122200
01222222
00000010
00000001
21
01000000
01002111
01202211
00112211
00122200
01222222
00000010
00000001
57
01000000
01002111
01202211
00112211
02222200
01212222
00001010
00000001
67
01000000
01002111
01202111
00112111
02212100
22211122
00001110
00000001
87
01000000
01002111
01202111
00112111
02212100
22212112
00002111
00002001
41
01010000
01001111
22202111
00112111
02212100
22212112
00002111
00002001
85
01210000
02001111
22202111
00112111
02212101
22212111
00002111
00002001
37
01210000
02001111
22202111
00112111
02112101
22112111
00102211
00002021
17
01210000
02001111
22202111
00112111
02112101
21112111
20102211
20002021
68
01210000
02001111
22202111
00112111
02112101
21212111
20121111
20002111
15
01222000
02002111
22202111
00112111
11112101
21212111
20121111
20002111
32
22222000
02102111
22102111
00112111
11112101
21212111
20121111
20002111
38
22222000
02102111
22102111
02222111
11112101
21211111
20111111
20102111
48
22222000
02102111
22102111
02222211
11112221
21211111
20111111
20111111
27
22222000
02102111
22102111
02222211
12112221
22121111
22211111
22111111
12
22222000
11202111
22222111
02222211
12112221
22121111
22211111
22111111
42
22222200
11112211
22121211
01212211
12112211
22121111
22211111
22111111
14
22222202
11112221
11121211
11212211
11112211
22121111
22211111
22111111
71
