00000000
00000000
00020000
00022000
00021000
00000000
00000000
00000000
35
00000000
00000000
00020000
00022000
00112000
00002000
00000000
00000000
63
00000000
00000000
00020100
00021000
00212000
02002000
00000000
00000000
65
00000000
00000000
00020100
00021000
00212100
02002200
00000000
00000000
34
00000000
00000000
00020100
00211000
02212100
02002200
00000000
00000000
23
00000000
00000000
01020100
00111000
02212220
02002200
00000000
00000000
36
00000000
00000000
01220100
00121000
02112220
02102200
00000000
00000000
53
00000000
02000000
01211100
00121000
02112220
02102200
00000000
00000000
15
00000000
02002000
01212100
00122000
11112220
02102200
00000000
00000000
27
00000000
02002000
01212200
00122020
11112220
01102200
01000000
00000000
32
00000000
02102000
01112200
00122020
11122220
01122200
01000000
00000000
12
00000000
11102000
22222200
00122020
11122220
01122200
01000000
00000000
77
00000000
11102000
22122200
00112020
11121220
01122200
01002010
00000000
37
20000000
22102000
22222200
00122020
11122220
01112200
01102010
00000000
85
20200000
22202000
22222200
00122020
11111111
01112200
01102010
00000000
68
20200000
22202000
22222200
00222020
12111111
22222200
01101010
00000100
73
20200000
22202000
22222222
00222020
12111211
22222200
01101010
00000100
72
20200000
22202010
22222112
00221010
12111211
22222200
02201010
02000100
38
20200000
22202010
22222112
00221010
12111211
22222200
02221010
02100100
48
20200000
22202010
22222112
00221012
12111221
21212200
02111010
02110100
76
20200002
22202020
22222212
00222012
12121111
21211110
02111010
02110100
42
20200002
22212020
22212212
00222012
12112111
21211210
02111020
02110102
18
20200002
22212020
22212212
20222012
22112111
21111210
01111020
11110102
41
20210202
22212020
22222112
20222012
22112111
21111210
01111020
11110102
51
20211202
22211020
22221112
20221012
22111111
21211210
01121020
11112102
86
20211202
22211020
22221122
20221022
22111121
21211221
01121020
11112222
67
20211202
22211020
22221122
20221022
22211121
22211111
22221120
11112222
87
20211202
22221020
22222122
20222222
22212221
22221211
22221211
11112222
71
20211112
22221012
22222122
20222212
22212211
22221211
22221211
11112222
21
21111112
22122222
22212222
20221212
22212111
22221211
22221211
11112222
24
