00000000
00000000
00000000
00012000
00022200
00000000
00000000
00000000
64
00000000
00000000
00020000
00022100
00022200
00000000
00000000
00000000
46
00000000
00000000
00020000
00022100
00022200
00010200
00000000
00000000
42
00000000
00010000
00210000
00022100
00012200
00010200
00000000
00000000
24
00000000
00010000
00110000
01022100
00022200
00210200
00000000
00000000
34
00000000
00010000
02110000
01211100
00022200
00210200
00000000
00000000
35
00000000
00010000
02110000
01111100
00122200
00222200
00000000
00000000
76
00000000
00010000
02110000
01111120
00122200
00222210
00000000
00000000
77
00000000
00010000
02110000
02111120
02221200
00222110
00000010
00000000
67
00000000
00010000
02110200
02112220
02221200
00221110
00000110
00000000
83
00000000
00010000
02110201
02112210
02221200
00221210
00000210
00000200
58
00000000
02010000
02210201
02122210
02222200
00221210
00000110
00001200
62
00000000
02010100
02210101
02122110
02222100
00222222
00000120
00001200
13
00000000
02012100
11120101
02222110
02222100
00222222
00000120
00001200
41
00010000
02011100
11120101
02222110
02222220
00222222
00000120
00001200
85
00010000
22011100
12120101
02222110
02222221
00222212
00000120
00001200
78
00010000
22011100
12120121
02222220
02222221
00222212
00000110
00001110
31
20110000
22011100
12220121
02222220
02222221
00222212
00000110
00001110
15
20110000
22011100
22120121
22222220
12111111
00222212
00000110
00001110
32
20110000
22111100
22222221
22222220
12112111
00222212
00000110
00001110
27
20110000
22111100
22222221
22222220
12212111
00222212
01200110
00001110
84
20110000
22111100
22222211
22222221
12212211
00222222
01200112
00001110
88
20110200
22112200
22222211
22222221
12212211
00222221
01200111
00001111
72
20110220
22111220
22222121
22221221
12212211
00222221
01200111
00001111
38
22110220
22211220
22122121
22121221
12112211
00122221
01100111
00101111
47
22110220
22211220
22122121
22121211
12212111
02222221
01110111
00101111
57
22110220
22211220
22122121
22121211
22211111
22221121
01111111
00101111
81
22110221
22211210
22122121
22121211
22211111
22221121
02111111
20101111
17
22110221
22211222
22122121
22121211
22211111
22221121
11111111
20101111
51
