00000000
00000000
00000000
00222000
00021000
00000000
00000000
00000000
35
00000000
00000000
00000000
00222000
00121000
00020000
00000000
00000000
33
00000000
00000000
00100000
00112000
00122000
00022000
00000000
00000000
57
00000000
00000000
00100000
00112000
02222000
00012000
00001000
00000000
16
00000000
00000000
00100000
00112000
22222000
10012000
00001000
00000000
14
00000000
00200000
00200000
10212000
12222000
10012000
00001000
00000000
24
00000000
00200000
00220000
11222000
12122000
10012000
00001000
00000000
52
00000000
00201000
00210000
11122000
11122000
10022000
00201000
00000000
64
00000000
00201000
00210200
11112100
11122000
10022000
00201000
00000000
65
00000000
00201000
00210200
11111100
11111100
10022000
00202000
00002000
28
00020000
00202000
00210200
11111100
11111100
10012000
00102000
01002000
22
00020000
01202000
00120200
11112100
11111200
10012020
00102000
01002000
62
00020200
01202200
00120200
11112200
11111200
10012020
00102000
01002000
31
02220200
01202200
00120200
11112200
11111200
10012020
00102000
01002000
67
02220200
02202200
02220200
11112200
11111200
10011020
00102100
01002000
85
02220200
02202200
22220200
12112200
11211201
10021010
00102100
01002000
42
02220200
02212200
22110200
21112200
21211201
20021010
20102100
01002000
26
02222200
02222200
22210200
22112200
21111201
21021010
20102100
01002000
75
02222200
02222200
22210200
22112200
21111121
21021012
20102100
01002000
11
12222200
01222200
22110200
22112200
21111221
21021022
20102102
01002000
88
12222200
01222200
22110200
22112200
21111221
21022021
20122101
01002001
68
12222200
01222200
22110200
22112200
21111221
22012021
20221101
01022101
66
12222200
22222200
22110200
22112200
21111221
22011111
20221101
01022101
74
12222200
22222200
22222200
22122110
21212111
22012111
20222101
01022101
72
12222200
22222210
22222100
22121110
21212111
22012111
20222201
01022221
18
12222200
12222222
12222100
12121110
11212111
12012111
10222201
11022221
38
12222200
12222222
12222200
12122110
11222111
12211111
10212201
11111111
77
12222200
12222222
12222220
12122210
11222111
12211111
10211111
11111111
71
11111112
12222122
12221210
12112210
11122111
11211111
10211111
11111111
27
11111112
12222122
12221210
12112222
11122111
11211111
11111111
11111111
83
