00000000
00000000
00020000
00022000
00021000
00000000
00000000
00000000
35
00000000
00000000
00020000
00022000
00211000
02000000
00000000
00000000
63
00000000
00000000
00020100
00022000
00222200
02000000
00000000
00000000
36
00000000
00000000
00020100
00021000
00212200
02200000
00200000
00000000
56
00000000
00000020
00020200
00022000
00221200
02201000
00200000
00000000
75
00000000
00000020
00020200
00022000
00222222
02201000
00200000
00000000
53
00000000
00000020
00021200
00021000
00221222
02202000
00200200
00000000
81
00000001
00000010
00022220
00021000
00221222
02202000
00200200
00000000
32
02000001
00200010
00022220
00022000
00221222
02202000
00200200
00000000
33
02000001
00200010
02222220
00012000
00221222
02202000
00200200
00000000
46
02000001
00200010
02222220
00022000
00221222
02222000
00220200
00000000
52
02000201
00202010
02221220
00021000
00221222
02222000
00220200
00000000
74
02000201
00202210
02222210
00021010
00221222
02222000
00220200
00000000
57
02000201
00202210
02222210
00022210
00222222
02221000
00221200
00000000
77
02000201
00202210
02222210
00022210
00222222
02221000
00222222
00000000
78
02000201
00202222
02222220
00022210
00222222
02221000
00222122
00000010
16
02000201
00202222
02222220
00022210
00222222
12111000
20222122
00000010
76
02000201
00202222
02222220
00022210
20222212
22111010
20222112
00000010
34
02000201
00202222
02222222
00111120
20112212
22111010
20222112
00000010
42
02020201
00222222
02221222
00121120
20122212
22121010
20222112
00000010
71
02020211
00222112
02221212
00121110
20122212
22121020
20222212
00002010
28
02020211
00222112
02221212
00122222
20121212
22111020
20122212
01002010
48
02020211
00222112
02221212
00122222
20121212
22211020
22222212
01012010
38
02020211
00222112
02221212
00122222
20121222
22111022
22112212
01112010
51
02021111
00221112
02221212
02222222
20221222
22121022
22112212
01112010
31
02111111
00111112
02121212
02122222
20121222
22121022
22112212
22222010
14
02111111
00111112
22221212
22122222
20221222
22121022
22112212
22222010
88
02111111
00111111
22221211
22222221
22221221
22221021
22122211
22222011
12
02111111
10111111
21221211
22122221
22212221
22222221
22122211
22222011
68
02111111
12111111
22221111
22122121
22212121
22222121
22122111
22222111
11
