00000000
00000000
00020000
00022000
00021000
00000000
00000000
00000000
53
00000000
00000000
00021000
00022000
00022200
00000000
00000000
00000000
56
00000000
00000000
00022200
00022000
00021200
00001000
00000000
00000000
34
00000000
00000000
00022200
00122000
00011200
00002000
00020000
00000000
67
00000000
00000000
00022200
00122000
00012200
00002000
00022100
00000000
72
00000000
00000010
02022100
00221000
00022200
00002000
00022100
00000000
52
00000000
00001010
02021100
00221000
00022200
00002000
00022220
00000000
25
00000000
00001210
02012100
00121000
01022200
00002000
00022220
00000000
78
00000000
00001210
02012220
00121000
01012200
00001000
00022120
00000010
76
00000000
00001210
02012220
00121000
01022100
00021010
00022110
00000010
36
00000000
00001210
02012220
00121000
01012220
00111010
00022110
00000010
74
00000000
00001210
02012110
00121010
01012222
00111010
00022110
00000010
37
00000000
00022210
02022110
00121010
01012222
00111010
00111110
00000010
51
00001000
00021110
02021110
00221010
02012222
20111010
00111110
00000010
14
00021000
00022110
02021210
10221020
01012222
20111010
00111110
00000010
33
00021000
00012110
02111210
10221020
01012222
20111020
00111112
00000010
32
00021002
00112120
01111210
10221020
01012222
20111020
00111112
00000010
31
00111002
00112120
01111222
10221020
01012222
20111020
00111112
00000010
71
00111012
00112110
01111212
10221010
01012212
20112020
00112212
00002010
64
00111012
00112222
01111112
10221110
01011212
20112020
00112212
00002010
24
00111012
02222222
01111112
11111110
01011212
20112020
00112212
00002010
21
01111012
22222222
02111112
11211110
01021212
20112020
00112212
00002010
11
11111012
21222222
02111112
11211110
01021212
20212020
02222212
00002010
66
11111012
21222222
02112112
11211210
01021122
20211122
02222212
00002010
61
11111112
21221122
02112112
12211210
02021122
22211122
02222212
00002010
38
11111112
21221122
02112112
12221210
02221122
22221122
02212212
00102010
84
11111112
21221122
02112112
12221211
02221112
22221122
02222212
00122010
18
11111112
21221122
02112112
12221211
02211112
22121122
22222212
10122010
88
11111112
21221122
02112112
12221211
02211111
22121121
22222211
12222011
68
11111112
21221122
02112112
12221211
02211111
22121121
22222111
11111111
13
