00000000
00000000
00000000
00021000
00012000
00000000
00000000
00000000
56
00000000
00000000
00000000
00021000
00021000
00021000
00000000
00000000
35
00000000
00000000
00000000
02021000
00211000
00021000
00000000
00000000
34
00000000
00000000
00020000
02121000
00221000
00021000
00000000
00000000
52
00000000
00001000
00010200
02122000
00221000
00021000
00000000
00000000
36
00000000
00001000
00010200
02122000
00121000
00121000
00020000
00000000
57
00020000
00002000
00010200
02122000
00121000
00111000
00021000
00000000
48
00020000
00002000
00010200
02122000
00121000
00211000
02011000
00010000
37
00020000
00202000
00020200
02122000
00121000
00111000
02111000
00010000
53
00020000
00202000
00022200
02112000
00122000
00112000
02112000
00012000
17
00020000
00202000
00022200
02112000
00122000
00112000
11122000
00222000
14
00020000
00202000
00022200
11112000
00122000
00212000
12122000
20222000
67
00020000
00202000
00022200
11112000
00112000
00211020
12111200
20222000
65
00020000
00202000
00222200
11212000
00211100
00211020
12111200
20222000
51
00021000
00201000
00221200
11211020
00211200
00212020
12121200
20222000
72
00021000
00201210
00222100
11221020
00211200
00212020
12121200
20222000
73
00021000
00201110
00222110
12221020
20211200
00212020
12121200
20222000
13
00022200
00202110
10222110
11221020
20111200
00212020
12121200
20222000
23
00022200
00202110
11121110
11221020
22222200
00212020
12121200
20222000
75
00022200
00202210
11121210
11222210
22222210
00212020
12121200
20222000
26
00022200
00202210
11121210
11212210
21122220
01112022
12121200
20222000
78
00022202
00202220
11121210
11112210
21112220
01111022
12121100
20222010
66
00022202
02202220
12121210
12112210
22111220
02111122
12121100
20222010
85
00022202
02202220
12121210
12112210
22111211
02111122
12121102
20222010
42
00022202
02212220
12111220
12112222
22111222
02111222
12122102
20222010
83
00022202
02212222
12111122
12112212
22111122
02111222
12122102
20222010
11
10022202
01212222
12111122
12112212
22111122
22111222
22122102
20222010
28
10022202
01212222
11111122
11112212
21111122
21111222
21122202
21222210
31
12222202
01212222
11121122
11112212
21111122
21111222
21122202
21222210
71
11111112
01212112
11121112
11112212
21111122
21111222
21122202
21222222
77
