00000000
00000000
00000000
00012000
00022200
00000000
00000000
00000000
66
00000000
00000000
00000000
00222000
00021200
00000100
00000000
00000000
33
00000000
00000000
00100000
00212000
00021200
00000200
00000200
00000000
64
00000000
00000000
00120000
00222100
00021200
00000200
00000200
00000000
35
00000000
00000000
00120000
00122100
00121200
00200200
00000200
00000000
37
00000000
00000000
02220000
00222100
00121200
00100200
00100200
00000000
77
00000000
00000000
02220000
00222100
02221200
00100100
00100210
00000000
57
00000000
00000000
02220000
00222100
02222200
00100200
00101120
00000002
87
00000000
00000000
02220000
00222220
02222200
00100200
00101111
00000002
75
00000000
00000000
02220000
00222220
02222210
00200100
00121111
00000002
53
00000000
00000000
02221000
00222120
02222220
00200120
00121111
00000002
32
00000000
00100000
02111000
00121120
02222120
02100110
00121111
00000002
13
00000000
00100000
11111000
00121120
02222120
02100112
00121112
00000002
84
00000000
00100000
11111000
00121111
02222110
02200112
02221112
00000002
46
00000000
02100000
11211000
00121111
02212110
02210212
02221122
00000002
56
00000000
02100000
11211000
00121111
02222222
02211112
02221122
00000002
11
12000000
01200000
11121000
00112111
02221222
02211112
02221122
00000002
28
12000000
01200200
11122000
00122111
02221222
02211112
02121122
01000002
52
12000000
01201200
11111000
00121111
02221222
02211122
02121222
01002002
78
12000000
01201200
11111000
00121111
02221212
02211112
02221112
01202012
15
12000000
01201200
11111000
00121111
11111212
02211112
02221112
22202012
48
12002000
01202200
11112000
00122111
11112212
01212112
02112112
22212012
61
12002100
01201200
11112000
00122111
11212212
02212112
22112112
22212012
72
12002100
22201110
12112000
00222111
11222212
02212112
22112112
22212012
31
11102100
21101110
12112000
00222111
12222212
22212112
22112112
22212012
63
11102100
22221110
12122100
00222211
12222222
22212112
22112112
22212012
68
11102102
22221120
12122200
00222211
12222222
22212112
22111112
22211112
14
11102102
22221120
12222200
12222211
12222222
22112112
22111112
22211112
41
11111102
22111120
11212202
12212222
12212222
22112112
22111112
22211112
82
11111122
22111211
11212202
12212222
12212222
22112112
22111112
22211112
73
