00000000
00000000
00000000
00021000
00012000
00000000
00000000
00000000
34
00000000
00000000
00200000
00121000
00012000
00000000
00000000
00000000
56
00000000
00000000
00200000
00121000
00012000
00001200
00000000
00000000
76
00000000
00000000
00200000
00121000
00012000
00002110
00002000
00000000
32
00000000
00100000
00100000
00121000
00022000
00022110
00002000
00000000
58
00000000
00100000
00100000
00121000
00021000
00022110
00001200
00001000
77
00000000
02100000
00200000
00121000
00021000
00022110
00001110
00001000
35
00000000
02100000
00200000
00121000
00211000
02012110
00001110
00001000
12
00000000
11100000
00200000
00121000
00221000
02022110
00021110
00001000
37
00000000
11100000
00200000
00121000
00221000
02022110
00221110
00021000
25
20000000
12100000
00200000
00121000
01111000
02022110
00221110
00021000
17
20000000
12100000
00202000
00122000
01112000
01022110
10221110
00021000
64
20000000
12100000
00202000
00111100
01112000
01022110
10222222
00021000
88
20000000
12100000
00222000
00121100
01122000
01022110
10222212
00021001
52
20002000
12102000
00212000
00122100
01122000
01022110
10222212
00021001
65
20002000
12102000
02212000
00221100
01121100
01022110
10222212
00021001
27
20002000
12102000
02212000
00221100
01121100
01022110
11211112
02021001
38
20022000
12202000
02212000
00221100
01121100
01022110
11211112
02111001
42
20022000
11112000
02211000
00222220
01121200
01022110
11211112
02111001
36
20022000
21112000
22211000
00222220
01121200
01111110
11111112
02111001
63
20022000
21112000
22211100
00221120
01121100
01112110
11111212
02111021
24
20222000
22112000
21111100
01111120
01121100
01112110
11111212
02111021
68
20222000
22122000
21211100
02111120
22221100
01112110
11111112
02111111
18
20222000
22122200
21212100
02121120
22221100
01112110
11111112
11111111
16
20222000
22122200
21212220
02121120
21221100
11112110
11111112
11111111
83
20222000
22122220
21211211
02122110
21221100
11112110
11111112
11111111
86
20222000
22222220
22211211
22122110
21221100
11112111
11111111
11111111
61
20222100
22221210
22211121
22122222
21221100
11112111
11111111
11111111
71
20222222
22221120
22211221
22122222
21221100
11112111
11111111
11111111
82
20222222
22221111
22212211
22122222
21222220
11112111
11111111
11111111
21
21222222
21121111
21212211
21122222
21222220
11112111
11111111
11111111
85
