00000000
00000000
00020000
00022000
00021000
00000000
00000000
00000000
53
00000000
00000000
00022200
00022000
00021000
00000000
00000000
00000000
33
00000000
00000000
00122200
00222000
00021000
00000000
00000000
00000000
73
00000000
00002000
00122110
00222000
00021000
00000000
00000000
00000000
36
00000000
00002000
00122222
00221000
00011000
00100000
00000000
00000000
23
00000000
02002000
01222222
00121000
00011000
00100000
00000000
00000000
72
00000000
02002010
01222122
00122200
00011000
00100000
00000000
00000000
41
00010020
02001020
01222122
00122200
00011000
00100000
00000000
00000000
65
00010020
02001020
01222122
00122100
00021100
00200000
02000000
00000000
56
00010020
02001020
01222122
00122100
00011200
00201020
02000000
00000000
75
00010020
02001020
01222122
00122220
00011120
00201020
02000000
00000000
11
10010020
01001020
01122122
00212220
02011120
00201020
02000000
00000000
85
10010020
01001020
22222122
00212210
02011111
00201020
02000000
00000000
87
10010020
01001020
22222122
00212220
02011211
00202010
02020001
00000000
16
10010020
01001020
22212122
00112220
01011221
10202020
02020021
00000000
81
12010021
02001010
22212122
00112220
01011221
10202020
02020021
00000000
12
12010021
12001010
21212122
00122220
01012221
10202220
02020021
00000000
32
12010021
11101010
21112122
20122220
02012221
10202220
02020021
00000000
15
12012021
11102010
11112122
10122220
12012221
10202220
02020021
00000000
61
12011111
12101010
12112122
12222220
12012221
10202220
02020021
00000000
57
12011111
12101010
12111122
12221220
12021221
10202220
02022221
00000000
78
12011111
12101010
11111112
12121210
12011221
10201222
02022111
00000010
37
12011111
12101010
11111112
12121210
12011221
10201222
02111221
00000210
17
12011111
12101210
11112212
12121210
12011221
10201222
11111221
00000210
88
12011111
12101210
11112212
12121210
12011221
10201222
11112211
00020211
35
12011111
12101110
11111212
11112210
11121221
10201222
12112211
20020211
58
12011111
12101110
11111212
11112222
11121222
10201212
12111111
20021111
46
12211111
12201110
11211212
11212222
11211222
10211212
12111111
20021111
42
12211111
11111112
11111222
11212222
11211222
10211212
12111111
20021111
38
12211111
11111112
11111222
11212222
11212222
10221212
11211111
22111111
26
