00000000
00000000
00000000
00222000
00021000
00000000
00000000
00000000
35
00000000
00000000
00000000
00222000
00211000
02000000
00000000
00000000
43
00000000
00000000
00010000
00212000
00222200
02000000
00000000
00000000
46
00000000
00000000
00010000
00212000
00212200
02020000
00002000
00000000
17
00000000
00000000
00010000
00212000
00122200
01022000
10002000
00000000
64
00000000
00000000
00012000
00212100
00122200
01022000
10002000
00000000
63
00000000
00000000
00011100
02212100
00222200
01022000
10002000
00000000
58
00000000
00000000
00011100
02211100
00221200
01022000
10001200
00001000
37
00000000
00000200
00012200
02221200
00221200
01012000
10101200
00001000
75
00000000
00000200
00012200
02221200
00221110
01022000
10122200
00001000
61
00000100
00020100
00022100
02221100
00221110
01022000
10122200
00001000
52
00000100
00021100
00021100
02222100
00221210
01022020
10122200
00001000
36
00000100
00021100
00021100
02221100
00211210
01122020
12222200
00001000
23
00000100
00021100
01021100
02121100
00211222
01122020
12222200
00001000
33
00000100
00221100
01221100
02212100
00211222
01122020
12222200
00001000
86
00000100
00221100
01222220
02212200
00212212
01122021
12222200
00001000
77
00000100
00222220
01222220
02212200
00212212
01122011
11111110
00001000
51
00001100
00221220
01221220
02211200
00221212
01122011
11111210
00001020
83
00001100
00221210
22221111
02211200
00221212
01122011
11111210
00001020
74
00001100
00221210
22221211
02221210
00222212
01122211
11111210
00001020
84
00001100
00221210
22221211
02221211
00222211
01222211
11221210
00201020
14
00001102
00221220
22221211
11111211
00222211
01222211
11221210
00201020
82
00021102
00222111
22221211
11111211
00222211
01222211
11221210
00201020
28
00021102
00222111
22221211
12211111
02221211
01212211
11121210
01201020
12
00021102
10222111
12221211
12211111
02221211
22212211
12121210
01201020
48
00021102
10222111
12221211
12211111
02221211
22212211
12111220
01111022
15
00021102
10212112
12121212
11211112
11111212
11212222
12111222
01111022
21
01221102
10222112
12212212
11211212
11111222
11212222
12111222
01111022
18
22221102
10222112
12212212
11211212
11111222
11112222
11111222
11111022
22
