00000000
00000000
00000000
00021000
00012000
00000000
00000000
00000000
34
00000000
00000000
00000000
00111000
00222000
00000000
00000000
00000000
66
00000000
00000000
00020000
00121000
00221000
00000100
00000000
00000000
33
00000000
00000000
00120000
00211000
02221000
00000100
00000000
00000000
46
00000000
00000000
00120000
00212000
02222200
00010100
00000000
00000000
53
00000000
00000000
00111000
00212000
02222200
00020100
00002000
00000000
36
00000000
02000000
00211000
00122000
02122200
00120100
00002000
00000000
63
00000000
02000000
00222220
00121000
02112200
00120100
00002000
00000000
52
00000000
02001000
00211220
00121000
02212200
02220100
00002000
00000000
56
00000000
02001000
00211220
00121000
02212200
02221200
00002020
00000000
16
00000000
02201000
00221220
00122000
01212200
11111200
00002020
00000000
24
00002000
02202000
00222220
01122000
01112200
11111200
00002020
00000000
42
00002000
02212000
00112220
01112000
01112200
11112200
00022020
00000000
62
00002000
02211100
02222220
01212000
01122200
11112200
00022020
00000000
72
00022000
02221110
02222120
01211000
01112200
11112200
00022020
00000000
83
00022000
02221110
22222111
02211000
01212200
11122200
00022020
00000000
58
00022000
02221110
22222111
02211000
01221200
11122200
00011220
00001000
31
00122000
02121110
22122111
02121000
01221200
12122200
20011220
00001000
87
00122000
02121110
22122111
02121000
01221200
12122200
20012211
00001200
75
02222000
02221110
22122111
02121000
01221110
12122200
20012211
00001200
18
02222000
02221110
22122111
02121000
22221110
12122200
10012211
10001200
48
02222000
02221110
22122111
02121000
22221110
12122100
10021211
10222200
78
02222000
02221110
22122111
02122200
22212210
12121200
10021211
10222210
28
02222000
02221110
22122111
02122200
22212222
12121200
10021211
11111110
12
02222000
11211110
22122111
22122200
22212222
12121200
10021211
11111110
27
02222020
11211210
21122111
21122200
21212222
11121200
11021211
11111110
37
02222220
11212210
21122111
21122100
21211222
11111200
11111211
11111110
74
22222220
22212210
21222111
21122110
21211122
11111200
11111211
11111110
86
22222222
22212220
21222211
21122110
21211112
11111201
11111211
11111110
76
22222222
22212220
21222221
21122222
21211112
11111111
11111111
11111110
82
