00000000
00000000
00000000
00021000
00012000
00000000
00000000
00000000
34
00000000
00000000
00200000
00121000
00012000
00000000
00000000
00000000
65
00000000
00000000
00200000
02221000
00011100
00000000
00000000
00000000
43
00000000
00000000
00210000
02222200
00011100
00000000
00000000
00000000
23
00000000
00000000
01110000
02122200
00021100
00200000
00000000
00000000
73
00000000
00000000
01110010
02122220
00021100
00200000
00000000
00000000
63
00000000
00000000
01110110
02122120
00022220
00200000
00000000
00000000
76
00000000
00020000
01220110
02121110
00022110
00200010
00000000
00000000
46
00000000
00020000
01220110
02121110
00021110
00220010
00020000
00000000
22
02000000
02020000
02120110
02111110
00021110
00220010
00020000
00000000
13
02000000
02020002
11120120
02111210
00022110
00220010
00020000
00000000
14
02000000
02020002
11220120
12111210
20022110
00220010
00020000
00000000
27
02000000
02020002
11220120
12112210
20012210
00120020
01020002
00000000
56
02000000
02020022
11220220
12112210
20012110
00111020
01020002
00000000
38
02000000
02020022
11220220
12212210
22012110
00111020
01010002
00100000
32
02200000
02220022
11210220
12211210
22012110
00111020
01010002
00100000
16
02200000
02220022
11210220
12111210
11012210
10111220
01010002
00100000
35
02200000
02220022
11210220
11211210
11212210
10221220
01210002
00100000
26
02200000
02220022
11210220
11211222
11112220
11111220
01210002
00100000
11
12200000
01222022
11120220
11211222
11112220
11111220
01210002
00100000
77
12200000
02222022
12120220
12211222
12111220
12111120
02210012
02100000
81
12200021
02222022
12120120
12211222
12111220
12111120
02210012
02100000
17
12200021
02222022
12120120
12211222
12111220
11211120
11120012
02102000
18
12200021
02222222
12120220
12211222
12111220
11211120
11120012
11102000
12
12200021
12222222
11120220
12111222
12111220
11211220
11120222
11102000
85
12200021
12222222
11120220
12111222
12211111
11221220
11122222
11102000
78
12200021
12222222
11120220
12111222
12211111
11221210
11122212
11102210
61
12200111
12221122
11110120
12111122
12211111
11221210
11122222
11102222
48
12220111
12222122
11110220
12111122
12211111
11211110
11111222
11112222
83
12220111
12222111
11112221
12122111
12212111
11212110
11112222
11112222
51
