00000000
00000000
00000000
00021000
00012000
00000000
00000000
00000000
65
00000000
00000000
00000000
00021000
00021100
00020000
00000000
00000000
33
00000000
00000000
00100000
00011000
00022220
00020000
00000000
00000000
66
00000000
00000000
00100000
00011000
00021220
00020200
00002000
00000000
85
00000000
00000000
00100000
00011200
00022211
00020200
00002000
00000000
35
00000000
00000000
00120000
00021200
00121111
00020200
00002000
00000000
63
00000000
00000000
00120120
00021200
00122111
00020200
00002000
00000000
32
00000000
02100000
00210120
00021200
00122111
00020200
00002000
00000000
23
00000000
02100000
01112220
00022200
00122111
00020200
00002000
00000000
68
00000000
02100000
01112220
00022202
00122121
00010200
00001000
00000100
83
00000000
02100000
02111111
02022201
00122121
00010200
00001000
00000100
15
00020000
02200000
02111111
01022201
10122121
00010200
00001000
00000100
67
00020000
02200000
02111111
01022201
10122121
00020100
00201100
00000100
86
00020000
02200000
02111111
01022101
10222111
02020101
00201100
00000100
21
01020000
01100000
01111111
01022221
10222111
02020101
00201100
00000100
25
01020000
01100002
01111121
01022221
11111111
02020101
00201100
00000100
48
01020000
01100002
01111121
01022221
11121111
01220101
00101100
00010100
72
01020002
01100022
01111211
01022211
11121111
01220101
00101100
00010100
34
01020002
01120022
01121211
01121111
11121111
01220101
00101100
00010100
71
01020012
01120012
01121211
01121111
11122111
01220201
00101120
00010100
56
21020012
02120012
01221211
01121111
11111111
01111201
00101120
00010100
76
21020012
02120012
01221221
01121211
11112111
01121111
00201120
02010100
47
21020012
02120012
01221221
01221211
12112111
21111111
00211120
02010100
87
21020012
22120012
02221221
01221211
12112111
21111111
00211111
02010100
31
21122012
22120012
02221221
01221211
12112111
21111111
00211111
02010100
13
21122012
21220012
22111221
22221211
22112111
21111111
00211111
02010100
38
21122012
21222012
22122221
22222211
22112111
21111111
00111111
02110100
61
21111112
21222012
22122221
22222211
22212111
22111111
20111111
02110100
62
21111112
21111112
22122111
22222111
22222111
22112111
20111211
02110120
27
21111112
21111112
21122111
21222111
21222111
21212111
22111211
22110120
58
