00000000
00000000
00020000
00022000
00021000
00000000
00000000
00000000
35
00000000
00000000
00020000
00022000
00112000
00000200
00000000
00000000
53
00000000
00002000
00022000
00012000
00112000
00000200
00000000
00000000
62
00000000
00002100
00021000
00012000
02222000
00000200
00000000
00000000
26
00000000
00002100
00021000
00012000
02122000
02000200
02000000
00000000
33
00000000
02002100
00211000
00022000
02122000
02000200
02000000
00000000
17
00000000
02202100
00221000
00022000
02122000
01000200
12000000
00000000
24
00000020
02202200
00222000
01022000
01122000
01000200
12000000
00000000
28
00000020
02202200
00222000
02022000
22222000
01000200
11000000
01000000
23
00000020
02202200
01222000
01022000
21222000
02000200
11200000
01000000
47
00000020
02202200
01222000
01022000
21222000
02000200
11210000
01020000
65
00000020
02202200
01222000
01022000
21121100
02200200
11210000
01020000
51
00001020
02201200
01221000
01022000
21121200
02200220
11210000
01020000
21
01001020
01201200
01221000
01022000
21121200
02200220
11220000
01022000
73
01001020
01201100
01222210
01022000
21121200
02200220
11220000
01022000
42
01001220
01112200
01122210
01022000
21121200
02200220
11220000
01022000
57
01001220
01112200
01122210
01022000
21121200
02220220
11121000
01022000
64
01001220
01112200
01121210
01022100
21121200
02220220
11122200
01022000
75
01001220
01112200
01121210
21022100
22121110
02220220
11122200
01022000
81
01001111
01112200
01121222
21022100
22121110
02220220
11122200
01022000
82
21001111
02112201
01221212
21022100
22121110
02220220
11122200
01022000
72
21001111
02111111
01221112
22221100
22111110
02120220
11122200
01022000
56
22201111
02211111
01221112
22221100
22111110
02111220
11122200
01022000
12
22201111
11111111
01221112
22222220
22111220
02112220
11122200
01022000
78
22201111
11111111
01221112
22222220
22111220
02111220
11122220
01022010
84
22201111
22111111
22221111
22222221
22111220
02111220
11122220
01022010
85
22201111
22111111
22221111
22222211
22111121
02111222
11122220
01022010
68
22201111
22111111
22221111
22222211
22111121
02111122
11121120
01022222
87
22221111
22221111
22221111
22222211
22111121
02111111
11121111
01022222
38
22221111
22221111
22221111
22222211
22121121
02211111
12111111
22222222
16
