00000000
00000000
00000000
00021000
00012000
00000000
00000000
00000000
56
00000000
00000000
00000000
00022200
00011000
00001000
00000000
00000000
53
00000000
00020000
00002000
00021200
00011000
00001000
00000000
00000000
34
00000000
00020000
00002000
00112200
00012000
00002000
00002000
00000000
62
00000000
00020100
00001000
00112200
00022000
00202000
00002000
00000000
46
00000000
00020100
02001000
00212200
00022000
00212000
00002000
00000000
73
00000000
00020100
02001010
00212220
00021000
00212000
00002000
00000000
84
00000000
00020100
02001010
00211111
00022200
00212000
00002000
00000000
27
00000000
00020100
02001010
00211111
00222200
00122000
01002000
00000000
37
00000000
00020100
02001010
00211111
00221200
00212000
02102000
20000000
26
00000000
00022100
02002010
00212111
00122200
01112000
02102000
20000000
32
00000000
00111100
02002010
00212111
00122200
01122000
02202000
22000000
38
00000000
00111102
02002020
00212211
00122200
01122000
02102000
22100000
68
00000000
00111102
02202020
00222211
00122200
01112000
02101000
22100100
66
00000000
00111102
02202020
00222211
00122200
01111200
02101020
22100100
12
00000000
10111102
01202020
00122211
00122200
01122200
02221020
22100100
17
00000000
10111102
01202020
02222211
00222200
01122200
11111020
22100100
86
00002000
10122202
01202020
02222211
00222200
01122201
11111010
22100100
14
00002000
10122202
01202020
11111111
00222200
01122201
11122010
22220100
58
00202000
10222202
01202020
11111111
00221200
01121201
11111010
22221100
25
00202000
10222202
01222020
11122111
01121200
01121201
11111010
22221100
22
00202000
11222202
01122020
11112111
01121200
01122201
11111210
22221100
78
00202000
11222202
01122022
11112121
01111200
01121201
11111110
22221110
71
00202010
11222102
01121022
11112121
01111200
01121201
11111120
22222222
81
00202011
12222101
22221021
12112121
01211200
01121201
11111120
22222222
61
00202111
12221101
22211021
12112121
01211200
01121221
11111220
22222222
87
20202111
22221101
22211021
12111121
01211100
01121211
11111111
22222222
63
20202111
22222221
22211221
12112121
01221100
01221211
12111111
22222222
41
20211111
22112221
21221221
12212121
02221100
22221211
22111111
22222222
15
20211111
22122221
21122221
11212221
11111120
21221221
22111121
22222222
85
