00000000
00000000
00000000
00222000
00021000
00000000
00000000
00000000
33
00000000
00000000
00100000
00212000
00022200
00000000
00000000
00000000
24
00000000
00000000
00120000
01122000
00022200
00000000
00000000
00000000
66
00000000
00000000
00120000
01112000
00022200
00002100
00000000
00000000
52
00000000
00001000
00110000
01112000
00022200
00002200
00000200
00000000
77
00000000
00201000
00120000
01112000
00021200
00002100
00000210
00000000
42
00020000
00221000
00120000
01122000
00021200
00002100
00000210
00000000
51
00021000
00211000
00120000
01122000
00022200
00002200
00000220
00000002
64
00021000
00212000
00120200
01112200
00022200
00002200
00000220
00000002
74
00021000
00212000
02220200
01211110
00022200
00002200
00000220
00000002
47
00021000
00212000
02220200
01222222
00022100
00001200
00010220
00000002
83
00021000
00212000
02220201
22222212
00022100
00001200
00010220
00000002
76
00021000
00212000
02220201
22222212
00022200
00001120
00010222
00000002
15
00021000
00212000
02120201
22222212
12022200
00001120
00010222
00000002
85
00021000
02212000
02220201
22222211
12022201
00001120
00010222
00000002
78
00022200
02212000
02220201
22222211
12022201
00001120
00010122
00000012
75
00022200
02212000
02220201
22222211
12022221
00001112
00010112
00000012
21
01022200
02112000
02210201
22221211
12022121
00022222
00010112
00000012
35
01022200
02112000
02110221
22121221
11111121
00022222
00010112
00000012
13
01022200
02112000
11110221
11121221
11111121
00022222
00020112
00020012
38
01022200
02112000
11110221
11121221
11111121
00021222
00010222
00120222
31
01122200
01112000
11110221
11122221
11121121
00221222
00010222
00120222
58
01122200
01112000
11110221
11122221
11221121
02221212
00010122
00111222
16
01122200
01112000
11110221
11122221
11221121
11211212
02010122
00111222
82
01122200
22222001
12110211
11222121
11221121
11211212
02010122
00111222
57
01122200
22222001
12110211
11222121
11221111
11211112
02011122
02222222
62
01122202
22222102
12110112
11222122
11221112
11211112
02011122
02222222
71
01111112
22222102
12110122
11222222
11222112
11221112
02222222
02222222
18
01111112
22222222
12110122
11221222
11212112
11121112
01222222
12222222
53
01111112
22211122
22111122
21211122
21112112
21121112
22222222
12222222
11
