00000000
00000000
00000000
00021000
00012000
00000000
00000000
00000000
43
00000000
00000000
00012000
00012000
00012000
00000000
00000000
00000000
62
00000000
00000100
00011000
00012000
00222000
00000000
00000000
00000000
26
00000000
00200100
00021000
00012000
00122000
01000000
00000000
00000000
66
00000000
00200100
00021000
00012000
00122000
01002100
00000000
00000000
46
00000000
00200100
00021000
00012000
00112000
01011200
00000020
00000000
33
00000000
00200100
00111000
00012000
00122000
01222200
00000020
00000000
88
00000000
00200100
00111000
00012200
00122000
01222100
00000010
00000001
65
00000000
00200100
00111000
00011200
00111100
22222100
00000010
00000001
67
00000000
00200100
00111200
00012200
00121100
22221100
00000110
00000001
74
00000000
00200100
00211200
00211110
00221100
22221100
00000110
00000001
17
00000000
00200100
00211200
00211110
00122220
21221100
10000110
00000001
24
00000000
00200100
20211200
02111110
00222220
21221100
10000110
00000001
27
00000000
00200100
20211200
02111110
00212220
21122200
11002110
00000001
22
00000000
01200100
20111200
02111110
00212220
21222200
11202110
00000001
52
00000000
01201120
20111200
02112110
00222220
21222200
11202110
00000001
81
00000001
01201110
22111100
02211110
00222220
21122200
11202110
00000001
48
00000001
01201110
22111100
02222222
00222220
21122200
11102110
00010001
12
02000001
12201110
22111100
02122222
00212220
21121200
11102110
00010001
86
02002001
12202110
22112100
02122122
00212210
21121201
11102110
00010001
14
02002001
12202110
12112100
11122122
00212210
21121201
11202110
02010001
15
02002001
12202110
12112100
11122122
10212222
11121201
11202110
02010001
58
02002201
12202210
12112200
11122222
10212222
11121201
11201110
02011001
25
02002201
12202210
12112200
11122222
11112222
11122201
11221110
02011001
83
02002201
12202210
12112201
11122221
11112221
11122201
11222210
02011201
78
02002201
12222210
12122201
11122221
11112221
11121201
11222110
02011111
11
12002201
11222210
12122201
11122221
11112221
11121201
11222222
02011111
73
12002221
11222220
12111121
11122221
11112221
11121201
11222222
02011111
76
12002221
11222220
12111221
11122221
11122121
11221111
12222112
22011111
31
11122221
11222220
12121221
11122221
11122121
11221111
12222112
22011111
82
11122221
11111111
12121221
11122221
11122121
11221111
12222112
22011111
38
