00000000
00000000
00000000
00222000
00021000
00000000
00000000
00000000
35
00000000
00000000
00000000
00222000
00112000
00000200
00000000
00000000
33
00000000
02000000
00200000
00122000
00112000
00000200
00000000
00000000
63
00000000
02000000
00200100
00121000
00212000
02000200
00000000
00000000
65
00000000
02000000
00200100
02221000
00211100
02000200
00000000
00000000
77
00000000
02000000
00200100
02221000
00221100
02020100
00000010
00000000
25
00000000
02000000
00200100
02221000
01112100
02020200
00000020
00000002
57
00000000
02000000
00200100
02221000
01122100
02012200
00001020
00000002
47
00000000
02000000
00202100
02222000
01122100
02011200
00011020
00000002
62
00000000
02000100
00201100
02212000
01122220
02011200
00011020
00000002
64
00000000
02000100
00201100
02222220
01121220
02011200
00011020
00000002
86
00000000
02000100
00201100
02222120
01121220
02011221
00011020
00000002
84
00000000
02000100
00201100
02222111
01121210
02021121
00021020
00020002
11
10000000
01000120
00101200
02212111
01121210
02021121
00021020
00020002
82
10000000
01000111
00101220
02212221
01122220
02021121
00021020
00020002
38
10000000
01000111
00122220
02222221
01122220
02021121
00011020
00120002
42
10000000
01010111
00111220
02212121
01212210
02021121
00012020
00120202
87
10000000
01010111
00111220
02211121
02212110
22021111
00012021
00120202
14
10000000
01210111
00211220
11211121
02212110
22021111
00012021
00120202
37
10000000
01210111
20211220
12211121
02211110
22011111
00112021
00120202
83
10000000
01210111
20211111
12211111
02211110
22011111
02222021
00120202
67
10000000
01210111
20211111
12211111
02221110
22012111
02222211
00120222
28
10000000
01222111
20222111
12212111
02222110
22012111
02122211
01120222
58
10200000
02222111
20222111
12212111
02222110
22012111
02122111
01111222
12
10200002
11111121
10222211
12212111
02222110
22012111
02122111
01111222
23
10220002
11121121
11121111
11122111
01222110
21021111
01122111
01111222
71
10220012
11121111
11121111
11122111
01222110
22021111
22222111
01111222
15
12220012
12221111
12121111
12122111
12222110
22021111
22122111
01111222
51
11111222
12212211
12121211
12122211
12222210
22021211
22122211
01111222
18
11111222
12212212
12121212
12122222
12222222
12021222
12122212
11111222
36
