00000000
00000000
00020000
00022000
00021000
00000000
00000000
00000000
53
00000000
00000000
00021000
00022200
00021000
00000000
00000000
00000000
75
00000000
00000000
00021000
00022100
00022010
00002000
00000000
00000000
33
00000000
02000000
00211000
00022100
00022010
00002000
00000000
00000000
46
00000000
02002000
00212000
00012100
00011010
00012000
00000000
00000000
57
00000000
02002000
00212000
00012100
00021010
00211000
00001000
00000000
62
00000000
02002100
00211000
00012220
00021010
00211000
00001000
00000000
61
00000100
02201100
00221000
00012220
00021010
00211000
00001000
00000000
35
00000100
02201100
00221000
00012220
00112010
00221000
00201000
00000000
84
00000100
02201100
00221000
02011111
00212010
00221000
00201000
00000000
11
10000100
01221100
00221000
02011111
00212010
00221000
00201000
00000000
13
10000100
01222220
10221000
01011111
00112010
00211000
00201000
00000000
21
11000100
01122220
10212000
01021111
00212010
02211000
00201000
00000000
65
11000100
01122220
10212200
01022111
00221110
02211000
00201000
00000000
31
11100100
01112220
10211200
02022111
20221110
02211000
00201000
00000000
28
11100100
22222220
10211200
02022111
20221110
02211000
00101000
01000000
73
11100100
22222220
10212110
02022211
20221120
02211002
00101000
01000000
76
11100100
22222220
10212120
02022221
20221120
02211022
00101020
01000000
23
11100100
21222220
11112120
02022221
20221120
02211022
00201020
01020000
66
11100100
21222220
22112120
22022221
20221110
02211122
00201020
01020000
51
11121100
21222120
22121210
22021221
20221110
02211122
00201020
01020000
81
11121101
21222222
22121120
22021221
20221110
02211122
00201020
01020000
78
11121101
21222222
22121120
22021221
20221210
02222112
00221010
01020010
83
11121101
21222211
22121111
22021221
20221210
02222112
00222020
01020210
85
11121101
21222211
22121111
22021211
20221211
02222122
00222022
01020210
67
11121101
21222211
22221111
22221211
20221211
02222112
00222122
01020210
71
11121111
21222111
22221111
22221211
20221211
02222112
00222122
01020222
25
11121111
21221111
21211111
21121211
21111211
02222112
00222122
01020222
58
11121111
21221111
21211111
21121211
21111211
02122112
00221122
01221222
17
11121111
21221111
21211111
21121211
21111211
01122112
10221122
22221222
16
11121111
11221111
11211111
11121211
11111211
11122112
10221122
22221222
27
