00000000
00000000
00020000
00022000
00021000
00000000
00000000
00000000
35
00000000
00000000
00020000
00022000
00112000
00000200
00000000
00000000
65
00000000
00000000
00020000
00022000
00121100
00020200
00000000
00000000
32
00000000
00100000
00010000
00021000
00122220
00020200
00000000
00000000
34
00000000
00100000
00010200
00112000
00122220
00020200
00000000
00000000
85
00000000
00100000
00210200
00122000
00112111
00020200
00000000
00000000
64
00000000
00100000
00210220
00111200
00112111
00020200
00000000
00000000
57
00000000
00100000
00210220
00111200
00112111
00010200
00001020
00000000
74
00000000
00100000
00210220
00212110
00222111
00210200
00001020
00000000
25
00200000
00200000
00210220
00112110
01111111
00210200
00001020
00000000
47
00200000
00200000
00210220
00112110
01121111
00210200
02011020
00000000
82
00200000
00200001
00210210
00112110
01121111
00210200
02021020
00002000
22
00200000
01200001
02110210
00212110
01121111
00210200
02021020
00002000
88
02200000
02200001
02110210
00212110
01121111
00210100
02021010
00002001
62
02200000
02200101
02110110
00212110
22221111
00210100
02021010
00002001
37
02200000
02200121
02110210
00112110
22121111
00110100
02111010
00002001
53
02200000
02220121
02121110
00121110
22121111
00110100
02111010
00002001
17
02200020
02220221
02122110
00121110
22121111
00110100
11111010
00002001
51
02201020
02210121
02122110
00121210
22121121
00110102
11111010
00002001
52
02201020
02211121
02111110
02221210
22121121
00110102
11111010
00002001
12
02221020
11221121
02121110
02221210
22121121
00110102
11111010
00002001
81
02221021
11221111
02121110
02221210
22121121
00120202
11122010
00022001
13
02221021
11221111
11121110
01221222
22121122
00120202
11122010
00022001
11
11111021
11221111
11121110
01221222
22221122
02220202
11222010
00022001
68
11111021
11221111
11121110
01222222
22121222
02210222
11221010
00022101
61
11111111
11221111
11122222
01222222
22121222
02210222
11221010
00022101
38
11111111
11221111
12122222
22222222
22121222
02110222
11121010
00111101
56
11111111
11221111
11122222
22122222
22111222
02111222
11111020
00111121
87
11111111
11121111
11112221
22122221
22121121
02211211
12111021
20111121
16
