00000000
00000000
00020000
00022000
00021000
00000000
00000000
00000000
33
00000000
00000000
00120000
00222000
00021000
00000000
00000000
00000000
35
00000000
00000000
00120000
00122000
00112000
00000200
00000000
00000000
65
00000000
00000000
00120000
00222000
02111100
00000200
00000000
00000000
42
00000000
00010000
00110000
00212000
02122100
00002200
00000000
00000000
77
00000000
00012000
00120000
00212000
02121100
00002100
00000010
00000000
15
00000000
00012000
00120000
00212000
11221100
00202100
00000010
00000000
47
00000000
00012000
00120000
00212000
11221100
00201100
02010010
00000000
53
00000000
00012000
00111000
00222200
11221100
00201100
02010010
00000000
51
00001000
00011000
00111000
00222200
12221100
20201100
02010010
00000000
23
00001000
00011000
01111000
00122200
12212100
20201200
02010020
00000002
18
00001000
00011000
01111000
00122200
12212100
20201200
01210020
10000002
67
00001000
00011000
01111000
00122200
12212200
20201200
01210220
10000202
17
00001000
00011200
01112000
00122200
12212200
10201200
11210220
10000202
75
00001000
00011200
01111000
00122102
12211120
10201200
11210220
10000202
86
00001000
00011200
01111000
00122222
12211110
10201201
11210220
10000202
14
00001000
00011200
01111000
10122222
11212110
10102201
11222220
10000202
78
00001000
00011200
01111000
10122222
11222110
10122201
11222120
10000212
48
00001000
00222200
01221000
10212222
11212110
10112101
11211120
10010212
26
00001000
00222200
01221000
10212222
11112110
11122101
11211120
12010212
22
00001000
01222200
01121000
10212222
11112110
11122101
11212120
12012212
83
00001000
01222200
22221001
10212212
11112110
11122101
11212120
12012212
21
21001000
02122200
22211001
10211212
11112110
11122101
11212120
12012212
73
21001000
02122100
22211011
10211212
11112110
11122221
11212220
12012212
61
21001100
02121100
22211011
10211212
11112222
11122221
11212220
12012212
87
21001100
02122220
22211021
10211222
11112122
11122211
11211111
12012212
12
21001100
11122220
11211021
12222222
12212122
12122211
12211111
12012212
82
21021100
11121111
11221021
12222222
12212122
12122211
12211111
12012212
63
21022220
11121221
11222121
12221122
12212122
12122211
12211111
12012212
31
21122222
11111222
11221122
12221122
12212122
12122211
12211111
12012212
38
