00000000
00000000
00000000
00021000
00012000
00000000
00000000
00000000
65
00000000
00000000
00000000
00021000
00012100
00000200
00000000
00000000
34
00000000
00000000
00000000
00111000
00012220
00000200
00000000
00000000
85
00000000
00000000
00000000
00111200
00011211
00000200
00000000
00000000
73
00000000
00000000
00020010
00112100
00011211
00000200
00000000
00000000
57
00000000
00000000
00020010
02222100
00011211
00000100
00001000
00000000
33
00000000
00000000
00120010
02222100
00021211
00020100
00001000
00000000
14
00000000
00000000
00120210
11112200
00021211
00020100
00001000
00000000
47
00000000
00000000
00120210
11122200
00021211
00020100
00021000
00020000
74
00000000
00000000
00120222
11111120
00021211
00020100
00021000
00020000
32
02000000
00200000
00120222
11112120
00021211
00020100
00021000
00020000
84
02000000
00200000
02220222
11212111
00021211
00020100
00021000
00020000
52
02000000
00201000
02220122
11222111
00022211
00020200
00021020
00020000
25
02000000
00201000
02222222
11122111
01022211
00020200
00021020
00020000
42
02000000
00211000
02121222
11122111
01022211
00020200
00022220
00020000
82
02000000
00222201
02122211
11122111
01022211
00020200
00022220
00020000
51
02001000
00212101
02122211
11222111
02022211
20020200
00022220
00020000
31
02101020
00112201
02122211
11222111
02022211
20020200
00022220
00020000
88
02101020
00112201
02122211
11212111
02021211
20020100
00022222
00020001
36
02101020
00112201
02122211
11212211
01021221
20120102
00022222
00020001
76
02101020
02222201
02212211
11221211
01022111
20120212
00022222
00020001
58
02101020
02222201
02212211
11221211
01022111
20120212
00012222
00022201
13
02101020
01222201
11212211
12221211
21022111
20120212
00012222
00022201
41
02111020
01111201
11212111
12221211
21022111
20120212
00222222
00022201
35
02111020
22222201
21112111
21121211
21111111
20120212
00222222
00022201
78
02222220
22222201
21112111
21121211
21111111
20120212
00222212
00022211
11
12222220
22222201
22112111
22121211
22211111
22220212
00222212
00022211
28
12222220
22222201
22112111
22222211
22222111
22222212
00122212
01022211
17
12222220
12222221
12112211
12222211
12222111
12222212
10122212
01022211
81
11111111
12222221
12112211
12222211
12222111
12222212
10222212
01222211
27
