00000000
00000000
00020000
00022000
00021000
00000000
00000000
00000000
33
00000000
00000000
00120000
00012000
00022200
00000000
00000000
00000000
46
00000000
00000000
00120000
00222000
00012200
00010000
00000000
00000000
23
00000000
00000000
01120000
00222000
02012200
00010000
00000000
00000000
64
00000000
00000000
01120000
00222100
02021200
00210000
00000000
00000000
35
00000000
00000000
22220000
00122100
02111200
00210000
00000000
00000000
15
00000000
00000000
22220000
00122100
11211200
02210000
00000000
00000000
37
00000000
00000000
22220000
00222100
11211200
01210000
00200000
00200000
48
00000000
00000000
22220000
00222100
11211200
01220000
00102000
00210000
24
00000000
00000000
22220000
21111100
12211200
01220000
00102000
00210000
42
00000000
00010000
22110000
21111100
12211200
02220000
20102000
00210000
27
00000000
00010000
22110000
21211100
11221200
01122000
21102000
00210000
12
00000000
10010000
12110000
12211100
12221200
02122000
22202000
02210000
47
00000000
10010000
12222000
12222100
12212200
02112000
22212000
02210000
18
00000000
10010000
12222000
12222220
12212200
02112000
21212000
11110000
84
00200000
10020000
12222000
11111111
12212200
02112000
21212000
11110000
51
00201000
10010000
12122020
11111211
12212200
02112000
21212000
11110000
75
00201000
10010200
12122020
11121111
12211110
02112000
21212000
11110000
82
00201000
10010201
12122010
11121111
12212110
02112200
21212000
11110000
67
00201000
10010201
12122010
11122111
12212210
02222220
21211100
11110000
32
00221000
10120201
11122010
11122111
12212210
02222220
21211100
11110000
16
00221000
12220201
12222010
12122111
12212210
12222220
11211100
11110000
21
01111000
11220201
11222210
11122211
11212210
11222220
11211100
11110000
71
01111010
11222101
11222210
11112211
11112210
11222220
11211100
11110000
77
01111010
11222101
11222210
11112211
11111210
11222210
11212210
11110200
78
01111010
11222221
11222210
11112211
11111210
11221210
11212110
11110210
81
01111011
11222211
11222110
11111211
11111210
11221220
11212222
11110210
58
21111011
12222211
11222110
11111211
11111210
11221220
11211222
11111110
88
21111011
12222211
11222110
11111211
11111220
11221122
11211212
11111111
85
