00000000
00000000
00000000
00012000
00022000
00002000
00000000
00000000
66
00000000
00000000
00000000
00012000
00022200
00002100
00000000
00000000
64
00000000
00000000
00000000
00011100
00022100
00002200
00000020
00000000
36
00000000
00000000
00000000
00211100
00022100
00102200
00000020
00000000
47
00000000
00000000
00002000
00212100
00022100
00101200
00010020
00000000
76
00000000
00000000
00002020
00212200
00022100
00101110
00010020
00000000
63
00000000
00000000
00002120
00211100
00012100
00102110
00012020
00000000
43
00000000
00000000
00011120
00222220
00012200
00102110
00012020
00000000
33
00000000
00000000
00111120
00212220
00021200
00202110
02012020
00000000
78
00000000
00002000
00122220
00212220
00021200
00202110
02012010
00000010
58
00000000
00002000
00122220
00212220
00021200
00202110
02021010
00201010
75
00000000
00002000
00122220
00212220
00021120
00202222
02021010
00201010
84
00000000
00202000
00222220
00211111
00021110
00202122
02021010
00201010
62
00000000
00202100
00222222
00211121
00021210
00202122
02021010
00201010
51
00001000
00201100
00221222
00211121
00021210
00202122
02021020
00201210
37
00001200
00202200
00221222
00211121
00021210
00202122
02111020
00201210
71
00001110
00202100
00221222
00211221
00022210
00222122
02112020
00201210
22
20001110
02202100
00221222
00221221
00022210
00222122
02112020
00201210
88
20001110
02222100
00222222
00221221
00022210
00222122
02112010
00201211
25
20021110
02222100
00212222
00121221
01022210
00122122
02112010
00201211
31
20111110
02112100
00111222
00121122
01022222
00122122
02112010
00201211
12
20111110
11112100
00121222
00221122
02022222
20122122
02112010
00201211
17
20111110
11112100
00121222
00221122
02222222
20222122
11212010
00201211
26
20111110
11112100
00121222
00211122
02122222
21121122
11222010
00222211
28
20111110
11112100
02221222
00211122
02121222
21111122
11122010
01111111
72
20111110
11112110
02221112
00211112
02121212
21211112
22122010
21111111
67
20111110
21112110
22221112
00211112
02121212
21211112
22111110
21111111
15
20111112
21112120
22221212
00212112
11121212
21211112
22111110
21111111
14
20111112
21112120
21221212
12212112
12121212
22211112
22111110
21111111
82
22222222
22212111
22221212
12212112
12121212
22211112
22111110
21111111
87
