00000000
00000000
00020000
00022000
00021000
00000000
00000000
00000000
35
00000000
00000000
00020000
00022000
00121000
00020000
00000000
00000000
57
00000000
00000000
00020000
00022000
00121000
00020000
00021000
00000000
37
00000000
00000000
00020000
00022000
00221000
02010000
00111000
00000000
15
00000000
00000000
00020000
00022000
10221000
01020000
00121000
00020000
25
00000000
00000000
00020000
00022000
11112000
01020200
00122000
00020000
65
00000000
00000000
00020000
00022000
11111200
01020220
00122000
00020000
33
00000000
00000000
02220000
00012000
11111200
01020220
00122000
00020000
22
00000000
01000000
02120000
00012000
11111200
01020220
02222000
00020000
53
00000000
01000000
02111000
02011000
12211200
02020220
02222000
00020000
77
00000000
01000000
02111000
02011200
12212200
02020120
02222010
00020000
86
02000000
02000000
02111000
02011200
12212200
02020111
02222010
00020000
17
02000000
02000000
02111000
02222200
12112200
01020111
12222010
00020000
13
02000000
02000000
11111000
01222200
12112220
01020211
12222010
00020000
31
02100000
01000000
11111000
01222200
12112220
01020221
12222020
00020020
67
02100000
01000000
11111000
01222200
12122220
01022221
11111220
00020020
84
02100000
01000000
11111000
01222201
12122210
01022121
11121220
00220020
87
02220000
01000000
11111000
01221201
12122110
01022111
11121111
00220020
36
02220000
01200000
11211000
01221201
12112110
01111111
11121111
00220020
14
22220000
02200000
11211000
11221201
11112110
01111111
11121111
00220020
63
22220000
02200000
12211100
12221101
12112110
02121111
12221111
02220020
42
22220000
02210000
12111100
11221101
12112110
02121111
12222111
02220220
58
22220000
02210000
12111100
11221101
12112110
02121211
12211121
02221222
12
22220000
11112000
11122100
11222101
12112110
02121211
12211121
02221222
16
22220000
11112200
11122200
11222201
12112210
11121211
12211121
02221222
61
22220100
11111120
11112200
11122101
11112110
11121111
12211121
02221222
81
22220101
11111110
11112220
11121201
11112110
11121111
12211121
02221222
18
22220101
11111110
11112220
11121221
11112120
11121121
11211121
11111222
83
22220101
11111112
11111121
11121211
11112120
11121121
11211121
11111222
85
22220121
11111222
11112121
11121211
11112111
11121111
11211121
11111222
51
