00000000
00000000
00000000
00012000
00022200
00000000
00000000
00000000
64
00000000
00000000
00002000
00012100
00022200
00000000
00000000
00000000
46
00000000
00000000
00002000
00012220
00011200
00010000
00000000
00000000
52
00000000
00001000
00021000
00012220
00011200
00010000
00000000
00000000
34
00000000
00021000
00012000
00112220
00011200
00010000
00000000
00000000
84
00000000
00021000
00012002
00111121
00011200
00010000
00000000
00000000
31
00100000
00011000
00011002
02222221
00011200
00010000
00000000
00000000
35
00102000
00012000
00012002
02212221
00111200
00010000
00000000
00000000
75
00102000
00012000
00011002
02212121
00221110
00210000
00000000
00000000
61
00102100
00011200
00012002
02222121
00221110
00210000
00000000
00000000
26
00102100
00011200
00012002
02222121
00221220
01110020
00000000
00000000
86
00102100
00021200
00222002
02222121
00221210
01110021
00000000
00000000
71
00102110
00021100
00221002
02212121
00221210
01210021
00200000
00000000
41
00111110
00011100
00211002
02212121
00221210
02210021
20200000
00000000
14
00111110
00011100
20211002
12112121
00221210
02210021
20200000
00000000
56
00111110
00011100
20222202
12112221
00211210
02211021
20200000
00000000
27
00111110
00011100
20222202
12112222
00211222
02111021
21200000
00000000
22
00111110
01011100
20122202
12112222
00211222
02222221
21200000
00000000
38
00111110
01011100
20122202
12112222
00121222
02222221
22100000
20100000
47
00111110
01011100
20122202
12112222
00111222
02212222
22110002
20100000
72
00111110
01011110
22222102
12211222
00121222
02212222
22110002
20100000
32
00111110
01111110
21112102
12111222
00121222
02222222
22220002
20120000
15
00111112
01111120
21112202
11112222
10121222
02222222
22220002
20120000
57
00111112
01111120
21112202
11112222
10122222
02212222
22222002
20122000
73
00111112
01111112
21111122
11112222
10122222
02222222
22222002
20122000
16
20111112
02111112
21211122
11122222
10122222
12222222
21222002
20122000
77
20111112
02111112
21211112
11122212
10122212
12222212
22222012
22222000
21
21111112
01111112
21211112
11122212
10122212
12222212
22222022
22222002
12
21111112
11111112
11211112
11122212
12222212
12222212
22222022
22222002
68
21111112
11111112
11211112
11122212
12122212
12212212
22221022
22222222
67
