00000000
00000000
00020000
00022000
00021000
00000000
00000000
00000000
33
00000000
00000000
00120000
00012000
00022000
00002000
00000000
00000000
66
00000000
00000000
00120000
00012000
00022200
00002100
00000000
00000000
64
00000000
00000000
00120000
00012100
00022200
00002220
00000000
00000000
42
00000000
02010000
00210000
00022100
00022200
00002220
00000000
00000000
67
00000000
02010000
00210000
00022100
00022100
00002120
00000200
00002000
11
10000000
01210000
00120000
00012100
00021100
00002120
00000200
00002000
86
10000000
01210000
00120000
00012220
00021200
00002111
00000200
00002000
75
10000000
01210000
00120000
00012220
00022222
00002121
00000200
00002000
84
10000000
01210000
00120200
00012211
00022211
00002121
00000200
00002000
68
10000000
01210000
00120200
00012211
00022211
00002221
00000120
00002100
48
10000000
01210000
00120200
00012211
00022211
00002221
00002220
00011100
62
10000000
22210100
00120100
00012111
00022111
00002121
00002120
00011100
21
11000000
22222100
00110100
00011111
00022111
00002121
00002120
00011100
35
11000000
22222100
00112100
00012111
00112111
00002121
00002120
00011100
88
11000000
22222100
00112100
00012111
00112111
00002121
00002222
00011101
78
11000000
22222100
00222100
00222111
00112111
00001111
00002112
00011111
46
11000000
22222100
00222100
00222111
00211111
02011111
00001112
00011111
23
11000000
21222100
01111100
00122111
00221111
02211111
00001112
00011111
51
11021000
21221100
01121100
00122111
00221111
02211111
00001112
00011111
24
11021000
21221100
02121100
22222111
00121111
02211111
00001112
00011111
13
11021000
11221100
11121100
21222111
00121111
02221111
00022222
00011111
15
11021000
11221100
11121100
11222111
12221111
02221111
00022222
00011111
16
11021020
11221200
11112100
11122111
11221111
11111111
00022222
00011111
31
11111020
11111200
11111102
11122122
11221212
11112112
00022222
00011111
72
11111020
11111110
11111102
11122122
11221212
11212112
02022222
00011111
37
11111220
11111220
11111202
11122222
11121212
11112112
02122222
00011111
28
11111220
11111220
11111202
11122222
11221212
12112112
22222222
01011111
18
11111220
11111220
11111202
11122222
11221212
12112112
11222222
11011111
73
11111220
11111122
11111122
11122212
11222212
12122112
11222222
11011111
81
11111111
11111111
11111121
11122211
11222211
12122111
11222221
11011111
38
