00000000
00000000
00000000
00021000
00012000
00000000
00000000
00000000
56
00000000
00000000
00000000
00022200
00011000
00001000
00000000
00000000
43
00000000
00000000
00010000
00012200
00021000
00201000
00000000
00000000
65
00000000
00000000
00010000
00011200
00021200
00201200
00000000
00000000
74
00000000
00000000
00010000
00011110
00021100
00222200
00000000
00000000
35
00000000
00020000
00020000
00021110
00121100
00222200
00000000
00000000
37
00000000
00020000
00020002
00021120
00121200
00112200
00100000
00000000
84
00000000
00020000
00020002
00021112
00121202
00112200
00100000
00000000
57
00000000
00020000
00020002
00021112
00121202
00122200
00121000
00000000
32
02000000
00220000
00020002
00022112
00121202
00122200
00121000
00000000
58
02000000
00220000
00020022
00022212
00122202
00122200
00111000
00001000
41
02010000
00210000
00210022
00022212
00112202
00112200
00111000
00001000
67
02010000
00210000
00210022
00022212
00122202
00121200
00122100
00021000
68
02010000
00210000
00210022
00022222
00122222
00111200
00121100
00021100
24
02010000
00210000
00110022
01022222
00222222
02222200
00221100
00021100
31
02110000
00110000
20110022
02022222
00222222
02222200
00221100
00021100
76
02222000
00120000
20210022
02021222
00222122
02222210
00221100
00021100
27
02222000
02220000
20210022
02021222
00212122
02122210
01111100
00021100
16
02222000
02220000
20210022
02021222
00212122
11122210
01111200
00022220
53
02222000
02222000
20212022
02012222
00112122
11122210
01111200
00022220
72
02222200
02222020
20212012
02012212
00112112
11122210
01111200
00022220
63
02222200
02222020
20221112
02222222
00122112
11122210
01111200
00022220
77
02222200
02222020
20221112
02222222
00122122
11122222
01111120
00022220
81
02222201
02222012
20221122
02222222
00122122
11122222
01111120
00022220
23
02222201
02222012
21111122
02122222
00212122
12121222
22222220
00022220
18
02222201
22222012
22111122
02222222
00222122
12122222
11222220
10022220
38
02222221
22222022
22111122
02222222
00222122
12121222
11112220
10122220
11
11111111
21222022
22111122
02222222
00222122
12121222
12212220
12222220
15
11111111
21222022
22111122
22222222
10222122
12121222
12212220
12222220
88
11111111
21222222
22112222
22222222
10221122
12121122
12212210
11111111
87
11111111
21222221
22112221
22222221
10221121
12121111
12212211
11111111
25
