00000000
00000000
00000000
00021000
00012000
00000000
00000000
00000000
43
00000000
00000000
00210000
00021000
00012000
00000000
00000000
00000000
65
00000000
00000000
00210000
00022200
00011100
00000000
00000000
00000000
23
00000000
00000000
01110000
00022200
00012200
00000200
00000000
00000000
76
00000000
00000000
01110000
00021200
00022100
00020210
00000000
00000000
63
00000000
02000000
01210100
00021100
00022100
00020210
00000000
00000000
67
00000000
02000000
01210120
00021200
00022100
00020110
00000100
00000000
83
00000000
02020000
01220111
00021200
00022100
00020110
00000100
00000000
11
10000000
01020000
01120111
00012200
00021200
00020120
00000102
00000000
37
10000000
01020000
01120111
00012200
00021200
00010120
00100202
00002000
51
10001000
01010000
22220111
00012200
00021200
00010120
00100202
00002000
86
10021000
01020000
22220111
00012200
00021200
00010111
00100202
00002000
24
10021000
01010020
21120211
01012200
00021200
00010111
00100202
00002000
62
10021000
01010120
21120111
01222100
00021100
00010111
00100202
00002000
32
10021000
01110120
21110111
02221100
00221100
00010111
00100202
00002000
14
10021000
01110120
21110111
11111100
00222220
00010111
00100202
00002000
31
10111000
01110120
22222111
11122200
00222220
00010111
00100202
00002000
74
10111000
01112220
22222111
11111110
00222210
00010111
00100202
00002000
88
10111000
01112220
22222111
11111110
00222210
00020111
00200201
02002001
68
10111000
01112220
22222211
11111120
00222222
00020121
00200201
02002101
81
10111001
01112210
22222111
11111120
00222222
00020221
00200221
02002101
36
10111001
01112210
22222111
12211120
02222222
00120221
00200221
02002101
84
10111001
01112210
22222111
12211111
02222221
00120221
00200221
02002221
57
10111021
01112220
22222121
12211121
02222221
00120121
00201111
02002221
82
10111021
01111111
22222111
22211121
22222221
00120121
00201111
02002221
48
10111021
01111111
22222111
22211121
22222221
00220121
02201111
02011111
61
12111111
02211111
22222111
22211121
22222221
00220121
02201111
02011111
38
12111111
02111111
22122111
22111121
22122221
00122221
02101111
02111111
17
12111111
02111111
22122111
22111121
22122221
00222221
11121111
02111111
26
12111111
02111111
22122111
22111121
22122221
01211111
12121111
22111111
16
12111111
02111111
22122111
22111121
21122221
11211111
11121111
22111111
12
