00000000
00000000
00000000
00021000
00012000
00000000
00000000
00000000
65
00000000
00000000
00000000
00021000
00021100
00020000
00000000
00000000
35
00000000
00000000
00000000
02021000
00211100
00020000
00000000
00000000
34
00000000
00000000
00200000
02211000
00211100
00020000
00000000
00000000
37
00000000
00000000
00200000
02211000
00211100
00020000
00102000
00000000
23
00000000
00000000
01200000
02222200
00212100
00020000
00102000
00000000
73
00000000
20000000
02200010
02222100
00211100
00010000
00102000
00000000
43
00000000
20000000
02210010
02211100
00221100
00012000
00102000
00000000
68
00000000
20000000
02210210
02212100
00221100
00012000
00101000
00000100
26
00000000
20000000
02210210
02212100
00221100
01222000
00101000
00000100
25
00000000
20000000
02210210
02112100
01111100
01222000
00201000
02000100
67
00000000
20000000
02210210
02212100
01121100
01222000
00201200
02000120
14
00000000
20000000
02210222
11112100
01121100
01222000
00201200
02000120
66
00000000
20200000
02220222
11112100
01121100
01111100
00201100
02000120
82
00000000
20200001
02220212
11112100
01122100
01112100
00202100
02002220
31
00120000
20200001
02120212
11112100
01122100
01112100
00202100
02002220
38
00120000
20200001
02120212
12112100
02122100
02212100
02102100
02102220
52
00120000
20221001
02220212
12122100
02122100
02212100
02102100
02102220
84
02220000
20221001
02220211
12122101
02122100
02212100
02102100
02102220
53
02220000
20222001
02221211
12112221
02122200
02212100
02102100
02102220
48
02220000
20222021
02221221
12112221
02122200
02212100
02101100
02112220
17
02220000
20222021
02221221
12112221
02122200
01212100
12101100
22112220
75
02220000
20222021
02221221
12122121
02112110
01212200
12101120
22112220
51
02221000
20221021
02221221
12122121
02112220
01212220
12101220
22112220
81
02221001
20221011
02221121
12121121
02112220
22212220
22101220
22112220
86
02221001
20221011
02221121
12121121
02112210
22211121
22101222
22112220
88
02221001
20221011
02221121
12121121
02112222
22211121
22101211
22111111
11
11111021
20221021
02221121
12121121
02112222
22211121
22101211
22111111
61
11111111
20221011
02221121
12121121
02122222
22222121
22222211
22111111
15
11111111
22211011
02221121
11121121
11122222
21222121
22122211
22111111
62
