00000000
00000000
00000000
00012000
00022200
00000000
00000000
00000000
66
00000000
00000000
00000000
00012000
00022200
00002100
00000000
00000000
64
00000000
00000000
00000200
00012100
00022100
00002100
00000000
00000000
62
00000000
00000100
00200100
00022100
00022100
00002100
00000000
00000000
47
00000000
00000100
00200120
00022200
00022100
00001100
00010000
00000000
84
00000200
00000200
00200210
00022201
00022100
00001100
00010000
00000000
22
00000200
01000200
00100210
00012201
00021200
00002200
00010200
00000000
75
00000200
01000200
00100210
00012201
00022222
00002200
00010200
00000000
86
00000200
01000200
00120210
00022201
00022221
00002201
00010200
00000000
57
00000200
01000200
00120210
00022201
00022211
00002101
00012200
00002000
48
00000200
01000202
00120220
00022201
00022211
00002101
00011200
00012000
53
00000200
01000202
02222220
00021101
00021211
00001101
00011200
00012000
51
00001200
01000102
02222220
00021201
00022211
00021101
00011200
00012000
42
00001200
01010102
02211220
00011101
00012211
00011201
00011220
00012000
87
02001200
02010102
02211220
00011101
00012211
00011201
00011111
00012000
71
02001110
02010102
02211220
00012101
00022211
00222201
00021111
00012000
68
02001110
02010102
02211220
00222101
00022211
00222201
00021111
00011100
35
02001110
02010102
02211220
00212201
00112111
00222201
00221111
00011100
12
02201110
12020102
01212220
00112201
00112111
00222201
00221111
00011100
32
02201110
11120102
01112220
00112201
00112111
00222201
00221211
00011120
72
02201110
12120112
22222120
00111201
00112111
00222201
00221211
00011120
25
22201110
22120112
22222120
00111201
01112111
00122201
00211211
00011120
88
22201110
22120112
22222120
00211201
02112111
20122201
00211211
00011111
15
22201110
22120112
22222120
02211201
11212111
20122201
00211211
00011111
27
22201110
22120112
22222120
02211201
11212111
20222201
02221211
00211111
17
22201110
22122222
22222120
02211201
11212111
10222201
11111211
00211111
81
22201111
22122212
22222120
02211201
11212111
10222201
12111211
20211111
41
22211111
22111212
22212120
02211201
12212111
12222201
12111211
20211111
28
22211111
22111212
22212120
02211221
12212211
12222201
12111211
21111111
83
22211111
22111211
22212111
22211211
22212111
22221201
22111211
21111111
76
