00000000
00000000
00000000
00012000
00022200
00000000
00000000
00000000
64
00000000
00000000
00200000
00021100
00022200
00000000
00000000
00000000
56
00000000
00000000
00200000
00021100
00021200
00002000
00000200
00000000
34
00000000
00000000
00202000
00112100
00022200
00002000
00000200
00000000
42
00000000
00010000
00201000
00112220
00022200
00002000
00000200
00000000
75
00000000
00010000
00221000
00122120
00022210
00002000
00000200
00000000
24
00000000
00010000
00121000
01222120
02022210
00002000
00000200
00000000
66
00000000
00210000
00221000
01212120
02021110
00002100
00000200
00000000
83
00000000
00210000
00221001
02212110
22021110
00002100
00000200
00000000
47
00000000
00210000
00221001
02222110
22022110
00001200
00010220
00000000
46
00000000
00210000
00222201
02212210
22011210
00011200
00010220
00000000
23
00000000
00210000
01222201
02112210
22011220
00011202
00010220
00000000
52
00000000
00222200
01211201
02111210
22011220
00011202
00010220
00000000
31
00100000
00112200
01111201
02111220
22011222
00011202
00010220
00000000
76
00100000
20112200
02111201
02211220
22021122
00012112
00010220
00000000
51
00101000
20111200
02111201
02211220
22021122
00022112
00020220
00020000
61
00101100
20111100
02222221
02211220
22022122
00022112
00020220
00020000
57
00101100
20111100
02222221
02212220
22021222
00021122
00021222
00020000
35
00101100
20111100
02122221
02112220
22112222
00021122
00221222
00020000
36
00121100
20222100
02122221
02112220
22112222
00111122
00221222
00020000
16
00121100
22222100
02222221
02122220
21112222
10111122
00221222
00020000
14
02221100
22222100
02222221
11122220
11112222
10111122
00221222
00020000
72
02222220
22222220
02222121
11121220
11112222
10111122
00221222
00020000
82
02222220
22222221
02222111
11122120
11112222
10112122
00222222
00022000
28
02222220
22222221
02222121
11122122
11112222
10112122
00122222
01022000
81
02222221
22222211
22222121
12122122
11212222
10122122
00122222
01022000
68
02222221
22222211
22222121
12122122
11212222
10222122
00222122
01222100
78
02222221
22222211
22222111
12122112
11212212
10222212
00222122
01222222
11
11111111
12222211
12222111
12122112
11212212
10222212
00222122
22222222
26
11111111
12222111
12221111
12112112
12122212
12211112
02222122
22222222
17
