00000000
00000000
00020000
00022000
00021000
00000000
00000000
00000000
53
00000000
00000000
00022200
00022000
00021000
00000000
00000000
00000000
35
00000000
00000000
00022200
00022000
00112000
00002000
00000000
00000000
62
00000000
00000100
00021200
00222000
00122000
00002000
00000000
00000000
73
00000000
00000120
00021210
00222000
00122000
00002000
00000000
00000000
57
00000000
00002220
00021210
00221000
00121000
00001000
00001000
00000000
24
00000000
00002220
00021220
01111002
00121000
00001000
00001000
00000000
71
00000010
00002120
00022220
01112002
00122000
00002000
00002000
00002000
65
00000010
00002120
00022220
01212002
02111100
00002000
00002000
00002000
15
00000210
00002220
00022220
01212002
11111100
00002000
00002000
00002000
64
00000210
00002220
00022220
01222222
11111200
00002000
00002000
00002000
82
00000222
00002221
00022210
01222122
11111200
00002000
00002000
00002000
42
00000222
00011111
00011210
01212122
12111200
20002000
00002000
00002000
26
00000222
00011211
00012210
01222122
11211200
22002000
20002000
00002000
46
00020222
00022211
00022210
01222122
11111200
22012000
20002000
00002000
18
00020222
00022211
02022210
02222122
12111200
12012000
10002000
10002000
32
00220222
00121111
02022210
02222122
12111200
12012000
10002000
10002000
68
00222222
00122211
02022220
02222122
12111200
12012000
10001000
10002100
48
00222222
00122211
02022220
02222222
12112200
12022000
10201000
10011100
75
00222222
02222211
02022210
02222212
12111110
12022000
10201000
10011100
14
00222222
02222211
22022210
12111112
12211110
12022000
10201000
10011100
33
00222222
02222221
22111210
11112112
12221110
12222000
10201000
10011100
67
00222222
02222221
22112210
11112212
12211120
12221002
10201100
10011100
11
10222222
01222221
22112210
11112222
12211122
12221002
10201100
10011100
76
10222222
01222221
22112210
11112212
12211222
12222222
10201100
10011100
12
12222222
12222221
12112210
12112212
12211222
12222222
10201100
10011100
87
12222222
12222221
12112210
12111212
12211122
12222212
10201201
10011120
38
12222222
12222221
12112210
12111212
12111122
12122212
10101202
10111122
77
12222222
12222221
12112210
12112212
12121122
12222112
12101112
10111122
47
12222222
12222222
12112222
12112212
11111122
12111112
12111112
10111122
28
