00000000
00000000
00000000
00021000
00012000
00000000
00000000
00000000
34
00000000
00000000
00002000
00112000
00012000
00000000
00000000
00000000
63
00000000
00000000
00002100
00121000
00222000
00000000
00000000
00000000
56
00000000
00000000
00002100
00121000
00212000
00001200
00000000
00000000
76
00000000
00000000
00002100
00121000
00222000
00021110
00000000
00000000
36
00000000
00000000
00002100
00121000
00212000
02111110
00000000
00000000
43
00000000
00000000
00011100
00111000
00212000
02111210
00000020
00000000
17
00000000
00002000
00012100
00112000
00112000
01111210
10000020
00000000
62
00000000
00002100
00011100
02222000
00112000
01111210
10000020
00000000
23
00000020
00002200
01012100
02122000
00112000
01111210
10000020
00000000
78
00000020
00002200
01012100
02122000
00212000
01122210
10002010
00000010
33
00000020
00002200
22222100
02112000
00211000
01122110
10002010
00000010
14
00000020
00002200
22222220
11112000
00211000
01122110
10002010
00000010
68
00000020
00002200
22222220
22112000
20111000
01112110
10001010
00000110
51
00001020
00001200
22221220
22111000
20111000
01112110
10002010
00002110
72
00001020
00001110
22221120
22211000
20211000
02212110
10202010
00002110
83
00001020
00001120
22221121
22211020
20211000
02212110
10202010
00002110
48
00001020
00001120
22221121
22221020
20221000
02222110
10221010
00011110
25
00001020
00001120
22211121
22122220
21112000
02122110
10211010
00011110
16
00001020
00022220
22222121
22122220
21112000
11122110
10211010
00011110
84
00001020
00022120
22222111
22111111
21112000
11122222
10211010
00011110
31
00101020
00012120
22221211
22112111
22122000
12222222
12211010
00011110
41
00111020
00222220
22221111
22112111
22122000
12222222
12211010
00011110
38
00111020
00222220
22222121
22112221
22122020
12122222
11111010
00111110
12
00111020
10222220
11222121
12112221
12122020
12222222
12111010
20111110
82
00111020
12222221
12222111
12112121
12121020
12212222
12111010
20111110
85
00111020
12222221
12222111
12112111
12121021
12212222
12222210
20111110
11
10111020
11222221
12122111
12112111
12121021
12212222
12222220
20111112
87
12111020
12222221
12122111
12112111
12121021
12212221
11111111
20111112
81
12111021
12222211
12122211
12112211
12122221
12212221
11111111
20111112
61
