00000000
00000000
00000000
00222000
00021000
00000000
00000000
00000000
53
00000000
00000000
00001000
00221000
00022000
00000200
00000000
00000000
36
00000000
00000000
00001000
00221000
00022000
00120200
00000000
00000000
35
00000000
00000000
00201000
00221000
00122000
00120200
00000000
00000000
24
00000000
00000000
20201000
02111000
00222000
00120200
00000000
00000000
22
00000000
01000000
20101000
02222200
00222000
00120200
00000000
00000000
56
00000000
01000000
20101200
02222200
00221000
00111200
00000000
00000000
75
00000000
01020000
20201200
02222100
00221010
00111200
00000000
00000000
25
00000000
01020000
20201200
02222100
01212010
00122200
00002000
00000000
62
00000000
01020100
20201100
02222100
02212010
20122200
00002000
00000000
47
00000000
01020120
20201200
02222100
02212010
20112200
00012000
00000000
58
00000000
01020120
20201200
02221102
02211020
20111200
00011000
00001000
82
00000000
01020111
20201200
02221102
02211020
20121200
00012000
00001200
43
00200000
02020111
20211200
02211102
02211020
20121200
00012000
00001200
78
00200000
02020111
20211200
02211102
02211020
22221200
00012000
00001110
23
00200000
02022111
21122200
02212102
02212020
22222200
00012000
00001110
67
00200200
02022211
21122200
02212102
02212020
22221200
00011100
00001110
41
00210202
02012221
21112200
02212102
02212020
22221200
00011100
00001110
77
00210202
02012221
21112200
02212222
02211020
22221100
00011110
00001110
14
00210202
02222221
21222200
11212222
01211020
22121100
00011110
00001110
85
00210202
02221221
21222100
11222212
01212021
22121200
00011120
00001112
51
00211202
02211221
21122100
11222212
01212021
22121200
00022120
00022222
87
00211202
02211221
21122100
21222212
22212021
22121200
00022111
00022222
27
00211202
02211221
21122100
21222212
21212022
21121202
01022122
00022222
11
10211202
01211221
21122100
21222212
21212022
22221202
01222122
00022222
65
10211202
01211221
21122100
21222112
21211122
22221102
02222122
02022222
76
10211202
22211221
22122100
21222112
21211112
22221112
02222122
02022222
38
10211202
22211222
22122102
21122112
21111112
22121112
02112122
02122222
71
10211112
22211122
22122222
21112222
21112122
22121122
02112122
02122222
17
10211112
12211122
12122222
11112222
11122122
11221122
12112122
22122222
21
