00000000
00000000
00000000
00021000
00012000
00000000
00000000
00000000
43
00000000
00000000
00210000
00021000
00012000
00000000
00000000
00000000
65
00000000
00020000
00220000
00021000
00011100
00000000
00000000
00000000
32
00000000
02220000
00210000
00021000
00011100
00000000
00000000
00000000
11
10000000
01220000
00210000
02011000
00011100
00000000
00000000
00000000
41
10010000
01210000
00220000
02012000
00011200
00000020
00000000
00000000
23
12010000
02210000
02220000
02012000
00011200
00000020
00000000
00000000
15
12010000
02210000
02120000
01012000
10222200
00000020
00000000
00000000
13
12010000
02222000
11120000
01012000
10222200
00000020
00000000
00000000
66
12010000
02222000
11122000
01022000
10221200
00000120
00000000
00000000
25
12010000
02222000
11122000
01022000
11121200
00200120
00000000
00000000
47
12010000
02222000
12122000
02022000
12221200
02100120
00010000
00000000
86
12010000
02222000
12122000
02022000
12222200
02102111
00010000
00000000
34
12010000
02222000
12122000
02122000
12122200
02202111
02010000
00000000
46
12010000
02212000
12112000
02112000
12112200
02211111
02020000
00002000
18
12010000
02212000
12112000
02112000
12112200
02111211
01020020
10002000
68
12010000
02212000
12112000
02212000
12122200
02112211
01020210
10002100
14
12210000
02122000
11112000
11112000
11122200
02112211
01020210
10002100
63
12222000
02122000
11112100
11112000
11112200
02112211
01020210
10002100
61
11111100
02121000
11112100
11112000
11112200
02112211
02020210
12002100
62
11111100
02121100
11111100
11112000
11112202
02112221
02020210
12002100
16
11111100
02122220
11111200
11112000
11112202
11112221
02020210
12002100
12
11111100
11122220
11112200
11112200
11112202
11112221
02020210
12002100
87
11111100
11122220
11112200
11111200
11112102
11112212
02020222
12002102
48
11111100
11122220
11112200
11121200
11212102
12112212
22010222
12011102
82
11111100
11111111
11112200
11121200
11212222
12112222
22010222
12011102
74
11111100
11111111
11112220
11121220
11212122
12111222
22010222
12011102
84
11111100
11111111
11112210
11121111
11212122
12122222
22012222
12011102
37
11111100
11111111
11112210
11121111
11211122
11212222
22222222
12211102
78
11111120
11111211
11112210
11121111
11211112
11211212
22222112
12211112
81
