00000000
00000000
00000000
00012000
00022000
00002000
00000000
00000000
46
00000000
00000000
00200000
00022000
00012000
00012000
00000000
00000000
63
00000000
00000000
00200100
00021000
00012000
00222000
00000000
00000000
57
00000000
00000000
00200100
00021000
00012000
00222200
00001000
00000000
65
00000000
00000000
00200100
00022200
00012200
00222200
00001000
00000000
43
00000000
00000020
00210200
00012200
00012200
00222200
00001000
00000000
75
00000000
00000020
00210200
00012200
00011210
00222220
00001000
00000000
67
00000000
00200020
00220200
00012200
00011210
00221220
00001100
00000000
37
00000000
00200020
00220200
00012220
00011220
00211220
00101100
00000000
84
00000000
00200020
00220200
00011111
00011210
00211120
00201100
00200000
87
00000000
00200020
00220200
00021111
00021110
00221110
00221101
00200000
34
00000000
00200020
00220202
00111121
00011210
00222110
00221101
00200000
26
00000000
00200020
00220202
02222221
00011210
01111110
00221101
00200000
62
00000000
00200120
00220122
02222221
00012110
01121110
00221101
00200000
22
00000200
01200220
00120222
02212221
00011110
01121110
00221101
00200000
15
00000200
22200220
00120222
01212221
10011110
01121110
00221101
00200000
81
00000201
22200210
00120122
01211222
10011112
01121110
00221101
00200000
27
00000201
22200210
00220122
01221222
10012122
01121220
01111121
00200000
21
01000221
22100220
00210122
01221222
10012122
01121220
01111121
00200000
23
01000221
21100220
01110222
01122222
10022122
01221220
02111121
20200000
82
01000221
22220221
01120212
01122122
10021122
01211220
02111121
20200000
28
01000221
22220221
01220212
01222122
10221122
01211220
01111121
21200000
51
01001111
22210121
02120212
02222122
12221122
01211220
01111121
21200000
13
01001111
22210121
22120212
22222122
12121122
01211220
01111121
21200000
53
01001111
22210121
22111112
22211122
12121122
01212220
01111221
21200020
16
01021111
22220121
22121112
22121122
11121122
11212220
01111221
21200020
86
01021111
22220121
22121111
22121121
11121111
11211111
01121221
21202020
52
01021111
22221121
22111111
22121121
11221111
11221111
01122221
21202220
31
01111111
22111121
22111111
22121121
21221111
22221111
22222221
21202220
48
01111111
22111121
22111111
22111121
21211111
22211111
22211221
21112220
88
01111111
22111121
22111111
22111121
21211111
22211111
22211211
21111111
11
