00000000
00000000
00000000
00012000
00022200
00000000
00000000
00000000
64
00000000
00000000
00200000
00021100
00022200
00000000
00000000
00000000
46
00000000
00000000
00200000
00021100
00022200
00010200
00000000
00000000
36
00000000
00000000
00200000
00021100
00222200
00110200
00000000
00000000
34
00000000
00000000
00202000
00112100
00122200
00110200
00000000
00000000
56
00000000
00000000
00202200
00112200
00112200
00111200
00000000
00000000
75
00000000
00000000
00202200
00112202
00111120
00111200
00000000
00000000
52
00000000
00001000
00201200
02222202
00111120
00111200
00000000
00000000
76
00000000
00021000
00202200
02222202
00111120
00111110
00000000
00000000
72
00000000
00021010
00202100
02221202
02222220
00111110
00000000
00000000
43
00000000
00021010
00211100
02211202
02212220
00221110
00200000
00000000
16
00000000
00021010
00222220
02111202
01212220
10221110
00200000
00000000
27
00000000
00021010
00222220
02112202
01222220
10221110
02200000
20000000
62
00000000
00021110
00221120
22112102
02222120
10221110
02200000
20000000
26
00000000
00021110
00221120
22112102
02122120
11111220
02200020
20000000
67
00000000
00021110
00221120
22112102
02122120
11111120
02200220
20002000
38
00000020
00021120
00221120
22112102
02122120
11111120
01100220
20102000
82
00000020
00021111
00222222
22112102
02122120
11111120
01100220
20102000
78
00000020
00021111
00222222
22112222
02122120
11111120
01100120
20102010
86
00000020
00021111
02222222
22212222
02122120
11111111
01100120
20102010
85
00000020
00021111
02222121
22212211
02122211
11111121
01100122
20102010
68
00002020
00022211
02222121
22212211
02122211
11111121
01100112
20102110
41
00012020
00222211
02222121
22212211
02122211
11111121
01100112
20102110
88
00012020
00222211
02222121
22212211
02122211
12121121
02200111
22102111
22
00012020
01111111
02122121
22212211
02122211
12122121
02202111
22102111
17
00012022
01111121
02122221
22212211
02122211
11122121
12202111
22102111
12
00012022
11111121
01122221
22112211
02112211
11222121
12222111
22102111
48
00012022
11111121
01122221
22112211
22112211
21212121
22111111
22111111
61
02011122
12211111
22222221
22112211
22112211
21212121
22111111
22111111
31
