00000000
00000000
00000000
00012000
00022200
00000000
00000000
00000000
46
00000000
00000000
00000000
00012000
00022200
00210000
00000000
00000000
26
00000000
00000000
00000000
00012000
00022200
01210000
02000000
00000000
66
00000000
00000000
00000000
00012000
00021200
01220100
02020000
00000000
48
00000000
00000000
00000000
00012000
00222200
01210100
02010000
00010000
64
00000000
00000000
00000000
00011100
02221100
02210100
02010000
00010000
15
00000000
00000000
00002000
00021100
11211100
02210100
02010000
00010000
34
00000000
00000000
00202000
00211100
11211100
02210100
02010000
00010000
16
00000000
00000000
00202000
00221100
11212100
11110200
02010020
00010000
18
00000000
00000000
00202000
00221100
11212100
12110200
21010020
10010000
24
00000000
00000000
00202000
21111100
21112100
22110200
21010020
10010000
22
00000000
01000000
00102000
21111100
21112100
22110200
22010020
10210000
13
00000000
01000000
10102000
11111200
11112220
12110200
12010020
10210000
37
00000000
01000000
10122000
11112200
11112220
11110200
11110020
10210000
63
20000000
02000000
10211100
11121200
11112220
11110200
11110020
10210000
28
20000000
02200000
10221100
11122200
11112220
11110200
11110020
11110000
85
20000000
02200200
10222200
11122200
11111111
11110200
11110020
11110000
74
20000000
02200200
10222200
11112110
11111211
11110220
11110020
11110000
52
20000000
02201200
10222220
11111120
11111221
11110220
11110020
11110000
67
20000000
02201200
10222220
11111220
11111221
11110210
11110220
11110200
58
20000200
02202200
10222220
11111220
11111221
11110210
11110120
11111200
21
21000200
02102200
10212220
11111220
11111221
11110210
11112220
11111200
42
22200200
02122200
10112220
11111220
11111221
11110210
11112220
11111200
88
22200200
02122200
10112220
11112220
11112221
11112110
11112210
11111201
83
22200200
02122200
10111121
11112222
11112121
11111110
11112210
11111201
78
22200200
02122200
12222221
11112222
11112121
11111110
11112110
11111111
82
22200202
02122202
12222212
11112122
11111121
11111110
11112110
11111111
72
22200202
02111112
12222112
11111122
11111122
11111112
11112110
11111111
12
22202202
11122212
11222122
11111122
11111122
11111112
11112110
11111111
71
22202212
11122112
11221122
11112122
11111222
11111122
11112222
11111111
41
