00000000
00000000
00000000
00012000
00022000
00002000
00000000
00000000
66
00000000
00000000
00000000
00222000
00021000
00002100
00000000
00000000
57
00000000
00000000
00000000
00222000
00021000
00002100
00001200
00000000
53
00000000
00000000
00001000
00221000
00021000
00002100
00022200
00000000
35
00000000
00000000
00001000
00211000
00211000
00202100
00022200
00000000
25
00000000
00000000
00001000
00222200
01111000
00202100
00022200
00000000
33
00000000
00020000
00102000
00112200
01111000
00202100
00022200
00000000
73
00000000
00020000
00202010
02222100
01111000
00202100
00022200
00000000
22
00000000
01020000
00102010
02212100
01211000
00222100
00022200
00000000
43
00000000
01020002
00112020
02112200
01212000
00222100
00022200
00000000
26
00000000
01020002
00112020
02112200
22222000
01111100
00022200
00000000
74
00000000
01020002
00112020
02111110
22222000
02221100
00222200
00000000
27
00000000
01020002
00112020
02111110
22212000
02121100
22222200
00000000
78
00000000
01020002
00112020
02222222
22212000
02121100
22222100
00000010
41
00012000
01020002
00212020
02222222
22212000
02121100
22222100
00000010
63
20012000
02020002
00211120
02221222
22212000
02121100
22222100
00000010
58
20012000
02020002
00211120
02221222
22212000
02121100
22221100
00021010
83
20012000
02020202
00212221
02221222
22212000
02121100
22221100
00021010
65
20012000
02020202
00212221
02221212
22211100
02122220
22221100
00021010
23
20012000
02020202
01112221
02121222
22222220
02122220
22221100
00021010
81
20012001
22020201
02112221
02221222
22222220
02122220
22221100
00021010
16
20012001
22220201
02222221
02222222
21222220
11122220
22221100
00021010
38
20012001
22220201
02222221
02222212
22222120
12121220
22211100
02111010
21
21012001
22120201
02212221
02221212
22222120
12121220
22212200
02222210
52
22222001
22221201
02212121
02221212
22222120
12121220
22212200
02222210
14
22222001
22221221
02212221
11112212
11222120
12121220
22212200
02222210
86
22222001
22221221
02212221
11112212
11222220
12121121
22212202
02222210
85
22222001
22221221
02212221
11122211
11112111
12121221
22212222
02222210
18
22222001
22221221
22212221
12122211
11212111
12121221
11212222
11111110
71
22222211
22221211
22211211
12112211
11112111
11121221
11212222
11111110
88
