00000000
00000000
00000000
00012000
00022200
00000000
00000000
00000000
66
00000000
00000000
00000000
00012000
00022200
00002100
00000000
00000000
46
00000000
00000000
00000000
00012000
00022200
00211100
00000000
00000000
34
00000000
00000000
00000000
00112000
00012200
00212100
00002000
00000000
64
00000000
00000000
02000000
00211100
00021100
00212100
00002000
00000000
58
00000000
00000000
02000000
00211100
00022220
00211100
00001000
00001000
12
00000000
10000000
01000000
00111100
00012220
00222220
00001000
00001000
67
00000000
10000000
01000020
00111200
00012120
00221120
00001100
00001000
63
00000000
10000000
01000120
00111100
00222120
00221120
00001100
00001000
26
00000000
10000000
01000120
00111100
00122120
01121120
00021100
00001000
87
00000000
10000000
01000120
00111100
00122120
01121210
00022101
00021000
38
00000000
10000000
01000120
00111100
00122120
01121210
00012201
00111200
82
00000000
10000001
01000110
00111100
00122120
01121220
00012221
00111200
84
00000000
10000001
01000110
00111101
00122110
01121120
00011221
02222200
88
00000000
10000001
01002110
00112101
00122110
01121120
00011211
02222201
78
00000000
10000001
01002110
00112101
00122222
01121120
00011111
02222211
42
00000000
10010001
01021110
00122101
00122222
01121120
00011111
02222211
86
00000000
10010001
01021110
00122101
00122211
22221111
00011111
02222211
74
00000000
10010001
01221110
00222111
00222111
22221111
00011111
02222211
32
00020000
10120001
01221110
00221111
00222111
22221111
00011111
02222211
17
00020000
10122001
01222110
00212111
00122111
21221111
10011111
02222211
62
00020000
10111101
01221110
00212111
02222111
21221111
10011111
02222211
37
00020000
10111101
01121110
00112111
02121111
22211111
12111111
02222211
15
00020000
10111101
22221110
00112111
11121111
11211111
12111111
02222211
22
00020000
11111101
22122222
00112121
11121211
11212111
12121111
02222211
14
00020200
11112201
11122222
10112121
11121211
11212111
12121111
02222211
71
00220210
11212101
11221222
10212121
11221211
11212111
12121111
02222211
18
00222210
11222201
11221222
10212121
11221211
11212111
12121111
11111111
24
20222210
12222201
11221222
11112121
11121211
11212111
12121111
11111111
21
22222222
11122202
11211222
11111121
11121111
11212111
12121111
11111111
72
