00000000
00000000
00000000
00012000
00022200
00000000
00000000
00000000
66
00000000
00000000
00000000
00012000
00022200
00002100
00000000
00000000
64
00000000
00000000
00000000
00011100
00022100
00002200
00000020
00000000
35
00000000
00000000
00000000
00211100
00121100
00002200
00000020
00000000
88
00000000
00000000
00000000
00211100
00122220
00002100
00000010
00000001
57
00000000
00000000
00020000
00222100
00121220
00001100
00001010
00000001
23
00000000
00000000
01022000
00122200
00111220
00001100
00001010
00000001
74
00000000
00000000
01022020
00111120
00111120
00001100
00001010
00000001
83
00000000
00000000
01022021
00121110
00211120
02001100
00001010
00000001
42
00000000
00010000
01211021
00211110
00211120
02001100
00001010
00000001
72
00000000
00010010
01211011
00211110
00221120
02002100
00001210
00000001
47
00000000
00010210
01212011
00221110
00221120
02001100
00011210
00000001
85
00000000
00010210
01212021
00222222
00221111
02001100
00011210
00000001
46
00002000
00020210
01212021
00212222
00211111
02011100
00011210
00000001
24
00002000
00020210
22212021
01112222
00111111
02011100
00011210
00000001
12
00002000
10020210
21212021
22222222
00111111
02011100
00011210
00000001
31
00102000
10210210
22221021
22222122
00111111
02011100
00011210
00000001
17
00102000
10210210
22221021
22222122
00211111
01021100
10012210
00000201
63
00102000
10210210
22221111
22221112
00211111
01021100
10222210
00000201
71
00102010
10210110
22221111
22221112
00211112
01021102
10222220
00000201
87
00122010
10220110
22221111
22221111
00211111
01021101
10222221
00000201
61
00111110
10220112
22221121
22221211
00212111
01021101
10222221
00000201
48
00111110
10220112
22221121
22221211
00212111
01012101
10112221
00012201
81
00111111
10220111
22221121
22222221
00212221
01012221
10112221
00012201
22
20111111
21220111
22121121
22212221
00211221
01012121
10112211
00012201
25
20111111
21220111
21121121
21212221
01111221
01012121
10122211
00222201
21
21111111
21120111
21111121
21211221
01111121
01012121
10122221
00222221
52
21111111
21111111
21111121
21211221
01112121
01022121
10222221
02222221
36
21111111
21111111
21111121
21211221
02112121
22222221
10222221
02222221
27
