00000000
00000000
00000000
00012000
00022200
00000000
00000000
00000000
46
00000000
00000000
00000000
00012000
00022200
00210000
00000000
00000000
64
00000000
00000000
00020000
00022100
00021200
00210000
00000000
00000000
33
00000000
00000000
00120000
00222100
00021200
00210000
00000000
00000000
42
00000000
00010000
00110000
00212100
00022200
00222000
00000000
00000000
25
00000000
00010000
00110020
00112200
01022200
00222000
00000000
00000000
67
00000000
02010000
00210020
00122200
01012200
00221000
00000100
00000000
74
00000000
02010000
00222020
00112110
01012100
00221000
00000100
00000000
27
00200000
02020000
00222020
00112110
01012100
00121000
01000100
00000000
11
10200000
01020000
00122020
00122110
01222100
00121000
01000100
00000000
52
10200000
01221000
00211020
00221110
01221100
00121000
01000100
00000000
23
10200000
01221000
01111020
00122222
01211100
00121000
01000100
00000000
37
10200000
01221000
01211020
02222222
01211100
00111000
01100100
00000000
83
10200000
01221000
01211021
02222212
01211100
00211000
01200100
00200000
28
10200000
01221000
01211021
02222212
01221100
00212000
01100200
01200020
82
10200000
01221001
01211011
02222112
01221100
00222000
01120200
01200020
85
10200000
01221001
01222211
02222111
01221101
00222000
01120200
01200020
41
10210000
01121001
01222211
02222111
01221201
00222020
01120200
01200020
14
10210000
01121001
01222211
12111111
22221201
00222020
01120200
01200020
26
10210200
01122001
01222211
11111111
21121201
01222020
01120200
01200020
58
10210200
01122001
01222211
11111211
21121221
01122010
01110100
01201020
66
10210200
01122001
01222211
11111211
21121211
01111120
01110102
01201020
21
11110200
01122001
01222211
11121211
21221211
02111120
21110102
01201020
72
11110200
01122011
01222111
11121211
21221221
02111122
21110102
01201020
62
11110200
01111111
01222111
11121211
21221221
02111222
21110202
01201220
16
11112200
01122111
01222111
11121211
11221221
11111222
21110202
01201220
18
11112220
01122221
01222121
11121221
11221221
11111222
11110202
11201220
81
11111111
22222211
02222121
11221221
11221221
11111222
11110202
11201220
88
11111111
22222211
22222121
12221221
11221221
11111221
11110201
11201111
57
11111111
22222211
22222121
12221221
11221211
11121121
11121201
11221111
77
