00000000
00000000
00000000
00012000
00022200
00000000
00000000
00000000
66
00000000
00000000
00000000
00012000
00021200
00000200
00000200
00000000
77
00000000
00000000
00000000
00012000
00022200
00002100
00000210
00000000
68
00000000
00000000
00000000
00012000
00022200
00002100
00000210
00000120
64
00000000
00000000
00000000
00011100
00022100
00002200
00000220
00000122
47
00000000
00000000
00000200
00012200
00022200
00001200
00010220
00000122
62
00000000
00000100
00000100
00012100
00022220
00001100
00010120
00000122
87
00000000
00000100
00000100
00012100
00022220
00001120
00010121
00000122
74
00000000
00000100
00200100
00022110
00022120
00001120
00010121
00000122
22
00000000
01000100
00100100
00012110
00021120
00022220
00010121
00000122
53
00000000
01002100
00102100
00012110
00022120
00022220
00010121
00000122
36
00000000
01002100
00102100
00211110
00022120
00122220
00010121
00000122
37
00000000
01002100
00102100
00211110
00021120
00112220
00120121
00200122
51
00001000
01001120
00101200
00212110
00021120
00112220
00120121
00200122
73
00001000
01201120
00201110
00212110
00021120
00112220
00120121
00200122
24
00001000
01201120
00201110
22222110
00021120
00112220
00120121
00200122
43
00001000
01201120
00211110
22211110
00011120
00112222
00120122
00200122
25
00001000
01201120
00211110
22211110
01222220
00212222
00220122
00200122
57
00001000
01201120
00211110
22211110
01221220
00211222
00221222
00202222
42
00001000
01111120
00211110
22211110
02221220
02211222
00221222
00202222
16
00201000
01221120
00212110
22111210
01221220
11111222
00221222
00202222
82
00201000
01221111
00212110
22111210
02221220
12211222
02221222
00202222
17
00201000
01221111
00212222
22111220
02121220
11211222
11111222
00202222
84
00201000
01221111
00212211
22111111
02121210
11221122
11121222
00222222
41
00222200
01212211
00222211
22211111
02121210
11221122
11121222
00222222
71
00222210
22212111
00221211
22211111
02121210
11221122
11121222
00222222
23
00222210
22212111
02111211
22111111
02111210
12221122
12221222
02222222
11
10222210
21212111
02111211
22111121
02111222
12221122
12221222
02222222
15
10222210
22212111
22111211
22111121
11211222
12221122
12221222
02222222
21
11111112
21112122
21111212
21111122
11211222
12221122
12221222
02222222
18
