00000000
00000000
00000000
00021000
00012000
00000000
00000000
00000000
56
00000000
00000000
00000000
00021000
00021000
00021000
00000000
00000000
33
00000000
00000000
00100000
00011000
00021000
00022200
00000000
00000000
77
00000000
00000000
00100000
00011000
00021000
00022220
00000010
00000000
47
00000000
00000000
00100000
00011000
00011000
00012220
00010020
00000002
67
00000000
00000000
00100000
00011000
00011000
00011220
00010220
00000202
78
00000000
00000000
00100000
00011000
00011000
00011220
00010220
00002212
48
00000000
00000000
00100000
00011000
00011000
00222220
00010220
00011112
27
00000000
00000000
00120000
00021000
00021000
00122220
01010220
00011112
35
00000000
00000000
02220000
00021000
00111000
00122220
01010220
00011112
34
00000000
00000000
02220000
00112000
00111200
00122220
01010220
00011112
64
00000000
00000000
02220000
00111100
00111100
00122120
01012220
00011112
12
00000000
10000000
01220200
00111200
00111200
00122220
01012220
00011112
37
00000000
10000000
01220200
00111200
00112200
00122220
01212220
02011112
42
00000000
10010000
01210200
00111200
00112200
00122220
22212220
02011112
18
00000000
10210000
01220200
00112200
00112200
00122220
21212220
12011112
41
00010000
10110000
01220200
00112200
00112200
02222220
22212220
12011112
86
00010000
10110000
22220200
00112200
00112200
02222221
22212210
12011112
14
00012000
10120000
11220200
10112200
00112200
02222221
22212210
12011112
72
00012002
10120020
11220200
10112200
00122200
02222221
22212210
12011112
85
00222002
10220020
11220200
10112200
00122201
02222211
22212110
12011112
38
00222002
10220020
11220200
10212200
02222201
02122211
22112110
11111112
24
00222002
10220020
11220200
12112200
22222201
01112211
21111110
11111112
16
00222002
10220020
11220200
12112200
11222201
11112221
11111112
11111112
74
00222002
10220020
11220200
12222222
11222102
11111222
11111112
11111112
21
01222002
10120020
11222200
12222222
11222102
11111222
11111112
11111112
83
01222002
10120022
11222202
12222212
11222102
11111222
11111112
11111112
75
01222002
12220022
12222202
12222212
11222112
11111112
11111112
11111112
61
01111102
12220022
12222202
12222212
11222112
11111112
11111112
11111112
73
01111102
12220222
11112122
12222112
11221112
11111112
11111112
11111112
52
21111102
12111222
11211122
12221112
11221112
11111112
11111112
11111112
71
