00000000
00000000
00000000
00222000
00021000
00000000
00000000
00000000
35
00000000
00000000
00000000
00222000
00122000
00002000
00000000
00000000
33
00000000
00000000
00100000
00122000
02222000
00002000
00000000
00000000
66
00000000
00000000
00100000
02222000
02221000
00002100
00000000
00000000
53
00000000
00000200
00102000
02221000
02221000
00002100
00000000
00000000
36
00000000
00000200
00102000
02121000
02222200
00102100
00000000
00000000
46
00000000
00000200
02102000
02221000
02222200
00111100
00000000
00000000
15
00000000
00200200
02202000
01221000
12222200
00111100
00000000
00000000
31
00100000
00100200
02102000
01121000
12122200
00211100
02000000
00000000
22
00100000
01100200
01102000
01121000
12122200
00212100
02002000
00000000
76
00100000
01100200
01102000
01121000
12122100
00222110
02202000
00000000
16
00100000
01100200
01102000
22221000
12122100
10222110
02202000
00000000
48
00100000
01100200
01102000
22221000
12122100
10222210
02201020
00010000
71
00100010
01100100
01101000
22211000
12122100
10222222
02201020
00010000
13
02100010
02100100
12101000
12211000
12122100
10222222
02201020
00010000
75
02100010
02200100
12221000
12222000
12122210
10222122
02201020
00010000
11
11100010
01200100
12121000
12212000
12121210
10222222
02201220
00010000
87
11100010
01100100
12222200
12212000
12121110
10222212
02201111
00010000
42
11100010
01110100
12112200
11222000
12221110
12222212
02201111
00010000
47
11100010
01110100
12112200
11212200
11212220
12121212
02211111
00010000
18
11120010
01220100
12122200
11222200
11222220
12121212
01211111
10010000
17
11120010
22220100
12121200
11212200
11122220
11121212
11211111
10010000
52
11120010
22222220
12111200
11112200
11122220
11121212
11211111
10010000
81
11120011
22222210
12111100
11111200
11112220
11121212
11211122
10010002
38
11120011
22222210
12111200
11111220
11112220
11121212
11111122
10110002
51
11111011
22211210
12111200
11111220
11112220
11121212
11112222
10110202
85
11111011
22211222
12111100
11111210
11111111
11121212
11112222
10110202
83
11111011
22211221
12111101
11111222
11111122
11121212
11112222
10110202
73
11111011
22211111
12111111
12111112
12111112
12121212
12212222
12110202
78
11111211
22212211
12121211
12211212
12111212
12121212
12212112
12110212
58
