00000000
00000000
00000000
00021000
00012000
00000000
00000000
00000000
34
00000000
00000000
00002000
00112000
00012000
00000000
00000000
00000000
63
00000000
00000000
00002100
00121000
00222000
00000000
00000000
00000000
56
00000000
00000000
00002100
00121000
00222200
00001000
00000000
00000000
36
00000000
00000000
00002100
00121000
00112200
00102000
00002000
00000000
67
00000000
00000000
00022100
00122000
00112200
00101000
00002100
00000000
42
00000000
00010000
00012100
02222000
00112200
00101000
00002100
00000000
58
00000000
00010000
00012220
02222000
00112200
00101000
00001100
00001000
83
00000000
00010000
00011111
02222000
00122200
00102000
00001200
00001020
76
00020000
00020000
00021111
02221000
00122100
00102010
00001100
00001020
47
00020000
00020000
00021111
02221000
00222100
00121010
00011100
00001020
32
00020000
00120000
00011111
02221000
00222100
00121010
00012100
00001220
31
00120000
00110000
00011111
02221000
00222100
00121010
00012220
00001220
51
00111000
00110200
00012111
02221000
00222100
00121010
00012220
00001220
87
00111000
00110220
00012211
02222000
00222100
00121010
00011111
00001220
88
00111000
00112220
00022211
02222000
00222100
00121010
00011111
00001111
81
00111001
00112210
00022121
02221002
00212100
00121010
00011111
00001111
64
00111001
00112210
00021221
02222222
00212100
00121010
00011111
00001111
23
00111001
00112210
01021221
02122222
00212100
00221010
00211111
00001111
38
00111001
00112210
01021221
02122222
00122100
00221010
02111111
00101111
14
00111001
00112210
01221221
11222222
00222100
00221010
02111111
00101111
82
00111001
00112211
01221211
11222222
00222200
00222210
02111111
00101111
85
00111001
00111211
01221111
11222211
00222201
00222222
02111111
00101111
75
02111001
00211211
01221111
11222111
00222211
00222112
02111111
00101111
16
02111001
00211211
01221111
12222111
20222211
10222112
01111111
00101111
11
11111001
00211211
01221111
12222111
20222211
10222112
01121111
00121111
13
11111001
20211211
22221111
21222111
20122211
10212112
01121111
00121111
26
11111201
20212211
22221111
21222111
20122211
11112112
01121111
00121111
22
11111201
21112211
21121111
21212111
22221211
11212112
01121111
00121111
71
11111111
21112111
21121111
21212111
22221211
12212112
02121111
02221111
18
