00000000
00000000
00020000
00022000
00021000
00000000
00000000
00000000
35
00000000
00000000
00020000
00022000
00121000
00020000
00000000
00000000
37
00000000
00000000
00020000
00022000
00122000
00010200
00100000
00000000
64
00000000
00000000
00020000
00022220
00121000
00010200
00100000
00000000
33
00000000
00000000
00120000
00012220
00122200
00010200
00100000
00000000
75
00000000
00000000
00120000
00012220
00112210
00012200
00100000
00000000
77
00000000
00000000
00120000
00012220
00112210
00022100
00200010
02000000
36
00000000
02000000
00220000
00022220
00112210
00111100
00200010
02000000
11
10000000
01000000
00120000
00012220
00111220
00111102
00200010
02000000
53
10000000
01000000
00111000
00011220
00111220
00111202
00202010
02000000
38
10000000
01000000
00111000
00222220
00111220
00111202
00102010
02100000
18
10000000
01000000
00111000
00222220
00111220
00111202
00102020
11100200
58
10000000
01000000
00111000
00222220
00121220
00122202
00121020
11101200
63
10000000
01002000
00122200
00222220
00112220
00122202
00121020
11101200
88
10000000
01202000
00222200
00212220
00111220
00122102
00121010
11101201
62
10000000
01202100
00221100
00212120
00111120
00122102
00122210
11101201
84
10000000
01202100
00221100
00212111
00111110
02222102
00122210
11101201
21
11000000
01102100
00211100
02211111
00211110
02222102
00122210
11101201
51
11001000
01121100
00222100
02221211
00221120
02222102
00122210
11101201
15
11001000
01111100
00122100
01221211
10221120
01222102
00122222
11101201
76
11001000
01111120
00122200
01222211
10221110
01222112
00122122
11101201
73
11001000
01111120
00111110
01222111
10221110
01222112
00122222
11101221
82
11001000
01111111
00111110
01222111
10222222
01222122
00122222
11101221
48
11201000
01221111
00212110
01212211
10212222
01212122
00111222
11111221
25
11201000
01221111
02212110
01212211
11122222
01112122
00111222
11111221
41
11111000
22211111
02212110
01212211
11122222
01112122
00111222
11111221
14
11111000
22111111
01212222
11212222
11122222
01112122
00111222
11111221
13
11111200
11112221
11222222
11212222
11122222
01112122
00111222
11111221
81
11111201
11112211
11222122
11221222
11212222
02112122
20111222
11111221
27
11111221
11112221
11222122
11221222
11212222
01112122
21111222
11111221
16
