00000000
00000000
00000000
00021000
00012000
00000000
00000000
00000000
56
00000000
00000000
00000000
00021000
00012000
00001200
00000000
00000000
76
00000000
00000000
00002000
00022000
00012000
00001110
00000000
00000000
33
00000000
00000000
00102000
00022000
00211000
00001110
00000000
00000000
63
00000000
00000000
00102100
00022200
00211000
00001110
00000000
00000000
25
00000000
00000000
00102100
00022200
01121000
00201110
00000000
00000000
73
00000000
02000000
00202110
00022100
01121000
00201110
00000000
00000000
37
00000000
02000000
00202110
00022100
01122000
00101210
00100020
00000000
34
00000000
02000000
00202110
00121100
01212000
02101210
00100020
00000000
46
00000000
02000000
00202110
00122100
01212000
02122210
00102020
00000000
32
00000000
02100000
00102110
00122100
01212000
02122222
00102020
00000000
15
00000000
02100000
00102110
02222100
11212000
01122222
00102020
00000000
43
00200000
02200000
00211110
02212100
11212000
01122222
00102020
00000000
11
10200000
01200000
00111110
02212220
11212000
01122222
00102020
00000000
85
10200000
01200000
00111110
02212210
12222001
02222222
02102020
00000000
67
10200000
01200000
00111110
02212210
12222001
02222212
02202120
00200000
14
10200000
01220000
00122110
11122210
12222001
02222212
02202120
00200000
68
10200000
02220000
20122110
11122210
12122001
02212212
02201120
00200100
65
10200000
02220002
20122120
11122210
12112101
02222112
02201120
00200100
48
10200000
02220002
20122122
11122220
12112201
01222112
02101120
00210100
18
10200000
02220022
20122222
11122220
12112201
01122112
01101120
10210100
47
10200000
02220022
20122222
11122220
12112201
02122112
02211120
12210100
62
10200000
02222222
20122222
11112120
12112101
02122112
02211120
12210100
17
10200000
02222222
20122222
21112120
22112101
22222112
12111120
12210100
41
10210000
02211222
20112122
21112110
22112201
22222122
12111122
12210100
21
11110000
02111222
20112122
21112110
22112201
22222122
12122222
12222100
78
11110200
02112222
20122122
21212110
22112201
22221122
12122122
12222110
88
11110200
02112222
20122122
21212222
22112201
22221121
12122111
12222111
75
11110200
02112222
22221122
22212122
22111111
22221111
12122111
12222111
12
11112200
11122222
11221122
12112122
12111111
12221111
12122111
12222111
81
