00000000
00000000
00000000
00021000
00012000
00000000
00000000
00000000
34
00000000
00000000
00000000
00111000
00222000
00000000
00000000
00000000
46
00000000
00000000
00200000
00221000
00212000
00010000
00000000
00000000
56
00000000
00000000
00200000
00221000
00221000
00021000
00020000
00000000
25
00000000
00000000
00200000
00221000
01211000
00221000
00020000
00000000
26
00000000
00000000
00200000
00221000
01211000
02111000
20020000
00000000
38
00000000
00000000
00200000
00221000
01221000
02112000
20010200
00100000
24
00000000
00000000
00200000
01211000
01221000
02212000
20210200
00100000
27
00000000
00000000
00200000
02211000
22211000
01112000
21110200
00100000
14
00000000
00000000
20200000
22111000
21211000
01112000
21110200
00100000
32
00000000
00100000
20100000
22222200
21211000
01112000
21110200
00100000
53
00000000
00100000
20101000
22211200
22111000
01212000
21120200
00102000
57
00000000
00100000
20101200
22212200
22121000
01211000
21111200
00102000
72
00000000
00100010
20101100
22211200
22211000
01121000
21112200
00102200
75
00000000
00100010
20121100
22221100
22221010
01121000
21112200
00102200
77
00000000
00100010
20121100
22221100
22221010
02121000
22211110
02102200
23
00000000
02100010
22221100
22121100
22211010
02121000
22211110
02102200
18
00000000
02100010
22221100
22121100
22211010
02121000
21221110
11122200
78
00000000
02100010
22221100
22122220
22211010
02121000
21221110
11111110
21
01000000
01100010
21221100
21122220
21211020
01121002
21221110
11111110
52
01002000
01102010
21212100
21122220
21211020
01121002
21221110
11111110
16
01202000
02202010
21212100
21122220
21211020
11121002
11221110
11111110
12
01202000
12222010
11222100
11122220
11211020
11121002
11221110
11111110
62
01202000
11111110
11221100
11112220
11111220
11122002
11221110
11111110
76
22202000
12111110
11211100
11111220
11111120
11122012
11221110
11111110
66
22202000
12111210
11222220
11111220
11111120
11111112
11221110
11111110
84
22202002
12111220
11222220
11111111
11111110
11111112
11221110
11111110
61
22202102
12111120
11222120
11112111
11111210
11111122
11222222
11111110
41
22222222
12111220
11222120
11112111
11111210
11111122
11222222
11111110
88
22222222
12111220
11222122
11112121
11111210
11111122
11222212
11111111
82
