00000000
00000000
00000000
00021000
00012000
00000000
00000000
00000000
65
00000000
00000000
00000000
00022200
00011100
00000000
00000000
00000000
33
00000000
00000000
00100000
00012200
00011200
00000200
00000000
00000000
53
00000000
00000000
00101000
00011200
00012200
00020200
00000000
00000000
76
00000000
00000000
00101000
00222200
00012100
00020210
00000000
00000000
77
00000000
00000000
00101000
00212200
00021100
00220110
00000010
00000000
74
00000000
00000000
00121000
00221110
00021100
00220110
00000010
00000000
32
00000000
00100000
00111000
00221110
00022100
00220210
00000020
00000002
35
00000000
00100000
00111200
00112210
00121200
00220210
00000020
00000002
75
00000000
00100000
00111220
00112220
00122120
00220220
00000020
00000002
47
00000000
00100000
02222220
00112220
00112120
00210220
00010020
00000002
22
00000000
01100000
02122220
00112220
00112120
00210220
00020020
00002002
84
00000000
01100000
02122220
00211111
02222120
00210220
00020020
00002002
13
00000000
01100000
11122220
00211111
02222120
00220220
00022020
00002002
83
00000000
01100200
11112211
00221211
02222220
00220220
00022020
00002002
56
00000000
01120200
11122211
00121211
02211120
00221220
00022020
00002002
51
00001020
01110200
11122211
00121211
02211120
00221220
00022020
00002002
67
00021020
01120200
11122211
00121211
02211120
00221120
00022120
00002002
27
00021020
01220200
12122211
20121211
02211120
00121120
01022120
00002002
16
00021020
01220200
12122211
20221211
01221120
10122120
01022220
00002022
52
02021020
02211200
12121111
20122211
01221220
10122120
01022220
00002022
85
02021020
02211200
12121111
20122211
01221121
10122122
01022220
00002022
31
02111020
22222200
22121111
20122211
01221121
10122122
01022220
00002022
38
02111020
22222220
22121221
20122221
01221121
10121122
01012220
00102022
87
02111020
22222220
22121221
20122221
01221121
10121211
01022111
00122022
81
02111021
22222210
22121121
20121221
01211121
10121211
01022111
02222022
61
02111111
22221110
22111121
20121221
01211121
12221211
02022111
02222022
82
02111111
22221111
22211111
22221121
02211121
12221211
02022111
02222022
11
11111111
21221111
22111111
22211121
02211121
12221211
02022211
02222222
15
11111111
11221111
12111111
11211121
11111121
12221211
02022211
02222222
37
11111111
11221111
12111111
11211121
11111121
11111211
02111111
02222222
18
