00000000
00000000
00000000
00012000
00022000
00002000
00000000
00000000
64
00000000
00000000
00020000
00021100
00022000
00002000
00000000
00000000
32
00000000
00100000
00010000
00022220
00022000
00002000
00000000
00000000
46
00000000
00100000
00010000
00012220
00022000
00222000
00000000
00000000
47
00000000
00100000
00010000
00012220
00012000
00212000
00020000
00200000
84
00000000
00120000
00020000
00021111
00022000
00222000
00020000
00200000
37
00000000
00120000
00020000
00022111
00022200
00212000
00120000
00200000
34
00000000
00120000
00220000
00121111
00022200
00212000
00120000
00200000
67
00000000
00120000
00220000
00121111
00012200
00211000
02220100
00200000
52
00200000
00211000
00210000
00121111
00012200
00211000
02220100
00200000
75
00200000
00222200
00210000
00121111
00011110
00211000
02220100
00200000
18
00200000
00222200
00210000
02221111
00011110
00111000
01220100
10200000
28
00200000
00222200
00210002
02221121
00011210
00112000
01120100
11200000
61
00200100
00221200
00210002
02221121
00011210
02222000
01120100
11200000
15
00200100
00221200
00210002
02221121
10222210
01222000
01120100
11200000
25
00200100
00221200
00210022
02121221
11112110
01222000
01120100
11200000
22
00200100
02111200
20210022
02121221
11112110
01222000
01120100
11200000
58
00200100
02111200
20210022
02121221
11112110
01122000
01120100
11221000
82
00200100
02111221
20210021
02121121
11111110
01112000
01120100
11221000
57
00202100
02121221
20210021
02121121
11111110
01111000
01111100
11221000
63
00222100
02122121
20210211
02121121
11111110
01111000
01111100
11221000
14
00222100
02222121
22210211
11121121
11111110
01111000
01111100
11221000
53
00222100
02222121
22221111
21211121
22111110
21111000
02111100
11221000
11
10222100
01222121
22121111
21211121
22222222
21111000
02111100
11221000
12
12222100
12222121
22121111
22111121
22212222
21111000
02111100
11221000
76
12222100
12222121
22121111
22111111
22212112
22222210
02112100
11221000
86
12222100
12222121
22121111
22111111
22212111
22222211
02112200
11221020
17
12222100
12222121
12121121
12111121
12112121
11222221
11112220
11221020
81
12222101
12222111
12121121
12111121
12112121
11222221
11112220
11222220
88
