00000000
00000000
00000000
00222000
00021000
00000000
00000000
00000000
33
00000000
00200000
00200000
00212000
00021000
00000000
00000000
00000000
24
00000000
00200000
02200000
01212000
00021000
00000000
00000000
00000000
64
00000000
00200000
02200000
02211100
20021000
00000000
00000000
00000000
36
00000000
00200000
02200000
02211100
20021000
00102000
00000000
00000000
46
00000000
00200000
02200000
02221100
20012000
00112200
00000000
00000000
14
00000000
00200000
02200000
11211100
20222000
00112200
00000000
00000000
22
00000000
01200000
01100000
11211100
20222000
00222200
00200000
00000000
26
00000000
01200000
01120000
11221100
20122000
01222200
00200000
00000000
38
00000000
01200000
22220000
22221100
20222000
01122200
00100000
00100000
21
01000000
01120000
22220000
22221100
20222000
01122200
00100000
00100000
76
01020000
01220000
22220000
22221100
20222000
01111110
00100000
00100000
12
01020000
11220000
21220000
22121100
20212000
01111210
00100020
00100000
16
01020000
11220000
11220000
12121100
10212000
12111210
20100020
00100000
52
01020000
11111000
11210000
12121100
10212020
12111220
20100020
00100000
18
01020000
11111000
11210000
12122220
10212020
12111220
10100020
10100000
65
01020000
11111000
11210000
12121220
10211120
12121220
10102020
10100000
73
01020000
11111000
11210010
12121120
10211120
12121220
10202020
12100000
83
01022000
11121000
11210011
12121110
10211120
12121220
10202020
12100000
87
01022000
11121002
11210021
12121210
10212120
12121210
10202021
12100000
48
01022000
11121002
11210021
12121210
10212120
11121210
10102021
12222000
25
01022000
11122002
11222021
11122210
11112120
11121210
10102021
12222000
62
01022200
11112102
11221021
11112210
11112120
11121210
10102021
12222000
84
01022200
11112102
11221012
11112212
11112122
11121210
10102021
12222000
86
01022200
11112202
11222222
11112222
11112212
11121211
10102021
12222000
88
21022200
12112202
11222222
11112222
11111212
11121111
10102011
12222001
71
21022210
12112222
11221222
11112222
11111212
11121111
10102011
12222001
47
21022210
12112222
11221222
11112222
11111212
11111221
10112211
12222001
68
22222210
12222222
11222222
11112222
11111212
11111221
10111211
11111101
78
22222210
12222222
12222222
12112222
12121212
12211221
12111111
11111111
81
