00000000
00000000
00020000
00022000
00021000
00000000
00000000
00000000
53
00000000
00000000
00022200
00022000
00021000
00000000
00000000
00000000
52
00000000
00001200
00022200
00021000
00021000
00000000
00000000
00000000
72
00000000
00001110
00022100
00022000
00022200
00000000
00000000
00000000
36
00000200
00002110
00022100
00021000
00012200
00100000
00000000
00000000
56
00000200
00002120
00022102
00021000
00011200
00101000
00000000
00000000
82
00000200
00002111
00022102
00021000
00012200
00101200
00000000
00000000
74
00000200
00002111
00022202
00021020
00012102
00101200
00000000
00000000
76
00000200
00002111
00022202
00021020
00012102
00101210
00000020
00000000
42
00000200
00011111
00012202
00011020
00012102
00101220
00000220
00000000
78
00000200
00011111
00012202
00012020
00022102
00201220
02000120
00000010
86
00002200
00012111
00012202
00012020
00022102
00201111
02000120
00000010
88
00002200
00012111
00022202
00222020
00022102
00201111
02000110
00000011
35
00002200
00012111
00021202
00212020
00111102
00201121
02000210
00002011
23
00002200
00012111
01021202
00112020
00111102
00201122
02000222
00002011
64
00002200
20012111
02021102
00211120
00121102
00202122
02000222
00002011
57
00002200
20012111
02021102
00211120
00122222
00201122
02001222
00002011
41
00012202
20011122
02021202
00212120
00122222
00201122
02001222
00002011
73
00012202
20011122
02021112
00212110
00122212
00222222
02001212
00002011
84
00012202
20222222
02021112
00212111
00122211
00222221
02001211
00002011
18
00012202
20222222
02022112
00221111
00212211
02222221
01001211
10002011
25
00012202
20222222
02022112
00221111
02112211
22222221
01001211
10002011
15
00012202
20222222
02022112
00221111
11112211
22222221
01002211
10002211
33
00012202
20222222
02211112
02111111
12211211
22222121
01002211
10002211
14
02012202
20222222
01221112
11112111
12211211
22222121
01002211
10002211
17
02012202
20222222
01221112
11112111
12111211
12222121
12002211
12002211
37
02012202
20222222
01221112
11212111
12211211
11212121
11202211
12202211
31
02112202
22212222
02221112
12212111
12211211
11212121
11202211
12202211
71
02111112
22212112
02221112
12222111
12221211
11222121
11222211
12202211
11
11111112
21212112
02121112
12212111
12221211
11222121
11222211
12202211
13
11111112
11212112
11121112
12212111
12221211
11222121
11222211
12202211
48
