00000000
00000000
00000000
00021000
00012000
00000000
00000000
00000000
43
00000000
00000000
00210000
00021000
00012000
00000000
00000000
00000000
65
00000000
00000000
00210000
00021000
00021100
00020000
00000000
00000000
23
00000000
00020000
01120000
00021000
00021100
00020000
00000000
00000000
36
00000000
00020000
01220000
02021000
00011100
00120000
00000000
00000000
37
00000000
00020000
01220000
02021000
00021100
00120000
00120000
00000000
34
00000000
00020000
01220000
02211000
02021100
00220000
00120000
00000000
41
00010000
00010000
01210000
02211000
02021100
00220000
00220000
02000000
48
00010000
00010000
01210000
02211000
02021100
00222000
00210000
02010000
27
00010000
00010000
01210000
02211000
02011100
00122000
01120000
02210000
58
00012000
00020000
01210000
02211000
02011100
00122000
01110000
02211000
14
00012000
20020000
02210000
11211000
01021100
00122000
01110000
02211000
61
00011100
20020000
02222000
11212000
01022100
00122000
01110000
02211000
66
00011100
20020000
02222000
11212000
01022100
00112100
01112000
02211000
64
00011100
20020000
02222000
11222220
01021200
00112100
01112000
02211000
84
00011100
20020000
02222000
11111111
01021200
00112220
01112000
02211000
22
00011100
21020000
01122000
11111111
01021200
00212220
02112000
22211000
68
00011100
21020000
01122000
11211111
02021200
20212220
02111000
22211100
63
00011100
21020000
01112100
11211211
02021220
20212220
02111000
22211100
35
00011100
21020000
22222100
11111211
02111220
20112220
02111000
22211100
86
00011100
21020000
22222100
11111211
02111220
20111111
02111000
22222220
62
02011100
22020100
22221100
11111211
02111220
20111111
02111000
22222220
15
02011100
22020100
22221100
11111211
11111220
20111121
02111002
22222220
32
02011100
22120100
21111102
11111221
11111220
20111121
02111002
22222220
11
12011100
12120100
12111102
12111221
12111220
22222221
02211002
22222220
17
12011100
12122100
12122202
12212221
12112220
11222221
11111002
22222220
67
12011120
12122200
12122102
12212121
12112120
11221121
11111102
22222220
31
11111120
11112200
12121102
12212122
12112122
11221122
11111102
22222220
73
11111120
11112220
12121222
12212122
12112122
11221122
11111102
22222220
82
11111120
11111111
12121212
12212122
12112122
11221222
11111122
22222220
88
