00000000
00000000
00000000
00021000
00012000
00000000
00000000
00000000
34
00000000
00000000
00002000
00112000
00012000
00000000
00000000
00000000
63
00000000
00000000
00202100
00121000
00012000
00000000
00000000
00000000
52
00002000
00002000
00202100
00122000
00012000
00000000
00000000
00000000
65
00002000
00002000
00202220
00122000
00011100
00000000
00000000
00000000
64
00002000
00002000
00202220
00112100
00012100
00002000
00000000
00000000
43
00002000
00002000
00212220
00112100
00022100
00202000
00000000
00000000
62
00002000
00002100
00211120
00212100
00222100
00202000
00000000
00000000
27
00002020
00002200
00212120
00221100
00212100
00102000
01000000
00000000
47
00002020
00002200
00212120
00221100
00222100
00102000
01010200
00000000
61
00002120
00001100
00212120
00221100
00222100
00102000
01020200
00200000
25
00002120
00001100
00212120
02221100
01111100
00102000
01020200
00200000
14
00002120
00001100
00212120
11121100
01112100
00102200
01020200
00200000
58
00002120
00001100
00212120
11121100
01122100
00122200
01010200
00201000
82
00002120
00001101
00212110
11121100
01122100
00222200
02010200
20201000
57
00002120
00001101
00212110
11122220
01121200
00212200
02021200
20201000
77
00022120
00002101
00212210
11122220
01121200
00212100
02021110
20201000
42
00022120
00011101
00112210
11122220
01121200
00212100
02021210
20201020
68
00222120
00021101
00112210
11122220
01121200
00212100
02021110
20201120
32
02222120
00211101
00122210
11122220
01121200
00212100
02021110
20201120
22
02222120
01111101
00122210
11122220
01121200
00212220
02021120
20201120
81
02222111
01111201
00122220
11122222
01121200
00212220
02021120
20201120
85
02222111
01111201
00122120
11122212
01221201
02212210
02021120
20201120
87
02222111
01111221
00122220
11122212
01221201
02212210
02021111
20201120
11
11111111
01111221
00122220
11122212
22221201
02212210
02021111
20201120
16
11111111
01111221
00122220
11122222
11221221
11112220
02021121
20201120
37
11111111
01111221
00122220
11122222
11221221
11122220
02122121
20222220
86
11111111
01111221
02221220
12222122
12221211
12111111
02122121
20222220
88
11111111
22222221
02221220
12222122
12221211
12111111
02122111
20222221
28
11111111
21222221
01221220
11222122
11221211
12111111
22222111
21111111
13
11111111
11222221
11221220
11222122
11221211
12111111
22222111
21111111
83
