00000000
00000000
00000000
00021000
00012000
00000000
00000000
00000000
56
00000000
00000000
00000000
00021000
00021000
00021000
00000000
00000000
36
00000000
00000000
00000000
00021000
00021000
00121000
00020000
00000000
33
00000000
00000000
00100000
00011000
00021000
02221000
00020000
00000000
48
00000000
00000000
00100000
00011000
00011000
02222200
00010000
00010000
57
00000000
00000000
00100000
00011200
00012000
02221200
00011000
00010000
65
00000000
02000000
00200000
00021200
00012100
02221200
00011000
00010000
34
00000000
02000000
00202000
00112200
00012100
02221200
00011000
00010000
76
00000000
02000000
00202000
00112200
00012200
02221210
00011200
00010000
11
10000000
01000000
00102000
00112200
00012202
02221220
00011200
00010000
25
10000000
01000000
00102000
00112200
01012202
02122220
00012200
00012000
63
10000000
01000200
00102200
00111200
01012202
02122220
00012200
00012000
78
10000000
01000200
00102200
00111200
01012202
02121220
00222100
00012010
27
10000000
01000200
00102200
00111200
01012202
22221220
01111100
00012010
74
10000000
01000200
00102200
00111110
01012102
22221220
01112200
00012210
86
10000000
01000200
00102200
02111110
02012102
22221111
01112200
00012210
77
10000000
01000200
00102200
02111110
02012102
22221211
01111120
00012222
84
10000000
01000200
02102200
02211111
02022101
22222211
01111220
00012222
71
10000010
01000100
02222200
02221111
02022101
22222211
01111220
00012222
35
12000010
02000100
02221200
02211111
02111101
22112211
01111220
00012222
42
12000010
02010100
02211200
02211111
02111101
22112211
02111220
02012222
31
11100010
02010100
02211200
02211111
02211101
22212211
02221220
02222222
12
11100010
12012100
01222200
02212111
02212101
22212211
02221220
02222222
73
11100010
12012100
01111112
02212121
02212201
22212211
02221220
02222222
14
11120010
12022100
01121112
11122121
02222201
22222211
02221220
02222222
18
11120010
12222100
01221112
11221121
02212201
22122211
01221220
12222222
87
11120210
12222200
01221212
11221221
02212201
22122211
01221111
12222222
75
11120210
12222200
01221212
11221111
02211111
22122111
22221111
12222222
13
11120210
11222202
11221222
11221211
02212111
22122111
22221111
12222222
15
11120222
11222202
11221222
11221211
11112111
12122111
12221111
12222222
72
