00000000
00000000
00000000
00021000
00012000
00000000
00000000
00000000
56
00000000
00000000
00000000
00021000
00021000
00021000
00000000
00000000
33
00000000
00000000
00100200
00012000
00021000
00021000
00000000
00000000
47
00000000
00000000
00100200
00012000
00021000
00211000
00010000
00000000
64
00000000
00000000
00100200
00011200
00022200
00211000
00010000
00000000
34
00000000
00000000
00100200
00111200
00012200
00212000
00012000
00000000
73
00000000
00000000
00120210
00112100
00011200
00212000
00012000
00000000
66
00000000
00000000
00120222
00112100
00011100
00211100
00012000
00000000
82
00000000
00000001
00120212
00212100
02011100
00211100
00012000
00000000
14
00000000
00000001
02220212
10212100
01011100
00111100
00012000
00000000
48
00000000
00000001
02220212
10212100
01012100
00112100
00012000
00012000
53
00000002
00000002
02221112
10212100
01012100
00112100
00012000
00012000
68
00000002
00000002
02221112
10212100
01012100
00112100
00021000
00211100
13
00000002
00000022
11111212
10212100
01012100
00112100
00021000
00211100
35
00000002
20000022
12111212
10212100
01122100
00112100
00021000
00211100
32
00000002
20100022
11111222
10212220
01122200
00112100
00021000
00211100
84
00000002
20100022
11111222
10211111
01122200
00112200
00021020
00211100
52
00200002
20201022
11211122
10211111
01122200
00112200
00021020
00211100
37
00200002
20201022
11211122
10211111
01122200
02222200
00111020
00211100
17
00200002
20201022
11211122
12211111
01222200
01222200
10111020
00211100
22
00200002
21201022
21111122
22211111
22222200
01222200
10111020
00211100
16
02200002
22201022
22111122
22111111
21222200
11222200
10111020
00211100
86
02200002
22201022
22111122
22111111
21222200
11222201
10111010
00222220
67
02200002
22221022
22221122
22121111
21222100
11221101
10111110
00222220
11
12202002
11222022
12122122
12112111
11222100
11222101
10112110
00222220
41
11112002
11111022
11112122
12112111
12222100
12222101
12222110
00222220
61
11111102
11111022
11112122
12112111
12222100
12222201
12222120
00222222
71
11111112
11111012
11112112
12112112
12222102
12222201
12222120
00222222
87
11111112
11111012
11112112
12112212
12222222
12222201
12222111
00222222
62
11111112
11111112
11111112
12112212
12222222
12222221
12222221
00222222
28
