00000000
00000000
00000000
00021000
00012000
00000000
00000000
00000000
56
00000000
00000000
00000000
00022200
00011000
00001000
00000000
00000000
73
00000000
00000000
00000010
00022100
00021000
00021000
00000000
00000000
53
00000000
00000002
00001020
00021200
00022000
00021000
00000000
00000000
35
00000000
00000002
00001020
00222200
00122000
00021000
00000000
00000000
57
00000000
00000002
00001020
00222200
00122000
00021000
00021000
00000000
37
00000000
00000202
00002020
00222200
00122000
00021000
00111000
00000000
52
00000000
00001202
00001020
00221200
00121000
00021000
00121000
00020000
23
00000000
00001202
01001020
02221200
00211000
00021000
00121000
00020000
72
00000000
00001112
01001020
02221200
00211000
00021000
00122000
00020200
38
00000020
00001222
01002020
02221200
00211000
00021000
00112000
00120200
58
00000020
00001222
01002020
02221200
00211000
00021000
00211000
02222200
43
00000020
00001222
01222020
02211200
00211000
00021000
00211000
02222200
74
00000020
00001222
01222020
02211110
00221000
00022000
00222200
02222200
26
00000020
00022222
01222020
02211110
00121000
01022000
00222200
02222200
51
00001020
00021222
01221020
02212110
00122200
01022000
00222200
02222200
75
00001020
00021222
01221020
02212120
00111220
01022020
00222200
02222200
22
00001020
01021222
01122220
02212220
00111220
01022020
00222200
02222200
85
00001220
01022222
01122120
02212210
00111111
01022020
00222200
02222200
78
02001220
02022222
02122120
02212210
00111111
01021020
00222100
02222210
36
02001220
02022222
02122120
02212210
00111111
01111020
00222100
02222222
15
02001220
02022222
02122120
02212210
12111111
01211020
00222100
02222222
77
02001220
02022222
02222120
02222210
12112211
01222210
00222220
02222222
81
02001111
02022212
02222120
02222210
12112211
02222210
02222220
02222222
32
02021111
02221112
02122120
02121210
12112111
02222210
02222220
02222222
16
02021111
02221112
02122120
02121210
11212111
12111110
22222220
02222222
11
12021111
01221112
02122120
22121210
22212111
22211110
22222220
02222222
31
11111111
01111112
02121120
22122222
22212121
22211210
22222220
02222222
86
11111111
01111112
02121120
22122122
22212212
22211222
22222222
02222222
12
11111111
11111112
22221120
22122122
22212212
22211222
22222222
02222222
83
11111111
11111111
22221111
22122112
22212112
22211222
22222222
02222222
18
