00000000
00000000
00020000
00022000
00021000
00000000
00000000
00000000
53
00000000
00000200
00022000
00021000
00021000
00000000
00000000
00000000
34
00000000
00000200
00022000
00121000
00221000
00000000
00000000
00000000
56
00000000
00000200
00022000
00122200
00211000
00001000
00000000
00000000
33
00000000
00200200
00222000
00212200
00211000
00001000
00000000
00000000
74
00000000
00200200
00222000
00221110
00221000
00021000
00000000
00000000
22
00000000
01200200
00122000
00211110
00221000
00022000
00000200
00000000
47
00000000
01200200
00122000
00211110
00211000
00022000
00012200
00000000
36
00000000
01200200
02222000
00211110
00121000
00122000
00012200
00000000
77
00000000
01200200
02222000
00211110
00121000
00122000
00012110
00000200
12
00000000
11200200
01222000
02111110
00211000
00121000
00012110
00000200
41
02010000
12200200
02222000
02111110
00211000
00121000
00012110
00000200
25
02010000
12200200
02222000
02211110
01121000
00122000
00012210
00000220
58
02010000
12200200
02222000
02211110
01121000
00121000
00021210
00022220
13
02010000
12200200
12222000
01211110
01121000
00221000
02021210
00022220
38
02010000
12200200
12222020
01211210
01122000
00221000
02011210
00122220
71
02010010
12200100
12221020
01211222
01122000
00221000
02011210
00122220
11
12010010
11200100
12121020
01211222
01122000
00221000
02011210
02222220
31
11110010
11100100
12121020
01211222
22222000
00221000
02011210
02222220
14
11110010
11100100
11122220
11212222
21222000
00121000
02011210
02222220
72
11110010
11100110
11122120
11212222
21212200
00122000
02021210
02222220
85
11110010
11100110
11122120
11212212
21212201
00122200
02022210
02222220
18
11110010
11100110
11122120
11212212
21212201
00122200
01022222
12222220
16
11112010
11100210
11122120
11212212
11212201
10122200
01022222
12222220
88
11112010
11100210
11122120
11212212
11211201
10222100
01222212
11111111
52
11112012
11101120
11111220
11112212
11221201
10222100
01222212
11111111
61
11111112
11101120
11111220
11112222
11221221
10222200
01222212
11111111
83
11111112
11101110
11111111
11112211
11221121
10221200
22212212
11111111
76
11111112
11101110
11111111
11112211
11221121
10222222
22212112
11111111
26
