00000000
00000000
00000000
00021000
00012000
00000000
00000000
00000000
65
00000000
00000000
00000000
00022200
00011100
00000000
00000000
00000000
43
00000000
00000000
00010000
00222200
00011100
00000000
00000000
00000000
53
00000000
00020000
00022000
00221200
00011100
00000000
00000000
00000000
32
00000000
02220000
00012000
00221200
00011100
00000000
00000000
00000000
24
00000000
02220000
00022000
01121200
00022100
00020000
00000000
00000000
35
00000000
02220000
00022000
22221200
00111100
00020000
00000000
00000000
62
00000000
02220100
00022200
22211200
00111100
00020000
00000000
00000000
74
00000000
02220100
00022200
22221110
00211100
02020000
00000000
00000000
47
00000000
02220100
00022200
22221120
00211102
02010000
00010000
00000000
72
00000000
02220110
00022100
22221120
00221102
02020000
00020000
00020000
31
00100000
02210110
00021100
22221120
00222102
02020200
00020000
00020000
56
00100002
02210120
00021200
22222120
00221102
02021200
00020000
00020000
67
00100002
02210120
00021200
22222120
00221202
02022220
00020100
00020000
13
00120002
01220120
10021200
22222120
00221202
02022220
00020100
00020000
52
00120002
01111120
10021200
22222120
00221202
02022220
00020200
00022000
75
00120022
01111220
10022200
22222120
00221112
02022220
00020200
00022000
38
00120022
01111220
10022200
22222120
00221112
02221220
00020200
00122000
51
00111222
01112220
10022200
22222120
00221112
02221220
00020200
00122000
83
00111222
01112220
10022201
22222210
00221122
02221222
00020200
00122000
57
00111222
01112220
10022221
21222220
00121122
02211222
00021200
00122000
15
00111222
22222220
10022221
11222220
10121122
02211222
00021200
00122000
21
01111222
22122220
10012221
11221220
10122122
02221222
00221200
00122000
17
01111222
22122220
10012221
11221220
12222122
01221222
10221200
00122000
23
01111222
21122220
11222221
11221220
12212122
01221222
10221200
00122000
84
01111222
21122120
11222211
11221111
12212112
01221122
10221200
02222000
87
01111222
21122122
11222221
11221211
12212111
01221111
10221201
02222000
68
01111222
21122122
11222221
11221211
12212111
02221111
12221101
02222100
18
01111222
21122122
21222221
21221211
22212111
22121111
11221101
11111100
11
11111222
11122122
11222221
11221211
12222111
12122111
11221201
11111120
88
