00000000
00000000
00000000
00012000
00022200
00000000
00000000
00000000
66
00000000
00000000
00000000
00012000
00021200
00000200
00000200
00000000
35
00000000
00000000
00000000
00222000
00111200
00000200
00000200
00000000
23
00000000
00000000
01000000
02222000
00111200
00000200
00000200
00000000
43
00000000
00002000
01020000
02212000
00111200
00000200
00000200
00000000
42
00000000
20012000
02010000
02212000
00111200
00000200
00000200
00000000
77
00000000
20012000
02010000
02212000
02222200
00000100
00000210
00000000
16
00000000
20012000
02010000
02112000
01222200
10000100
00000222
00000000
14
00000000
20012000
22010000
12112000
01222200
10000100
00000222
00000000
88
00000000
20012000
22010000
12112000
02222200
12000100
00000212
00000001
17
00000000
20012000
22010000
12112000
02222200
11020100
10000212
00000001
56
00000000
20012000
22010000
22112000
22212200
11021100
10000212
00000001
64
00000000
20012000
22010000
22111100
22212100
11022220
10000212
00000001
62
00000000
20011100
22012000
22122100
22212100
11022220
10000212
00000001
11
10000000
10011100
12012000
12122100
12222100
11222220
10000212
00000001
47
10002000
10012100
12012000
12112100
11212100
11111220
10010212
00000001
61
10002100
10211100
12022000
12112100
11212100
11111220
10010212
00000001
75
10002100
10211100
12022000
12112100
11212222
11111220
10010212
00000001
57
10002100
10211100
12022000
12112220
11212222
11111220
10011112
00000001
83
10002100
10211100
12022001
12112210
12222122
12211220
12011112
00000001
63
10002100
10211100
12022101
12112110
12222122
12212220
12011222
00000021
18
10002100
10211100
12022101
12222222
12212122
12112220
11011222
10000021
33
10002220
10211200
11112101
11122222
12211122
12112120
11011212
10000021
41
10222220
10221200
11212101
11222222
12211122
12112120
11011212
10000021
22
10222220
11111200
11112101
11212222
12211122
12112120
12011212
12000021
38
10222220
11111220
11112201
11212222
12211122
12112120
11011212
11100021
82
10222220
11111221
11112221
11212222
12211122
12112120
11011212
11100021
86
10222220
11111221
11111221
11212121
12211111
12122111
11012211
11100221
48
12222220
12211221
12121221
12212121
12211111
12122111
11011211
11110221
37
12222220
12211221
12121221
12212121
12211111
11212111
11122211
11112221
81
