00000000
00000000
00000000
00021000
00012000
00000000
00000000
00000000
43
00000000
00000000
00210000
00021000
00012000
00000000
00000000
00000000
65
00000000
00000000
00222000
00021000
00011100
00000000
00000000
00000000
32
00000000
00100000
00212000
00022000
00012100
00002000
00000000
00000000
47
00000000
00100000
00212000
00022000
00012200
00001020
00010000
00000000
87
00000000
00100000
00212000
00021000
00012100
00002010
00012001
00000000
52
00000000
00101000
00211000
00021020
00012200
00002010
00012001
00000000
67
00000000
00101000
00211000
00021020
00022200
00021010
00011101
00000000
36
00200000
00201000
00211000
00021020
00012200
00111010
00011101
00000000
64
00200000
00201000
00211000
00021120
00011200
00112010
00021101
00200000
58
00200000
00201000
00211000
00021120
00222200
00112010
00011101
00201000
84
00200000
00201000
00211000
00021111
00222200
00212010
02011101
00201000
25
00202000
00202000
00212000
00022111
01222200
00112010
02011101
00201000
21
01202000
00102000
00212000
00022111
01222200
02222010
02011101
00201000
42
01202000
00112000
00211002
00022121
01222200
02222010
02011101
00201000
61
01202220
00111000
00211002
00022121
01222200
02222010
02011101
00201000
17
01202220
00111000
00211022
00012221
01122200
01222010
12011101
00201000
41
01112220
00111000
00211022
00012221
01122200
01222010
12012101
00201200
82
01112220
00111001
00211021
02012221
02222200
02222010
12012101
00201200
66
01112220
00111201
00212021
02022221
02221200
02222110
12012101
00201200
37
01112220
00112201
00222021
02222221
02221200
02212110
11112101
00201200
48
01112220
00112201
00222021
02222221
02221200
02212222
11111101
00211200
22
01112220
01112201
00122021
02212221
02221200
22212222
12111101
00211200
14
01112220
01112201
00122021
11112221
01222200
22122222
12211101
02211200
77
01112220
01112201
00122021
11112221
01221200
22122122
12211112
02211202
81
01111111
22222201
00122021
11112221
01221200
22122122
12211112
02211202
75
01111111
22212201
02221021
12212121
02221110
22122112
12211112
02211202
72
01111111
22211111
02222211
12212211
02221210
22122212
12211212
02211202
18
01111111
22211111
02222211
12212221
02221222
22122222
11211212
11111202
11
11111111
21211111
02122211
12212221
02221222
22122222
11211222
11111222
13
11111111
11211111
11122211
11212221
02121222
22112222
11211222
11111222
15
