00000000
00000000
00000000
00012000
00022000
00002000
00000000
00000000
46
00000000
00000000
00000000
00012000
00222000
00012000
00000000
00000000
24
00000000
00000000
00000000
01012000
00122000
00022000
00200000
00000000
57
00000000
00000000
00000000
01012000
00122000
00012000
00202000
00002000
68
00000000
00000000
00000000
01012000
00122000
00222000
00201000
00002100
38
00000000
00000000
00000000
01012000
00122000
00122000
00101000
00102220
53
00000000
00000000
00001000
01011000
00121000
00221000
02101000
00102220
18
00000000
00000000
00001000
01011000
00111000
02221000
01101000
10102220
17
00000000
00000000
00001000
01211000
00211000
01221000
11101000
10102220
33
00000000
00000000
00101000
01111000
00111000
01122200
11101000
10102220
77
00000000
00000000
00101000
01111000
00111000
01122220
11101020
10102220
67
00000000
00000000
00101000
01111000
00111000
01121220
11102120
10122220
86
00000000
00000000
02101000
01211000
00121000
01122111
11102220
10122220
88
00000000
00000000
02101200
01212000
00121000
01122111
11102210
10111111
64
00000000
00000000
02101200
01211100
00121020
01122211
11102210
10111111
73
00000000
00000020
02101210
01212100
00121020
01122211
11102210
10111111
12
00000000
10000020
21101210
02112100
00211020
01121211
11102110
10111111
84
20000000
20000020
21101210
02112101
00211010
01121111
11101110
10111111
47
20000000
20000020
22222210
02112101
00211010
01111111
11111110
10111111
25
20000000
20000020
22222222
02112101
01111010
01111111
11111110
10111111
42
20000000
20010020
22211222
02112201
02112010
02121111
12211110
12111111
16
20000000
20010020
22211222
02112201
01112010
11121111
11222222
12111111
15
20000000
22010020
22211222
01122201
11112010
11121111
11222222
12111111
62
20000200
22010220
22211212
01122201
11112010
11121111
11222222
12111111
32
20000200
22110220
22111222
01122221
11112020
11121121
11222222
12111111
51
22001200
22210120
22121212
01122221
11112020
11121121
11222222
12111111
81
22201201
22220110
22122112
01121221
11112020
11121121
11222222
12111111
71
22201111
22222110
22122212
01121221
11112020
11121121
11222222
12111111
41
22211111
22212222
22112222
01111221
11112020
11121121
11222222
12111111
14
22211111
22212222
21122222
11112221
11112220
11122221
11222222
12111111
85
