00000000
00000000
00000000
00222000
00021000
00000000
00000000
00000000
35
00000000
00000000
00000000
00222000
00121000
00020000
00000000
00000000
57
00000000
00000000
00000000
00222000
00221000
02010000
00001000
00000000
24
00000000
00000000
00000000
01222000
02221000
02010000
00001000
00000000
15
00000000
00000000
02000000
02222000
12111000
02010000
00001000
00000000
53
00000000
00000000
02001000
02211000
12211000
02210000
00001000
00000000
37
00000000
00000000
02001000
02211000
12211000
22210000
00101000
00000000
12
00000000
10000000
01001000
22111000
22211000
22210000
00101000
00000000
27
00000000
10000000
01201000
22211000
21211000
21110000
01101000
00000000
32
00000000
10120000
01201000
22111000
21111000
21110000
01101000
00000000
43
00020000
10220000
02111000
22111000
21111000
21110000
01101000
00000000
21
01020000
10120000
02112000
22222200
21111000
21110000
01101000
00000000
73
01020000
12220000
02212010
22222100
21111000
21110000
01101000
00000000
13
01020000
12222000
11122010
21222100
21111000
21110000
01101000
00000000
11
11020000
11222000
11122010
21222100
21121000
21210000
02101000
20000000
65
11020000
11122000
11112010
21222100
21122100
21222000
02101000
20000000
31
11120000
11112000
11111010
21222100
21122200
21222020
02101000
20000000
51
11111000
11111000
11111010
21222100
21122200
21222020
02102000
20000200
75
11111000
11111000
11111010
21222220
21111220
21222020
02102000
20000200
63
11111000
11111000
11111110
21221220
21111220
21222020
02202000
22000200
85
11111000
11111000
11111110
21221210
21111121
21222022
02202000
22000200
17
11111000
11111002
11111120
11221210
11111121
11222022
12202000
22000200
47
11111000
11111002
11111120
11221222
11111122
11111022
11112000
22000200
83
11111000
11111202
11112221
11221212
11111122
11111022
11112000
22000200
77
11111000
11111202
11112221
11221222
11111122
11111022
11112020
22000220
81
11111001
11111201
11112221
11221222
11112222
11111222
11112020
22000220
72
11111001
11111111
11112121
11221222
11122222
11112222
11112220
22000220
87
11111021
11111221
11112121
11221221
11122121
11112211
11111121
22000222
61
11111111
11111111
11112121
11221221
11122121
11112211
11112121
22002222
48
