00000000
00000000
00000000
00021000
00012000
00000000
00000000
00000000
43
00000000
00000000
00210000
00021000
00012000
00000000
00000000
00000000
65
00000000
00020000
00220000
00021000
00011100
00000000
00000000
00000000
32
00000000
00120000
00210000
00022200
00011100
00000000
00000000
00000000
23
00000000
00120000
01110000
00022200
00022100
00020000
00000000
00000000
41
00010000
00110000
01110000
00022200
00022200
00020200
00000000
00000000
47
00010000
00110000
01110000
00222200
00012200
00010200
00010000
00000000
75
02010000
00210000
01120000
00222200
00011110
00010200
00010000
00000000
31
02110000
00110000
01120000
00222200
00012110
00020200
00210000
00000000
53
02110000
00110000
01111000
00222100
00222110
00020200
00210000
00000000
67
02110000
00110000
01111020
00222200
00222110
00020100
00210100
00000000
56
02110000
00110000
01111020
00121200
00211210
00021200
00210200
00000200
28
02110000
02110000
01211020
00121200
00211210
00011200
00110200
01000200
82
02110000
02110001
22211010
00121100
00211210
00011200
00110200
01000200
14
02110000
02110001
21211010
20121100
20211210
00011200
00110200
01000200
76
02110000
02110001
22211010
22221100
20211110
00011110
00110200
01000200
25
02110000
02110001
22211010
22122220
21111110
00011110
00110200
01000200
83
02110000
02110001
22211011
22222210
22221110
00211110
00110200
01000200
58
02110000
02110001
22211011
22222210
22222110
00222110
00112100
01001200
16
02110000
02110001
22211011
22122210
21222222
10222110
00112100
01001200
48
02110000
02110001
22211011
22122222
21222222
10222110
00111100
01011200
63
02110000
02110201
22212221
22122222
21222222
10222210
00111200
01011200
86
02110000
02110201
22211221
22122121
21222221
10222221
00111220
01011200
78
02222000
02120201
22211221
22122121
21212221
10221221
00111120
01011110
61
02222100
02120101
22211121
22122121
22212221
12221221
00111120
01011110
17
02222100
02120101
22211121
22112121
22112221
11222221
10221120
01211110
12
02222100
11120121
11211221
12112121
12112221
11222221
10221120
01211110
11
11111100
11122221
11222221
12212121
12112221
11222221
10221120
01211110
27
11111100
11122221
11222221
12212121
12112221
11122221
11111120
01222222
81
11111121
11122221
11222121
12211121
12112221
11122221
11111120
01222222
87
