00000000
00000000
00000000
00012000
00022000
00002000
00000000
00000000
46
00000000
00000000
00200000
00022000
00012000
00012000
00000000
00000000
64
00000000
00000000
00200000
00222100
00021000
00012000
00000000
00000000
53
00000000
00000000
00201000
00222220
00021000
00012000
00000000
00000000
73
00000000
00000000
00201010
00222120
00021000
00022000
00020000
00000000
57
00000000
00000000
00201010
00222120
00021000
00022000
00022200
00000000
58
00000000
00000000
00201010
00222120
00021000
00021000
00022200
00001200
37
00000000
00000000
00201010
00222120
00022200
00012000
00122200
00001200
77
00000000
00000000
00201010
00222120
00022200
00222000
00111110
00001200
24
00000000
00000000
00201010
01111120
00022200
00222200
00111210
00001200
32
00000000
00100000
00101010
01111120
00022200
00222200
00211210
02001200
83
00000000
00100000
02101011
01211110
00022100
00221200
00211210
02001200
78
00000000
00100000
02101011
02211110
02022100
00221200
00211110
02001110
26
00000000
00100000
02101011
02211110
02022100
02211200
02211110
02001110
13
00000000
00100000
11121011
02221110
02022100
02211200
02211110
02001110
75
00000000
00100000
11121011
02221110
02022110
02211200
02211120
02001112
14
00000000
02100000
12221011
12121110
02022110
02111200
02211120
02001112
42
00000000
02110000
12211011
12211110
02222110
02211200
02211120
02001112
12
20000000
12110000
11211011
12111110
02212110
02211200
02211120
02001112
87
20200000
12210000
11211011
12111110
02212110
02211200
02211111
02001112
16
20200000
12222000
11212011
12112110
01212110
11111200
02211111
02001112
51
20201000
12221000
11221011
12112110
01211210
11111220
02211111
02001112
15
20201000
12211000
11121011
11112222
11211220
11111220
02211111
02001112
38
20201000
12211000
11121011
11112222
11221220
11211220
02111111
22101112
21
21201000
11111000
11111011
11111222
11221120
11211222
02111112
22101112
85
21201000
11111000
11111011
11111221
11221111
11221212
02122112
22222222
41
22222200
11111000
11111011
11111221
11221111
11221212
02122112
22222222
17
22222200
11111020
11111021
11111221
11221111
11221212
11122112
22222222
71
22222210
11111210
11112011
11121211
11221111
11221212
11122112
22222222
63
22222222
11111220
11111211
11122111
11221111
11221212
11122112
22222222
82
