00000000
00000000
00000000
00222000
00021000
00000000
00000000
00000000
33
00000000
00000000
00100000
00212000
00022000
00002000
00000000
00000000
24
00000000
02000000
00200000
01122000
00022000
00002000
00000000
00000000
64
00000000
02000000
00200000
01211100
00222000
00002000
00000000
00000000
11
10000000
01000000
00100000
01222220
00222000
00002000
00000000
00000000
36
10000000
01000000
00100000
22222220
00122000
00102000
00000000
00000000
63
10000000
01002000
00100200
22221220
00112000
00102000
00000000
00000000
84
10000000
01002000
00100200
22221111
02222000
00102000
00000000
00000000
41
10010000
01001000
00100100
22221111
02222000
00202000
02000000
00000000
37
10010000
01001000
00100100
22121111
02222000
02102000
02100000
00000000
18
10010000
01001000
00100100
22121111
02222000
02102000
01200000
10020000
46
10010000
01021000
00200100
22121111
02221000
02112000
01200000
10020000
15
10010000
01021000
02200100
22221111
11121000
02112000
01200000
10020000
28
10010000
01021000
02200100
22221111
11122200
02112000
01100000
11020000
57
10010000
01022200
02200200
22221211
11121200
02111000
01101000
11020000
32
10010000
01122200
02100200
22121211
12121200
02222000
01121000
11020000
16
10010000
01122200
02220200
22122211
11121200
12222000
01121000
11020000
13
10010000
01122200
12220200
11122211
11121200
12222000
22221000
11020000
12
10010000
11122200
11220200
11122221
11121202
12222000
22221000
11020000
51
10011000
11112200
11120200
11122221
11121202
12222000
22222200
11020000
75
10211000
11212200
11220200
11222221
11221112
12222000
22222200
11020000
72
10211000
11211110
11220102
11221222
11211112
12122000
21222200
11020000
73
10211000
11222222
11220122
11221212
11212112
12122000
21222200
11020000
66
12211000
12222222
12120122
12211212
12211112
12111100
21222200
11020000
81
12211021
12222222
12120122
12211212
12211112
12111100
21222200
11020000
61
12211111
12221122
12110122
12111212
11211122
12111102
21222200
11020000
68
12211111
12221122
12120122
12112212
11211222
12222222
21221100
11020100
58
12211111
12221122
12122222
12122212
11211222
12122222
21211100
11021100
87
12211111
12221121
12122221
12122211
11211221
12122221
21222221
11021100
38
12211111
12221121
12122221
12122211
11211121
12121221
21112221
11111100
78
