00000000
00000000
00000000
00222000
00021000
00000000
00000000
00000000
35
00000000
00000000
00000000
00222000
00121000
00020000
00000000
00000000
37
00000000
00000000
00000000
00222000
00122000
00010200
00100000
00000000
33
00000000
00000000
00100000
00122000
00122000
00020200
00120000
00000000
57
00000000
00000000
00100000
00122000
00222000
02010200
00111000
00000000
43
00000000
00200000
00220000
00212000
00212000
02010200
00111000
00000000
75
00000000
00200000
00220000
00222000
00222010
02020100
00221000
00020000
22
00000000
01200000
00120000
00212000
00221010
02020100
00222000
00020200
24
00000000
01200000
00120000
01112000
00222210
02020100
00222000
00020200
53
00000000
01200000
00111000
01112002
00222220
02020200
00222000
00020200
31
00100000
01100200
00112000
01122002
00222220
02020200
00222000
00020200
76
20100000
02100200
00212000
01121002
00222120
02020210
00222000
00020200
23
20100000
02100200
01112000
01121002
00222120
02020220
00222020
00020200
63
20100000
02100200
02111100
02121002
02222120
02020220
00222020
00020200
15
20100000
02100200
22111100
02121002
11211120
02020220
00222020
00020200
21
22220000
01100200
21111100
01121002
11211120
02020220
00222020
00020200
87
22220000
01100200
21111100
01121002
11211120
02020222
00222021
00020200
88
22220000
01100200
22222220
01121002
11211120
02020122
00222011
00020201
42
22220000
01110200
22112220
01212002
11222120
02022222
00222011
00020201
27
22220000
01110200
22112220
01212002
12222120
21022222
01222011
00020201
64
22220000
01110200
22111220
01222222
12222220
21022222
01222011
00020201
36
22220000
01110200
22111220
22222222
22122220
21122222
01222011
00020201
83
22220000
01110220
22111221
22222222
22122220
21122222
01222011
00020201
81
22220001
01110222
22111122
22221222
22112220
21122222
01222011
00020201
67
22220001
01110222
22111122
22221122
22212220
21222122
02221111
00220201
17
22222001
01120222
22211122
22221122
22212220
21222122
11111111
00220201
52
22222001
01111222
22211122
22221122
22212220
21222122
11111221
00220221
85
22222001
01111221
22211121
22221111
22211111
21222121
22111221
20220221
58
22222001
22222221
22211121
22221111
22211111
21222111
22111121
20221111
71
22222011
22222111
22211111
22221111
22211111
21222111
22211121
22221111
61
