00000000
00000000
00000000
00021000
00012000
00000000
00000000
00000000
65
00000000
00000000
00000000
00021000
00021100
00020000
00000000
00000000
34
00000000
00000000
00000000
00111200
00022100
00020000
00000000
00000000
63
00000000
00000000
00200100
00121100
00022100
00020000
00000000
00000000
56
00000000
00000000
00200100
02221100
00011100
00021000
00000000
00000000
47
00000000
00000000
00200100
02221100
00021100
00021000
00020000
00020000
14
00000000
00000000
00220100
11121100
00021100
00021000
00020000
00020000
35
00000000
00000000
20220100
12121100
00211100
00021000
00020000
00020000
32
00000000
00100000
20110120
12121200
00212100
00021000
00020000
00020000
66
00000000
00100000
20110120
12111200
00222220
00021100
00020000
00020000
83
00000000
00100000
20110111
12111200
00222220
00022200
00022000
00020000
36
00000000
00100000
20110111
22111200
20112220
00122200
00022000
00020000
74
00000000
00120000
20220111
22121110
20122220
00122200
00022000
00020000
67
00000000
00120000
20220111
22122110
20112220
00122220
00022100
00020000
41
00010000
00110000
20210111
22112110
20112220
02222220
00022100
00020000
87
00010000
00110000
20210111
22111110
20112120
02222210
00022201
00020020
17
00010000
00110000
20210111
22222222
20112120
01222210
10022201
00020020
68
00010000
00110000
20210111
22222222
20112120
01212222
10021101
00020120
85
02010000
00210000
20220111
22222211
20112111
01212211
10021101
00020120
27
02010000
00210000
20220111
22222211
22222111
01212211
11021101
00020120
88
02010000
00210000
20220111
22222211
22222111
02212211
12021101
02020111
53
02010000
00210000
20221111
22211111
22121111
22211211
12021101
02020111
37
02010000
00210000
20221111
22211111
22121111
22211211
22111101
22020111
22
02210000
02210000
20221111
22211111
22121111
22211211
22111101
22020111
23
02210000
02110002
21111121
22111211
22112111
22221211
22211101
22020111
62
02210000
02110102
21111111
22111211
22112111
22221211
22222221
22020111
38
02210000
02110122
21111221
22112221
22122121
22221221
22112221
22120111
58
02210200
02110222
21111221
22112221
22122121
22221211
22111121
22111111
51
02211220
02110222
21112211
22122221
22222121
22221211
22111121
22111111
52
02211220
22111222
22111111
22221211
22221121
22221211
22111121
22111111
81
02211111
22111211
22111111
22221211
22221121
22221211
22111121
22111111
11
