00000000
00000000
00000000
00021000
00012000
00000000
00000000
00000000
65
00000000
00000000
00000000
00021000
00021100
00020000
00000000
00000000
37
00000000
00000000
00000200
00022000
00021100
00010000
00100000
00000000
53
00000000
00000200
00002200
00021000
00021100
00010000
00100000
00000000
33
00000000
00000200
00122200
00021000
00021100
00010000
00100000
00000000
42
00000000
00010200
00112200
00021000
00211100
00010000
00100000
00000000
34
00000000
00010200
00112200
00111000
00222220
00010000
00100000
00000000
64
00000000
00010200
00111200
00111100
00221220
00020000
00120000
00000000
57
00000000
00010200
00111200
00111100
00221220
00020000
00121000
00020000
26
00000000
00010200
00111200
00111100
00121220
01020000
02221000
00020000
56
00000000
00210200
00121200
00112100
00111220
01021000
02221000
00020000
86
00000000
00210200
00121200
00112100
20111210
02021001
02221000
00020000
17
00000000
00210200
00121200
00112100
20111210
01021001
11112000
00020200
36
00020000
00220200
00121200
00112100
20111210
01111001
11112000
00020200
51
00021000
00210200
00121200
00212100
22222210
01111001
11112000
00020200
73
00021000
00210100
00121110
00212100
22222210
02121001
12212000
02020200
23
00021000
00210100
01121110
00112100
22212222
02121001
12212000
02020200
52
00021000
00211100
01111110
00112100
22212222
02122001
12222000
02220200
84
00021000
00211102
01111120
00112201
22212221
02122001
12222000
02220200
22
02021000
01211102
01121120
00112201
22212221
02122001
12222000
02220200
58
02021020
01211202
01122120
00121201
22211221
02121001
12211000
02221200
72
02021020
01211112
22222120
00121201
22211221
02121001
12211000
02221200
14
02022220
01212212
22222220
10121201
21211221
02121001
12211000
02221200
66
02222220
02222212
22222220
10121201
21211211
02121101
12211000
02221200
24
02222220
02222222
22222222
11121201
21111211
02111101
12211000
02221200
11
12222220
22222222
22122222
11111201
21111211
02111101
12211000
02221200
74
12222220
22222222
22122222
11112121
21111221
02222221
12211000
02221200
67
12222220
22222222
22122222
11112122
21111222
02221122
12211102
02221200
18
12222220
22222222
22122222
11212122
21121222
02122122
11211202
11111220
77
12222220
22222222
22122222
11212122
22121222
22122122
11211112
11111220
88
12222220
22222222
22122222
11212122
22121222
22122122
11211112
11111111
81
