00000000
00000000
00000000
00012000
00022200
00000000
00000000
00000000
66
00000000
00000000
00000000
00222000
00021200
00000100
00000000
00000000
53
00000000
00000000
00001000
00221000
00021200
00000200
00000200
00000000
35
00000000
00000000
00021000
00212000
00111200
00000200
00000200
00000000
42
00000000
00010000
00211000
00222000
00112200
00000200
00000200
00000000
56
00000000
00010000
00211000
00221000
00211200
00201200
00000200
00000000
26
00000000
00010000
00211000
00211000
00111200
01222200
00000200
00000000
77
00000000
00010000
00211000
00211000
00111200
01222100
00000222
00000000
23
00000000
00010000
01111200
00112000
00121200
01222100
00000222
00000000
47
00000000
02010000
01211200
00122000
00112200
01212200
00010222
00000000
32
00000000
02110000
01111200
00122000
00112200
22212200
00010222
00000000
74
02000000
02210000
01121200
00122010
00112100
22211200
00010222
00000000
88
02000000
02210200
01122200
00122010
00211100
22211100
00010212
00000001
52
02000000
02211200
01111100
00121010
00221100
22221100
00020212
00020001
12
02000000
11211200
01121100
00122010
00221200
22222220
00020212
00020001
57
02000000
11211220
01121200
00122010
00221200
22221220
00021112
00020001
73
22000000
12211220
01221110
00122010
00221200
22221220
00021112
00020001
41
22010000
22111220
22221110
00122010
00221200
22221220
00021112
00020001
85
22210000
22211220
22221110
00122010
00221201
22221210
00021112
00020001
17
22210000
22211220
22222222
00112020
00121201
21221210
10021112
00020001
24
22210000
22211220
22122222
01112020
00121201
21221210
20021112
20020001
14
22222000
22112220
21122222
11112020
00121201
21221210
20021112
20020001
61
22222100
22111220
21112222
11112020
00121201
21222210
20021212
20020021
68
22222100
22111220
21112222
11112020
00121201
21222210
20022212
20022111
37
22222220
22111220
21112222
11112020
00121201
21112210
20111112
20022111
81
22222221
22111210
21112122
11111020
00111201
21112222
20111112
20022111
75
22222221
22112210
22122112
12211010
02111111
21212112
20121112
20022111
27
22222221
22112210
22122112
22211010
22111111
22112112
21221112
20022111
38
22222221
22112210
22122122
22211012
22111112
22111112
21111112
20111111
82
22222221
22112211
22122121
22211011
22111111
22111111
22111111
22111111
64
