00000000
00000000
00000000
00012000
00022200
00000000
00000000
00000000
64
00000000
00000000
00200000
00021100
00022200
00000000
00000000
00000000
34
00000000
00000000
00200000
00211100
00222200
00000000
00000000
00000000
24
00000000
00000000
20200000
02111100
00222200
00000000
00000000
00000000
14
00000000
00000000
20202000
11122100
00222200
00000000
00000000
00000000
12
00000000
10000000
10202000
12122100
20222200
00000000
00000000
00000000
32
00000000
10100000
10102000
12122200
20222220
00000000
00000000
00000000
16
00000000
12100000
10202000
12122200
10222220
10000000
00000000
00000000
56
00000000
12100000
10202000
12122200
10222220
10201000
00000000
00000000
74
00000000
12220000
10202000
12111110
10222120
10201000
00000000
00000000
46
00000000
12220000
10202020
11111120
10111120
10211000
00000000
00000000
86
00000000
12220000
10202020
11111120
10111210
10212001
00020000
00000000
62
00000000
12222100
10202020
11112120
10112210
10212001
00020000
00000000
26
00000000
12222100
12202020
11212120
10122210
11112001
00020000
00000000
67
00000000
12222100
11202020
11112120
10112210
11112001
00022100
00000000
41
00010000
12122220
11202020
11112120
10112210
11112001
00022100
00000000
63
00010000
12121220
11202120
11211120
10212210
11222001
00222100
00000000
84
00010000
12121220
11202120
11211111
10212222
11222001
00222100
00000000
83
00010000
12121220
11202111
11211111
10212222
12222001
20222100
00000000
38
00010000
12121220
12102111
12111111
12222122
12121001
20112100
00100000
58
00012000
12122220
12102111
12111111
12222122
12121001
20111100
00101000
11
10012000
11122220
12102111
12111111
12222122
12221001
22111100
00101000
18
10012000
11122220
12102111
12111111
12212122
12121001
11112100
10101200
31
10112000
11112220
12101111
12211111
12222122
12122001
11112200
10101220
43
10112000
11112220
12111211
12111211
11222222
12122201
11112200
10101220
77
10112000
11112220
12111211
12111211
11221222
12122201
11222110
10122220
76
10112000
11112220
12111211
12111211
11221112
12111111
12222110
12222220
88
10112000
11112220
12111211
12111211
11221112
12111112
12222222
11111111
81
12222001
12212210
12121111
12112211
11221212
12111122
12222222
11111111
71
12222011
12212222
12121122
12112212
11221212
12111122
12222222
11111111
61
