00000000
00000000
00000000
00012000
00022000
00002000
00000000
00000000
66
00000000
00000000
00000000
00012000
00022200
00002100
00000000
00000000
46
00000000
00000000
00000000
00012000
00012200
00011200
00000020
00000000
88
00000000
00000000
00000000
00222000
00011200
00011100
00000010
00000001
43
00000000
00200000
00020000
00212000
00011200
00011100
00000010
00000001
75
00000000
00200000
00020000
00212000
00012110
00012100
00002010
00000001
68
00000000
00200000
00020000
00212000
00012210
00012220
00001010
00000101
24
00000000
00200000
00020000
01112000
00012210
00012220
00002010
00002101
52
00000000
00201000
02010000
01212000
00022210
00012220
00002010
00002101
35
00000200
00202000
02020000
01212000
00111110
00012220
00002010
00002101
42
00000200
00212000
02010000
01212200
00111210
00012220
00002010
00002101
74
00000200
00212000
02010200
01211210
00111210
00012220
00002010
00002101
48
00000200
00212000
02010202
01211220
00111210
00012120
00001010
00011101
62
00000200
00222220
02010102
01211120
00111110
00012120
00001010
00011101
25
00000200
00222220
02012102
01112120
01112110
00012120
00001010
00011101
85
00000200
00222220
02012102
01112110
22222111
00012120
00001010
00011101
87
00000200
00222220
02012222
01112210
22222111
00012110
00001011
00011101
67
00000200
00222220
02012222
22222210
22212111
00011110
00001111
00011101
21
01000200
02222220
02012222
22222210
22212111
00011110
00001111
00011101
26
01000200
01222220
01222222
22222210
21212111
01011110
00001111
00011101
13
01000200
01222220
11222222
21222222
21112111
01011110
00001111
00011101
71
01000210
01222110
11221212
21212212
21122111
01012110
00001211
00011121
16
01000210
01222110
11221212
11212212
11122122
11012222
00001211
00011121
31
01100210
01112110
11121212
11112212
11122122
11222222
00001211
00011121
41
01110222
01111120
11121212
11112212
11122122
11222222
00001211
00011121
37
01112222
01112220
11122222
11112112
11121122
11112222
00101211
00011121
82
01112222
01111111
11122211
11122111
11221121
12112221
20101211
00011121
18
01112222
01111111
11122211
11122111
11221121
12122221
10122211
10011121
27
01112222
01111111
11122211
11122111
11221121
11122221
11222211
12011121
38
22222222
02111111
11222211
11122111
11221121
11121221
11112211
11111121
12
