00000000
00000000
00020000
00022000
00021000
00000000
00000000
00000000
33
00000000
00000000
02220000
00012000
00021000
00000000
00000000
00000000
53
00000000
00000000
02221000
00012000
00022200
00000000
00000000
00000000
13
00000000
00200000
11121000
00012000
00022200
00000000
00000000
00000000
31
00100000
00100000
11122200
00012000
00022200
00000000
00000000
00000000
76
00100000
00120000
11122200
00021000
00022100
00000010
00000000
00000000
72
00100000
02220010
11222100
00021000
00022100
00000010
00000000
00000000
35
00100000
02220010
11222220
00021000
00111100
00000010
00000000
00000000
21
21100000
02120010
11212220
00021000
00111100
00000010
00000000
00000000
62
21100000
02120110
11211220
00021000
00112100
00000210
00000000
00000000
67
21100000
02120110
11211220
00021000
00112220
00000110
00000100
00000000
52
21100000
02111110
11211220
00021000
02222220
00000110
00000100
00000000
46
21100000
02111110
11211220
00012000
02222220
00210110
00000100
00000000
74
21100000
02111110
12211110
02012010
02222210
00210110
00000100
00000000
64
21100000
02111110
12211110
02011110
02221110
00220110
00020100
00000000
37
21100000
02111110
12211110
02011110
02221110
00210110
02220100
00000000
26
21100000
01111110
11222222
01011110
01121110
01110110
02220100
00000000
84
21100020
01111210
11222212
01011111
01121110
01110110
02220100
00000000
18
21100020
01111210
11222212
01012111
01121210
01110120
01220102
10000000
28
21100220
01112220
11222212
01012111
01121210
01110120
01120102
11000000
58
21100220
22222220
11222212
01012111
01121210
01110120
01110102
11001000
56
21100220
22222220
11222212
01012211
01121120
01111122
01110102
11001000
77
21100220
22222220
12222212
01222211
01121110
01111112
01110112
11001000
51
21101220
22211120
12121212
01221211
01221110
02111112
21110112
11001000
16
21101220
22211120
12121212
01221211
01221110
11121112
11112222
11001000
88
21101220
22211120
12121212
01221211
01221110
11121112
11112222
11001201
81
21101111
22211110
12121112
01221212
01222222
11121122
11112222
11001201
82
21101111
22211111
22121111
22221211
01222221
11121121
11112221
11001201
78
21101111
22211111
22121111
22221211
22222211
11121111
11112111
11001111
48
