00000000
00000000
00000000
00021000
00012000
00000000
00000000
00000000
34
00000000
00000000
00002000
00112000
00012000
00000000
00000000
00000000
65
00000000
00000000
00002000
00112000
00012100
00002000
00000000
00000000
47
00000000
00000000
00002000
00122000
00222100
00001000
00010000
00000000
25
00000000
00000000
00002000
00122000
01211100
02001000
00010000
00000000
27
00000000
00000000
00202000
00222000
01211100
01001000
01010000
00000000
23
00000000
00000000
01202000
00122000
01211200
01001020
01010000
00000000
32
00000000
00100000
01102000
00122000
01212200
01002020
01012000
00000000
75
00000000
20100000
02102000
00222000
01221110
01002020
01012000
00000000
58
00020000
20200000
02102000
00222000
01221110
01001020
01011000
00001000
77
00020000
20200000
02102000
00222000
01222222
01001010
01011010
00001000
66
00020000
20200000
02102000
00212000
01221222
01001210
01012010
00021000
13
00020000
20200000
11102000
00212000
01221222
01001220
01012012
00021000
74
00020000
20200000
11102000
00212010
01221112
01001210
01012012
00022200
11
10020000
10200000
11102000
00212010
22221112
01001210
01012012
00022200
52
10020000
12201000
11201000
00221010
22222112
01001210
01012012
00022200
42
10020000
11121000
11221000
00222010
22222212
01001220
01012012
00022200
24
10020000
11121000
11221002
01222020
21222212
01001220
01012012
00022200
51
10022200
11112000
11121002
01222020
21222212
01001220
01012012
00022200
46
10022200
11112000
11111002
01212020
21112212
02021220
01222012
00022200
38
10022200
11112000
11111002
01212020
22112212
22021220
01212012
00122200
78
10022200
11112200
11112002
01222020
22212212
22021220
01212012
00111110
36
10022200
11112200
11112002
01122022
22112222
22111220
01112012
00111110
67
10022200
11112200
11112002
01122022
22112222
22111220
01111122
00111112
73
10022200
11112200
11112012
01122012
22112212
22111210
22222222
00111112
72
10222200
11221110
11212012
01222012
22212212
22211210
22222222
00111112
63
12222200
12221110
12211112
02221012
22212212
22211210
22222222
00111112
86
12222220
12221210
12212112
02221012
22212212
22211211
22222212
00111112
64
12222220
12221222
12212122
02221212
22212112
22221111
22222112
00111112
14
12222220
12221222
12212122
11111212
21212112
22121111
22212112
02222222
18
12222220
12221222
12212122
11111212
11212112
12121111
11212112
12222222
81
