00000000
00000000
00020000
00022000
00021000
00000000
00000000
00000000
53
00000000
00000000
00021000
00021000
00022000
00000200
00000000
00000000
35
00000000
00002000
00022000
00012000
00122000
00000200
00000000
00000000
62
00000000
00002100
00221000
00022000
00122000
00000200
00000000
00000000
51
00001000
00001100
00221000
00022000
00222000
02000200
00000000
00000000
56
00001000
00001100
00221000
00022000
00222200
02001200
00000000
00000000
23
00001000
00001100
01111000
00022000
00222200
02022200
00000000
00000000
17
00001000
02001100
01211000
00022000
00122200
01022200
10000000
00000000
75
00001000
02001100
01211000
00022020
00111210
01022200
10000000
00000000
37
00001000
02001100
01211000
00222020
00121210
01012200
10100000
00000000
25
00001000
22001100
02211000
00222020
01121210
01012200
10100000
00000000
32
00001000
22101100
02111000
00122020
01121220
01012220
10100000
00000000
85
00001000
22101100
02222200
00122020
01121111
01012220
10100000
00000000
67
02001000
22201100
02222200
00122020
01111111
01011110
10100100
00000000
73
02001000
22201100
02222210
00122010
01111211
01011120
10100102
00000000
31
02101020
22101200
02122210
00122010
01111211
01011120
10100102
00000000
14
02101020
22101200
01122210
10122010
01112211
01012120
10102102
00000000
11
11121020
21102200
01122210
10122010
01112211
01012120
10102102
00000000
47
11121020
21102200
01122220
10122012
01112111
01011120
10111102
00000000
86
11121020
21102200
01122220
12222012
01112111
01011111
10111102
00000000
83
11121020
21102200
01111111
12222011
01112111
01021111
10211102
02000000
15
11121020
21102200
01111111
11222011
11112111
01021111
10221102
02020000
61
11121120
22221100
01121111
11222011
11112111
01021111
10221102
02020000
88
11121120
22221100
01121111
11222011
12112111
21021111
10221101
02020001
64
11121120
22221100
01121111
11111111
12112111
22021111
12221101
02020001
38
11121120
22222220
01121111
11111111
12112111
22021111
12211101
02120001
18
11121120
22222220
01121211
11111211
12112211
22021211
12212201
11120201
81
11121111
22222210
22221111
22111211
22212211
22021211
12212201
11120201
78
11121111
22222222
22221121
22111211
22212211
22021211
12212101
11120211
58
11121111
22222222
22221221
22112211
22222211
22221211
12211101
11111111
77
