00000000
00000000
00000000
00012000
00022200
00000000
00000000
00000000
64
00000000
00000000
00020000
00022100
00022200
00000000
00000000
00000000
46
00000000
00000000
00020000
00022100
00022200
00012000
00000000
00000000
34
00000000
00000000
02020000
00211100
00022200
00012000
00000000
00000000
24
00000000
00000000
02020200
01112200
00022200
00012000
00000000
00000000
42
00000000
00210000
02020200
01112200
00022200
00012000
00000000
00000000
52
00000000
00211000
02010200
01112200
00022200
00022000
00020000
00000000
66
00000000
00211000
02010200
01112200
00021200
00022200
00020200
00000000
76
00000000
00211000
02020200
01112200
00021200
00022220
00020202
00000000
35
00020000
00222000
02020200
01112200
00111200
00022220
00020202
00000000
74
00020000
00222000
02020200
01111120
00111202
00022220
00020202
00000000
75
00020000
00222000
02020220
01111220
00112112
00022220
00020202
00000000
68
00020000
00222000
02020220
01111220
00112122
00022122
00020102
00000100
36
00020000
00222000
02020220
01211220
00122122
00112122
00020202
00000120
62
00020000
00222100
02020120
01211120
00122122
00112222
00022202
00000120
22
00020000
01111100
21020120
02211120
00222122
00122222
00022202
00000120
84
00020000
01111100
21020110
02211111
00222122
00122222
00022202
00002220
14
02020000
01211100
21020110
11111111
00222122
00122222
00022202
00002220
26
02020000
01211102
21020120
11111211
00122122
01122222
00022202
00002220
12
02020000
12211102
12020120
12211211
02222122
01222222
00022202
00002220
15
02020000
12222222
12020220
12212211
11121122
01222222
00022202
00002220
33
02020000
12222222
12120220
12112211
12121122
02222222
02022202
00002220
88
02020000
12222222
12120222
12112221
12121221
02222221
02022201
00002221
37
02020000
12222222
12220222
12212221
12221221
01212221
02222201
00202221
81
02020001
12222221
12220221
12212221
12221221
22212221
02222201
00202221
28
02020001
12222221
12222221
12222221
12221221
22212221
02122201
01202221
18
02020021
12222221
12222121
12221221
12211221
22112221
01122201
11202221
11
12020021
11222221
12122121
12211221
12211221
22112221
01222201
11222221
61
12020111
11222111
12122121
12211221
12211221
22112221
22222201
11222221
51
12221111
11221111
12122121
12211221
12211221
22112221
22222201
11222221
77
