00000000
00000000
00000000
00021000
00012000
00000000
00000000
00000000
43
00000000
00000000
00210000
00021000
00012000
00000000
00000000
00000000
56
00000000
00000000
00210000
00022200
00011000
00001000
00000000
00000000
53
00000000
00000000
00222200
00021200
00011000
00001000
00000000
00000000
72
00000000
00000010
00222100
00021200
00012000
00001200
00000000
00000000
74
00000000
00000010
00222100
00021110
00222000
00001200
00000000
00000000
23
00000000
00000010
01111100
00021110
00222000
00022200
00000000
00000000
26
00000000
02000010
01211100
00021110
00122000
01022200
00000000
00000000
34
00000002
02000020
01211200
00112110
00122000
01022200
00000000
00000000
57
00000002
22000020
02211200
00211110
00121000
01011200
00001000
00000000
62
00000002
22000120
02211100
00211110
00121000
01011200
00002000
00020000
82
00000002
22020111
02221100
00221110
00121000
01011200
00002000
00020000
31
00102002
22020111
02221100
00221110
00121000
01011200
00002000
00020000
77
00102002
22020111
02221100
00221110
00221000
02011100
20002010
00020000
11
10102002
21020111
02122100
00211210
00221020
02011200
20002010
00020000
76
10102002
21020111
02222100
02211210
00221010
02011110
20002010
00020000
36
10102002
21020111
02222100
02211210
00211020
02222222
20002010
00020000
67
10102002
21020111
02222100
02211210
00211020
02221222
20002222
00020000
27
10102002
21020111
02222100
02212210
00222220
02121222
21002222
00020000
25
10102002
21020111
01222100
01212210
01222220
01221222
22002222
20020000
58
10102002
21020112
01222102
01212220
01222220
01221222
22001222
20021000
28
10102002
21020112
01222102
01212220
01222220
01221222
21001222
22221000
68
10102002
21020112
01222102
22212120
02222120
01221122
21001122
22221100
88
10102002
21020212
01222222
22212220
02222120
01221122
21001112
22221101
32
10102002
21120212
01212222
22211220
02222220
01222122
21022222
22221101
52
10102002
21111112
01211222
22211220
02222220
22222122
22022222
22221101
85
10102002
21111112
01211122
22211210
02222221
22222111
22022221
22222221
13
10102202
11112222
11221222
22211210
02222221
22222111
22022221
22222221
71
12102212
12212112
12221212
22211210
02222221
22222111
22022221
22222221
84
12222212
12222112
12221212
22211211
02222211
22222111
22022221
22222221
15
12222212
12222112
12221212
12211211
11111111
22222111
22022221
22222221
37
