00000000
00000000
00000000
00222000
00021000
00000000
00000000
00000000
33
00000000
00000000
00100000
00212000
00022200
00000000
00000000
00000000
24
00000000
00000000
02100000
01212000
00022200
00000000
00000000
00000000
22
20000000
02000000
01200000
01222000
00022200
00000000
00000000
00000000
64
20000000
02000000
01200020
01111200
00022200
00000000
00000000
00000000
42
20000000
02010000
02100020
02111200
02022200
00000000
00000000
00000000
14
20000000
02010000
02220020
11222200
02022200
00000000
00000000
00000000
46
20000000
02010000
02210020
11212200
02022200
00210000
00000000
00000000
13
20000000
02010000
11110020
11212200
02022200
00222000
00000000
00000000
21
21000000
01012000
11120020
11212200
02022200
00222000
00000000
00000000
53
22200000
01022000
11112020
11212200
02022200
00222000
00000000
00000000
26
22200000
02022000
12112020
12212200
02022200
02222000
02000000
00000000
76
22200000
02022000
12112020
12211220
02022200
02222010
02000000
00000000
41
22210000
02012000
12112220
12212220
02022200
02222010
02000000
00000000
61
22210100
02011000
12112220
12222220
02222200
02222010
02000000
00000000
32
22210100
02111000
11112220
12222220
02222200
02222020
02000002
00000000
83
22222100
02122000
11212111
12222220
02222200
02222020
02000002
00000000
18
22222100
02122000
11212111
12221220
02212200
02222020
01200002
10000000
28
22222100
02122000
11212111
12221120
02211200
02222020
01102002
11000000
62
22222100
02111100
11212111
12221120
02211200
02222020
01202002
11200000
15
22222100
02111102
11112121
11221220
11112200
02222020
01202002
11200000
66
22222100
02222222
11112221
11212120
11121100
02222120
01202002
11200000
86
22222100
02222222
11112221
11212220
11122220
02222211
01202002
11200000
48
22222220
02222222
11112221
11212220
11122220
01222211
01102002
11110000
88
22222220
02222222
11112221
11222220
11222220
02222211
21102001
11110001
77
22222220
02222222
11112221
11212220
11221220
02222121
21102021
11110021
58
22222220
02222222
11112221
11212220
11221220
02222121
22221021
11111021
68
22222220
02222222
11112222
11212222
11221220
02222121
22221011
11111111
81
22222221
02222212
11112122
11211222
11211220
02122221
21222211
11111111
12
22222221
21111112
21112122
21211222
22211220
22122221
21222211
11111111
85
