00000000
00000000
00000000
00012000
00022000
00002000
00000000
00000000
64
00000000
00000000
00000200
00012100
00022000
00002000
00000000
00000000
66
00000000
00000000
00020200
00022100
00021000
00002100
00000000
00000000
35
00000000
00000000
00020200
00022220
00111000
00002100
00000000
00000000
57
00000000
00000000
00020200
00022220
00211000
02001100
00001000
00000000
72
00000000
00000010
00020100
00021220
00222000
02021100
00001000
00000000
32
00000000
00100010
00010100
00021220
00222000
02021200
00001020
00000000
34
00000000
00102010
00010200
00111220
00212000
02021200
00001020
00000000
88
00000000
00102010
00010200
00111220
00222200
02021100
00001010
00000001
83
00000000
00102010
00010201
00111210
00222200
02022200
00001210
00000001
78
00000000
00102010
00010201
00111210
00212200
02021200
00002210
00000211
17
00000000
00102010
00010201
00112210
00122200
01221200
10002210
00000211
75
00000000
00102010
00010201
00112210
00111120
01221202
10002220
00000211
37
00000000
00102010
00210201
00122210
00112120
01111202
10102220
00000211
85
00000000
00102010
00210201
00122210
00122111
01211202
12102220
00000211
22
02000000
01202010
00120201
00112210
00121111
01211102
12102210
00000211
47
02000000
01202010
00120201
02222210
00221111
01221102
12112110
00000211
41
02010200
01202010
00120101
02222210
00221111
01221102
12112110
00000211
23
02210200
01202010
01220101
02222210
00211111
01221102
12112110
00000211
87
02210202
01202020
01220201
02222210
00211111
01221101
12112111
00000211
25
02210202
01202020
01220201
01222210
01111111
01121101
12122111
00020211
18
02210202
02202020
02220201
02222210
02111111
02121101
12222111
12020211
53
02210202
02202220
02222201
02221110
02211111
02121101
12222111
12020211
12
02222202
12202220
01222201
02121110
02211111
02121101
12222111
12020211
14
02222202
12202220
22222201
12121110
01211111
02121101
12222111
12020211
11
12222202
11202220
22122201
12211110
02211111
22121101
12222111
12020211
58
12222202
11202220
22122201
12212110
02211211
22122221
12211111
12021111
42
12222202
11112220
22111201
22212110
22211211
22122221
12211111
12021111
38
12222202
11112220
22111201
22212222
22211221
22122221
12111111
11111111
71
11111112
11112122
22111202
22212222
22211221
22122221
12111111
11111111
73
