00000000
00000000
00000000
00012000
00022000
00002000
00000000
00000000
46
00000000
00000000
00000000
00012000
00022000
00222000
00000000
00000000
47
00000000
00000000
00000000
00222000
00022000
00212000
00010000
00000000
26
00000000
00000000
00000000
00222000
00022000
01122000
00210000
00000000
38
00000000
00000000
00000000
00222000
00022000
01122000
00120000
00120000
64
00000000
00000000
00000000
00222100
00022000
01112200
00120000
00120000
57
00000000
00000000
00000000
00222100
00022000
01112200
00112000
00122000
63
00000000
00000000
00000100
00221100
20012000
02112200
00212000
00122000
24
00000000
00000000
02000100
01211100
20022000
02112200
00212000
00122000
68
00000000
00000000
02000100
01222220
20022000
02112200
00211000
00111100
28
00000000
00000200
02000200
01222220
20022000
02112200
00111000
01111100
72
00000000
00000210
02002100
01222220
20012000
02112200
00111000
01111100
65
00000000
00000210
02002220
01222120
20011100
02111200
00111000
01111100
67
00000000
00000210
02002220
01222120
20021100
02211100
02111100
01111100
42
00000000
00010210
02201220
02222120
20021100
02211100
02111100
01111100
12
00000020
10010220
01201220
02122120
20011100
02211100
02111100
01111100
61
00000120
10010120
01201120
02122120
20012100
02211200
02222220
01111100
85
00000120
12010120
02201120
02122110
20012101
02211200
02222220
01111100
75
00000120
12012220
02202120
02122110
20012111
02211100
02221220
01111100
87
00000120
12012220
02202120
02122222
20012111
02211100
02221111
01111100
41
00010120
12011220
02202120
02222222
20022111
02212100
02221211
01111120
35
00010120
12011220
02202120
02222222
20111122
02112102
02121211
01111120
88
00012220
12022220
02202120
02222222
20111122
02112102
02121211
01111111
81
00011111
12022210
02202120
02222222
22222222
02212102
02121211
01111111
32
00011111
11111110
02222120
02222222
22122222
02112102
02121211
01111111
13
00011111
11111110
11111120
22222222
22122222
02112102
02121211
01111111
76
02011111
12111110
12111110
22221212
22122112
02112112
02121111
01111111
17
22011111
22111110
22111110
22221212
22122112
01112112
11121111
01111111
83
22211111
22221110
22212111
22221211
22122111
01112111
11121111
01111111
16
