00000000
00000000
00000000
00021000
00012000
00000000
00000000
00000000
43
00000000
00000000
00210000
00021000
00012000
00000000
00000000
00000000
65
00000000
00000000
00210000
00021000
00012100
00000200
00000000
00000000
34
00000000
00000000
00222000
00112000
00012100
00000200
00000000
00000000
62
00000000
00000100
00221000
02222000
00012100
00000200
00000000
00000000
67
00000020
00000200
00222000
02222000
00012100
00000100
00000100
00000000
23
00000020
00000200
01222000
02222000
00222100
00000100
00000100
00000000
25
00000020
00000200
01222000
22222000
01111100
00000100
00000100
00000000
63
00000020
00200200
02211100
22221000
01111100
00000100
00000100
00000000
22
00000020
01200200
01111100
21211000
02111100
20000100
00000100
00000000
41
00010020
21100200
02111100
21211000
02111100
20000100
00000100
00000000
13
00010020
21100200
11112100
21221000
02211100
22000100
00000100
00000000
61
00210120
21200100
11212100
21221000
02211100
22000100
00000100
00000000
52
00210120
21201100
11211100
21222200
02211100
22000100
00000100
00000000
81
02210111
22201100
12211100
22222200
02211100
22000100
00000100
00000000
17
02210111
22201100
12211100
22212200
02222220
21000100
10000100
00000000
84
02210111
22201100
12211100
22212201
02222222
21000100
10000100
00000000
46
02210111
22201100
12222220
21212201
02112222
21010100
10000100
00000000
56
02210111
22201100
12221220
21212201
02221222
22211100
10000100
00000000
42
02210111
22211100
12111220
21212201
02222222
22222200
10002100
00000000
37
02210111
22211100
12111220
21112201
02122222
22122200
10202100
02000000
27
02210111
22211100
12111222
21112202
01122222
21122200
11202100
02000000
47
02210111
22211100
12111222
21112202
01112222
21112200
11111200
02000200
11
11110111
11211100
12211222
21212202
01212222
21212200
12221200
02200200
82
11110111
11211101
12211212
21212102
01211222
21212200
22221200
22200200
76
11110111
11222221
12211212
21211102
01211122
21211110
22221200
22200200
77
11110111
11222221
12212212
21212102
01212122
21212120
22222210
22202200
87
11110111
11222221
12212212
21212102
01212122
21212210
22222221
22202202
48
11110111
11222221
12212212
21212102
01212122
21212222
22112222
22212202
51
11111111
11212121
12112212
21212102
22212122
21212222
22112222
22212202
74
11111111
11211121
12112112
21212112
22212122
21212222
22112222
22212202
78
