00000000
00000000
00000000
00021000
00012000
00000000
00000000
00000000
56
00000000
00000000
00000000
00021000
00012000
00001200
00000000
00000000
34
00000000
00000000
00002000
00112000
00012000
00001200
00000000
00000000
62
00000000
00002100
00002000
00112000
00012000
00001200
00000000
00000000
64
00000000
00002100
00002000
00111100
00012000
00022200
00000000
00000000
57
00000000
00002100
00002000
00111100
00011000
00021200
00002000
00000200
36
00000000
00002100
00202000
00121100
00012000
00111200
00002000
00000200
32
00000000
00102100
00102000
00121100
00222000
00121200
00002000
00000200
76
00000000
00102100
00102000
00121100
00222000
00122222
00002000
00000200
58
00000000
00102100
00102020
00121200
00222000
00121222
00001000
00001200
24
00000000
00102100
00102220
01122200
00122000
00111222
00001000
00001200
43
00000000
00102100
00112220
01112200
00112000
00121222
00201000
00001200
47
02000000
00202100
00122220
01112200
00112000
00111222
00211000
00001200
77
02000200
00202200
00122220
01112200
00111000
00111122
00211010
00001200
72
02000200
00202210
00122120
01111200
00111000
00111122
00222210
00001200
42
02000200
00222222
00112120
01111200
00111000
00111122
00222210
00001200
74
02000200
00222222
02222120
01211110
00121000
00112122
00222210
00001200
38
02000200
00222222
02222120
01211220
00121020
00112222
00122210
00101200
71
02000210
00222112
02221110
22211210
00121010
00112212
00122210
00101200
78
02000222
00222122
02221210
22212210
00121010
00112212
00122210
00101110
31
02100222
00112122
02121222
22112210
00121010
00112212
00122210
00101110
84
02100222
00112122
02121212
22112211
00121010
00212212
02222210
00101110
12
02220222
10222122
02121212
22112211
00121010
00212212
02222210
00101110
25
02220222
10222122
02121212
22212211
02121010
20112212
02212210
00101110
18
02220222
10222122
02121212
22212211
02121010
20112212
01212222
10101110
51
02221222
10211122
02121212
22212221
02122210
20112222
01212222
10101110
28
02221222
10211122
02121212
22212221
02122210
20112222
22222222
11101110
88
02221222
10211222
02122212
22222221
02221210
22222122
22222212
11101111
48
02221222
10211222
02112212
22212222
02211222
22212122
22211212
11111111
22
02221222
12111222
22222212
22212222
01211222
21212122
21211212
11111111
15
02221222
12111222
12122212
11212222
11211222
11212122
11211212
11111111
11
