00000000
00000000
00000000
00012000
00022200
00000000
00000000
00000000
64
00000000
00000000
00000020
00011200
00022200
00000000
00000000
00000000
74
00000000
00000000
00020020
00022110
00022200
00000000
00000000
00000000
56
00000000
00000000
00020020
00022222
00022100
00001000
00000000
00000000
83
00000000
00000000
00020021
00022212
00022100
00002000
00002000
00000000
34
00000000
00000000
00020021
02222222
00022100
00002000
00002000
00000000
63
00000000
00002000
00020211
02222122
00022100
00002000
00002000
00000000
14
00000000
00002000
00020211
11112122
00022200
00002020
00002000
00000000
47
00000000
00002000
00020211
11112112
00022100
00002020
00012200
00000000
77
00000000
00002000
00220211
11122112
00022100
00002020
00011110
00000000
75
00000000
00002000
00220211
11122122
00022222
00002010
00011110
00000000
53
00000000
00002000
00221111
11121122
00021222
00001020
00011112
00000000
35
00000000
00002000
00221111
11211122
02222222
00001020
00011112
00000000
22
00000000
01022000
00122111
11211222
02222222
00001020
00011112
00000000
36
00000000
01022000
00122111
11211222
02112222
20101020
00011112
00000000
66
00000000
01222000
00222111
11211122
02111122
20101120
00011112
00000000
51
00001200
01212000
00121111
11211122
02111122
20101120
00011112
00000000
31
00101200
01112020
00121121
11211122
02111122
20101120
00011112
00000000
81
00101201
01112010
00121121
11211122
02121122
20102120
00011222
00000020
46
00101201
01112210
00121221
11211222
02111222
20111220
00011222
00000020
23
00101201
01112210
01121221
11112222
02121222
20211220
02011222
00000020
26
00101201
01112210
01121221
11112222
01121222
21121220
02022222
00020020
82
00101201
01112211
01121211
11112122
22221222
21121220
02022222
00020020
37
00101201
01112211
01121211
11112122
22221222
21211220
02222222
00220020
18
00101201
01112211
01121111
11111122
22211222
22111220
02222222
12220020
68
20101201
02112211
01221111
11121122
22212122
22111220
02221122
12220120
17
20101221
02112221
01221121
11111122
12112122
11111220
11111122
12220120
58
20122221
02122221
01221121
11111122
12112122
11111220
11111122
11111120
12
20122221
21122221
22221121
11111122
12112122
11111220
11111122
11111120
86
