00000000
00000000
00000000
00021000
00012000
00000000
00000000
00000000
56
00000000
00000000
00000000
00021000
00021000
00021000
00000000
00000000
34
00000000
00000000
00000000
00111000
00011000
00022200
00000000
00000000
67
00000000
00000000
00000000
00111200
00012000
00021200
00000100
00000000
76
00000000
00000000
00000000
00111200
00012000
00022110
00002100
00000000
48
00000000
00000000
00000000
00111200
00012000
00022210
00001120
00010000
75
00000000
00000000
00020000
00121200
00022010
00022110
00001120
00010000
33
00000000
00000000
00120000
00111200
00021020
00022222
00001120
00010000
87
00000000
00000000
00120200
00112200
00021020
00022222
00001111
00010000
35
00000000
00000000
00120200
00112200
00121020
00222222
00001111
00010000
73
00000000
02000000
00220210
00122100
00122020
00222222
00001111
00010000
11
10000000
01200000
00220210
00212100
00221020
00222122
00001111
00010000
26
10000000
01200000
00220210
00212100
00122020
01112122
00002211
00012000
74
10000000
01200000
00220210
00212110
00122010
22222112
00002211
00012000
52
10000000
01201000
00220110
00212110
00122010
22222112
00002221
00012200
31
10100000
01101000
00120110
02222110
00222010
22222112
00002221
00012200
47
10100000
01101000
00122110
02222210
00222020
22222112
00011111
00012200
25
10100000
01101000
00112222
02122210
01222020
22122112
00011111
00012200
65
10100200
01102000
00122222
02221210
02111120
22121112
00011111
00012200
78
12100200
01202000
00122222
02221210
02111120
22121112
00011111
00011110
15
12100200
02202000
02222222
02221210
12111120
22121112
00011111
00011110
72
12100200
02202210
02222212
02221210
12111120
22121112
00011111
00011110
71
12100210
02202110
02221212
02211220
12111122
22121112
00011111
00011110
17
12220210
02202110
02221212
02211220
12111122
11121112
10011111
00011110
37
12220210
02202110
02221212
02212220
12121122
12211112
12111111
00011110
51
11111112
02201120
02221212
02212220
12121122
12211112
12111111
00011110
28
11111112
01201120
02221212
22212220
12121122
11211112
11111111
01011110
42
11111112
22222220
02111212
21212220
12121122
11211112
11111111
01011110
84
11111112
22222220
02111212
21211121
12121211
11212111
11221111
01211110
13
11111112
11222220
11111212
11211122
12121212
11212112
11221112
01222222
82
