00000000
00000000
00000000
00222000
00021000
00000000
00000000
00000000
35
00000000
00000000
00000000
00222000
00112000
00000200
00000000
00000000
65
00000000
00000000
00000000
00222000
00111200
00000220
00000000
00000000
63
00000000
00000000
00000100
00221000
00121200
00002220
00000000
00000000
33
00000000
00000000
00100100
00111000
02221200
00002220
00000000
00000000
16
00000000
00000000
00120100
00122000
01221200
10002220
00000000
00000000
53
00000000
00200000
00221100
00222000
01221200
10002220
00000000
00000000
22
00000000
01202000
00122100
00212000
01221200
10002220
00000000
00000000
51
00001200
01202000
00121100
00211000
01221200
10002220
00000000
00000000
36
00001200
01202000
02221100
00211000
01121200
10102220
00000000
00000000
77
00022200
01202000
02221100
00211000
01121200
10102120
00000010
00000000
75
02022200
02202000
02221100
00211000
01121110
10102110
00000010
00000000
11
12022200
01202000
02121100
00211000
01122222
10102110
00000010
00000000
74
12022200
01202000
02121100
00211010
01122212
10102220
00000210
00000000
24
12022200
01202000
22221100
01111010
01122212
10102220
00000210
00000000
12
12022200
11202000
21222220
01111020
01122222
10102220
00000210
00000000
42
12022200
11112000
21112220
01111020
01122222
10102220
00000220
00000020
64
12022200
11122000
21211220
02111120
22222222
10102220
00000220
00000020
62
12022200
11211100
22211120
22111120
22222222
10102220
00000220
00000020
57
12022200
11211100
22211120
22111120
22221222
10201220
00201220
00000020
83
12022220
11211200
22212111
22121110
22221122
10201220
00201220
00000020
88
12022220
11211200
22212111
22121110
22221122
20201120
20201210
00000021
46
12022220
11211200
22212111
22111110
22211122
20211120
20201222
00000021
27
12022220
11211200
22212111
22111110
22211122
20111120
22201222
00200021
31
11122220
11111202
22112121
22111210
22212122
20121120
22201222
00200021
68
11122220
11111202
22112121
22111210
22212122
20121220
22202122
00220111
18
11122220
11111202
12112121
12111210
12212122
10221220
11222122
10220111
58
11122220
11111202
12112121
12111210
12212122
12221220
11211122
10221111
84
11122220
11111222
12112221
12112211
12222112
12221120
11211122
10221111
28
11122220
11111222
12112221
12112211
12222122
12221122
11211122
11111111
81
