00000000
00000000
00000000
00012000
00022000
00002000
00000000
00000000
46
00000000
00000000
00200000
00022000
00012000
00012000
00000000
00000000
43
00000000
00000000
00210000
00012000
00012000
00022000
00200000
00000000
65
00000000
00000000
00222000
00012000
00012100
00022000
00200000
00000000
32
00000000
00100000
00212000
00011020
00012200
00022000
00200000
00000000
62
00000000
00102100
00212000
00012020
00012200
00022000
00200000
00000000
47
00000000
00102220
00212000
00012020
00012200
00012000
00210000
00000000
27
00000000
00102220
00212000
00012020
00012200
00022000
01210000
02000000
75
00000000
00102220
00212000
00012020
00011110
00022000
01220000
02200000
64
00000000
00102220
00212000
00011220
00011120
00022002
01220000
02200000
34
00000000
00102220
00112000
00111220
00011120
02022002
02220000
02200000
61
00002100
00102220
00112000
00111220
00011120
02022002
02220000
02200000
63
00002100
00102120
02111100
00211120
00021120
02022002
02220000
02200000
42
00022100
00222120
02121200
00221120
00021120
02022002
02220000
02200000
25
00022100
00221120
02211200
02221120
02021120
02022002
02220000
02200000
31
00111100
00211120
02211200
02221220
02022220
02022202
02220000
02200000
73
00111100
00211122
02211120
02221220
02022220
02022202
02220000
02200000
67
00111120
00211222
02212120
02221120
02022120
02022102
02220100
02200000
35
00111120
00111222
02112120
02121120
02111120
02022222
02220100
02200000
57
00111120
00111222
02112120
02221120
02121120
02012222
02221200
02200020
68
00111120
02222222
02212120
02221120
02121120
02012122
02221100
02200120
84
02222220
02222122
02212110
02221111
02121110
02012122
02221100
02200120
36
02222220
02222122
02212222
02221121
02111210
02112122
02221100
02200120
77
02222220
02222122
02212222
02221122
02111222
02112112
02221110
02200120
14
02222220
02222122
02222222
11211122
02111222
22112112
02221110
02200120
18
02222220
02222122
02222222
11211122
02111222
22112212
01222110
12220120
58
02222220
02222122
02222222
12211122
22111222
22111212
01211110
11111120
12
02222220
11111122
01222222
12111122
22111222
22111212
01211120
11111122
87
22222220
12111122
01222222
12111122
22111222
22111212
01211111
11111122
17
22222220
22111122
22222222
12111122
12111222
11111212
11211111
11111122
81
