00000000
00000000
00000000
00021000
00012000
00000000
00000000
00000000
65
00000000
00000000
00000000
00022200
00011100
00000000
00000000
00000000
73
00000000
00000000
00000010
00022220
00011100
00000000
00000000
00000000
53
00000000
00000020
00001020
00021220
00011100
00000000
00000000
00000000
63
00000000
00000020
00001120
00021120
00012100
00000200
00000000
00000000
35
00000000
00000220
00001220
00011220
00112200
00000200
00000000
00000000
56
00000000
00000220
00001220
00011220
02222200
00001200
00000000
00000000
36
00000000
00020220
00002220
00011220
02212200
00101200
00000000
00000000
52
00000000
00021220
00201220
00021220
02212200
00101200
00000000
00000000
15
00000000
00021220
00222220
00022220
11112200
00101200
00000000
00000000
32
02000000
00211220
00222220
00022220
11112200
00101200
00000000
00000000
24
02020000
00222220
00122220
01022220
11112200
00101200
00000000
00000000
83
02020000
00222220
00111111
01022210
11112200
00101220
00000000
00000000
46
02020000
02222220
00211111
01022110
11111200
00111220
00000000
00000000
34
02020000
02222220
00221111
01121110
11121200
00122220
00020000
00000000
31
02120000
02212220
02221111
01221110
11121200
00122220
00020000
00000000
57
02120000
02212220
02221111
01221110
11121200
00112220
00022200
00000000
51
02111000
02211120
02221111
01221110
12121200
20112220
00022200
00000000
11
11111000
22211120
02121111
01211110
12121200
20112220
00022200
00000000
13
11111000
11211120
11121111
01211110
12121200
22222220
00022200
00000000
17
11111000
11211120
11121111
01222222
12121200
11222220
10022200
00000000
61
11111102
11211120
11121211
01222222
12121200
11222220
10022200
00000000
78
11111102
11211120
11121211
01122222
12111200
12221220
12022100
00000010
87
11111102
11111120
11111211
01121222
12222220
12221210
12022101
00000010
18
11111122
11111220
11112211
01121222
12212220
12121210
11022101
10000010
48
11111122
11111220
11112211
22221222
12212220
12111210
11012101
10010010
85
11111122
11111220
11112111
22221211
12212111
12221210
11222101
10010010
77
11111122
11111222
11112121
22211211
12211111
12221110
11222111
10010010
58
11111122
11111222
11112121
22211211
12211111
12221110
12221111
12011010
38
11111122
11111222
11112122
22111212
12111122
12122222
11112221
11111210
88
