00000000
00000000
00000000
00012000
00022000
00002000
00000000
00000000
46
00000000
00000000
00000000
00012000
00022000
00222000
00000000
00000000
47
00000000
00000000
00000000
00012000
00222000
00212000
00010000
00000000
65
00000000
00000000
00000000
00222000
00222100
00211000
00010000
00000000
43
00000000
00000000
00210000
00221000
00212100
00211000
00010000
00000000
26
00000000
00000000
00210000
00221000
00212100
01221000
00210000
00000000
24
00000000
00000000
00210000
01111000
00212220
01221000
00210000
00000000
48
00000000
00000000
00210000
01111000
00212220
02221000
20110000
00010000
15
00000000
00000000
00210000
01111000
10212220
22221000
20110000
00010000
22
00000000
01000000
00110000
01111000
10212220
22222200
20110000
00010000
77
00000000
01000000
00110000
01111000
10211220
22222100
20210010
02010000
84
00000000
01000000
00110000
01111001
10211222
22222100
20210010
02010000
67
00000000
01000000
00110000
01111001
10211222
22221200
20222110
02010000
58
00000000
01020000
00120000
01121001
10221222
22221200
20221110
02011000
27
00000000
01020000
00120000
22221001
20211222
22121200
21111110
02011000
32
00000000
01120000
00110000
22221001
20211222
22121200
21112210
02011200
51
00001000
01110000
00110000
22221001
20211222
22121200
21112220
02011202
23
02001000
02210000
02120000
22122001
20211222
22121200
21112220
02011202
25
02001000
02210000
02120000
22122201
21112222
21121200
21112220
02011202
78
02021000
02220000
02120000
22122201
21112222
21121200
21112120
02011112
76
02021000
02220000
02220000
22222201
21212222
21222110
22222110
02222222
63
02021000
02220020
02220200
22222101
21222122
21222110
22222110
02222222
52
02021000
02221020
02210202
22122102
21222122
21222110
22222110
02222222
74
02021000
02222220
02210202
22122212
21222212
21222210
22222210
02222222
11
12021000
22222220
02110202
22112212
21221212
21222110
22222210
02222222
13
12021000
12222220
11110222
22112222
21221222
21222120
22222220
02222222
31
11111000
11122220
11112222
22122222
21221222
21222120
22222220
02222222
71
11111210
11122220
11111222
22112222
21121222
21222120
22222220
02222222
87
11111210
11122220
11111222
22111222
21121122
21222222
22222222
02222222
18
11111222
11122220
11111222
12111222
11111122
11122222
11222222
12222222
82
