00000000
00000000
00000000
00021000
00012000
00000000
00000000
00000000
65
00000000
00000000
00000000
00021000
00012100
00000200
00000000
00000000
43
00000000
00000000
00010000
00011000
00222100
00000200
00000000
00000000
25
00000000
00000000
00010000
00011200
01111200
00000200
00000000
00000000
75
00000000
00000000
00010000
00011200
01111120
00000202
00000000
00000000
63
00000000
00000000
00210100
00021100
01112120
00000202
00000000
00000000
53
00000000
00000000
00222220
00011200
01112120
00000202
00000000
00000000
56
00000000
00000000
00222220
00012200
01112120
00002202
00002000
00000000
32
00000000
00100000
00212220
00011220
01112220
00002202
00002000
00000000
83
00000000
00100002
00211121
00011220
01112220
00002202
00002000
00000000
81
00000001
00100001
00211121
00222220
01122220
00002202
00002000
00000000
23
00000001
00102001
01122221
00222220
01122220
00002202
00002000
00000000
62
02000001
00202101
01121221
00212220
01122220
00002202
00002000
00000000
31
02100001
00102101
01121221
00212220
02122220
20002202
00002000
00000000
15
02100201
00102201
01121221
00212220
11122220
20002202
00002000
00000000
58
02100201
00122201
01122221
00211220
11121220
20001202
00001000
00001000
84
02100201
00122201
01122221
00211121
11121220
20001122
00001000
00001000
24
02100201
02222201
01122221
01111121
11121220
20001122
00001000
00001000
87
02100201
02222201
01122221
01111121
11121220
20002112
00021001
00001000
11
11100201
01222201
01122221
01111121
11121220
20002112
00021002
00001002
41
11110201
22222201
02112221
01211121
11121220
20002112
00021002
00001002
46
11110201
22222201
02112221
01211221
11112220
20021112
00221002
00001002
85
11110201
22221201
02112121
01211211
11211111
20221112
00221002
00001002
26
11110201
22221201
02112121
22211211
22111111
21211112
00221002
00001002
13
11110201
11221221
11112221
21212211
22121111
21211112
00221002
00001002
38
11110201
11221221
11112221
21212221
22121121
21111122
00111022
00101002
67
11112201
11222221
11112221
21212221
22121121
21111112
00111122
00101002
17
11112201
11222221
11112221
11212221
12121121
11112112
10111222
00101022
68
11112201
11222221
11112221
11212221
12121121
11122212
10122122
00122222
71
11111111
11222111
11111211
11212211
12121111
12222212
12222122
00122222
28
