00000000
00000000
00000000
00021000
00012000
00000000
00000000
00000000
34
00000000
00000000
00000000
00111000
00222000
00000000
00000000
00000000
56
00000000
00000000
00200000
00211000
00211000
00001000
00000000
00000000
23
00000000
00000000
01202000
00121000
00211000
00001000
00000000
00000000
25
00000000
00000000
01202000
00221000
01211000
00201000
00000000
00000000
47
00000000
00000000
01202000
00221000
02211000
20101000
00010000
00000000
24
00000000
00000000
01202000
01112000
02212000
20102000
00012000
00000000
32
00200000
00200000
01202000
01212000
02212000
20102000
00012000
00000000
26
00200000
00200000
01202000
01212000
01112000
22222000
00012000
00000000
27
00200000
00200000
01202000
02212000
22222000
21122000
01012000
00000000
43
00200000
00200000
01112000
02212000
22222000
21122000
01022000
00020000
14
00200000
00202000
01122000
11212000
22222000
21122000
01022000
00020000
17
00200000
00202000
01122000
11212000
12222000
12122000
12022000
02020000
38
00200000
20202000
02122000
11212000
12222000
12122000
11022000
02120000
61
00200100
20201000
22112000
12112000
11222000
12122000
11022000
02120000
63
00200100
20201200
22112100
12121000
11212000
12122000
11022000
02120000
58
00200100
20201200
22112200
12122200
11212000
12121000
11011000
02111000
73
00200100
20201200
22111110
12122200
11212000
12122200
11011000
02111000
65
00200100
20201202
22111120
12121200
11212100
12121200
11011000
02111000
67
00202100
20202202
22112120
12122200
11212100
12121100
11011100
02111000
11
10202100
12202202
12212120
12122200
11212100
12121100
11011100
02111000
21
11202100
11102222
11212220
11122200
11212100
12121100
11011100
02111000
37
11202100
11102222
11212220
11122200
11212100
11121200
11111120
02111000
76
11202100
11102222
11212220
11122200
11212220
11121120
11111120
02111000
71
11202110
11102122
11211220
11112200
11122220
11221120
12111120
22111000
74
11202110
11102112
11211210
11111120
11122122
11221120
12111120
22111000
42
11222110
11122112
11121210
11121120
11122122
11221120
12111120
22111000
78
11222110
11122112
11121210
11122110
11122212
11221120
12222222
22111010
68
11222110
11122112
11121222
11122120
11122212
11211120
12221122
22111110
88
11222222
11122122
11121222
11122120
11122212
11211120
12221112
22111111
86
11222222
11122122
11121222
11122120
11122212
11211111
12221111
22111111
84
