00000000
00000000
00000000
00222000
00021000
00000000
00000000
00000000
33
00000000
00200000
00200000
00212000
00021000
00000000
00000000
00000000
64
00000000
00200000
00200000
00221100
00022000
00000200
00000000
00000000
36
00000000
00200000
00200020
00221200
00012000
00100200
00000000
00000000
24
00000000
00200000
00200020
01211200
00222000
00100200
00000000
00000000
77
00000000
00200000
00200020
22211200
00221000
00100100
00000010
00000000
82
00000000
00200001
00202010
22221100
00221000
00100100
00000010
00000000
22
00000000
22200001
00102010
22211100
00221000
00100100
00000010
00000000
46
00000000
22200001
00102010
22211100
00211000
00120100
00002010
00000000
62
00000000
22220101
00201010
22211100
00211000
00120100
00002010
00000000
31
00100000
22110101
00101010
22111100
00111000
02220100
00002010
00000000
68
00100020
22110201
00102010
22121100
00211000
02210100
00001010
00000100
16
00100020
22110201
00102010
22121100
00211000
11210100
00201010
00000100
51
00101020
22110101
00102010
22121100
00211000
12210100
20201010
00000100
27
00101020
22110101
00102010
22121100
00222200
12110100
21201010
00000100
43
00101020
22110101
00112010
22111100
00212200
12222100
21201010
00000100
13
00101020
21110101
10112010
22222220
00112200
12212100
21201010
00000100
18
00101020
21110121
10112020
22222220
00112200
12212100
11201010
10000100
67
00101020
21110121
10112020
22222220
00112200
12211200
11201120
10000102
83
00101020
21110121
10112021
22222210
02222100
12211200
11201120
10000102
47
00101020
21110121
10112021
22222210
02222100
12212200
11111220
10000122
15
00101020
21110121
10112021
11222210
11121100
11222200
11122220
10020122
86
00101020
21110121
10112021
11222210
11121100
11222201
11222210
10220122
61
00101120
21110111
10112021
11222210
11121100
11222201
11222210
10222222
76
00101120
21110111
12222021
11222210
11121100
11111111
11222210
10222222
28
00101120
21110111
12222021
11222210
11121102
11111121
11122210
11222222
75
02101120
22210111
12221021
11222110
11121112
11111111
11122210
11222222
84
02101120
22222111
12222011
11222111
11121111
11111111
11122210
11222222
41
02111120
22112111
11212211
11212211
11111211
11111211
11122210
11222222
11
11111120
11112111
11112211
11212211
11111211
11111221
11122222
11222222
81
