00000000
00000000
00000000
00222000
00021000
00000000
00000000
00000000
33
00000000
00200000
00200000
00212000
00021000
00000000
00000000
00000000
53
00000000
00200000
00221000
00221000
00021000
00000000
00000000
00000000
35
00000000
00200000
00221000
00212000
00111200
00000000
00000000
00000000
24
00000000
00200000
00221000
01112000
00112200
00002000
00000000
00000000
23
00000000
00202000
01112000
01112000
00112200
00002000
00000000
00000000
41
00010000
00102000
22222000
01112000
00112200
00002000
00000000
00000000
62
00210000
00202100
22221000
01112000
00112200
00002000
00000000
00000000
67
00210000
00202100
22221000
01212000
00122200
00002000
00000200
00000020
63
00210000
00201100
22221100
01212000
00222200
00202000
00000200
00000020
14
00210000
00101100
21222220
11212000
00222200
00202000
00000200
00000020
42
00210200
00112200
21122220
11212000
00222200
00202000
00000200
00000020
12
02210200
10212200
11122220
11212000
00222200
00202000
00000200
00000020
11
11110200
12212200
11222220
11222000
00222200
00202000
00000200
00000020
37
11110200
12112200
11122220
11122000
00122200
00202000
02100200
00000020
64
11110200
12112200
11122220
11121100
00222200
02202000
02100200
00000020
66
11110200
12112200
11122220
11111100
00221100
02202100
02200200
00200020
57
11110200
12112200
11222220
11121100
00222100
02201200
02201220
00200020
88
11110200
11112200
11122220
11111100
00221100
02201100
02222210
00200021
51
11111200
11111200
11121220
11111100
00221100
02201100
02222222
00200021
74
11111200
11111220
11121220
11112110
00221100
02201100
02222222
00200021
17
11111200
11111220
11121220
11112110
00121100
22201100
12222222
00200021
46
11111200
11111220
11121220
11112110
00111200
22222220
12222222
00200021
82
11111200
11111111
11121210
11112222
00111200
22222220
12222222
00200021
28
11111200
11111111
11121210
11212222
02222200
22212220
12122222
01200021
18
11111220
11111221
11122120
11221222
02212200
22112220
11122222
11200021
68
11111220
11111221
11122120
11221122
02212100
22112120
11221122
11220111
75
11111220
11111221
11122120
11221122
02212222
22112110
11221112
11220111
86
11111220
11111221
11122120
11221122
02212212
22112121
11222211
11222111
81
11111111
11111211
11122120
11221122
02212212
22112121
11222211
11222111
83
11111111
11111211
11122111
11221121
02212211
22112121
11222211
11222111
15
