00000000
00000000
00000000
00021000
00012000
00000000
00000000
00000000
43
00000000
00000000
00210000
00021000
00012000
00000000
00000000
00000000
65
00000000
00000000
00210000
00021000
00012100
00000200
00000000
00000000
34
00000000
00000000
00222000
00112000
00012100
00000200
00000000
00000000
64
00000000
00000000
00222020
00111200
00012100
00000200
00000000
00000000
52
00000000
00001000
00211020
00211200
00222100
00000200
00000000
00000000
63
00002000
00002000
00212120
00212100
00222100
00000200
00000000
00000000
42
00002000
00012000
00211120
00212100
00222220
00000200
00000000
00000000
25
00002000
00012000
00211120
00112100
22222220
00000200
00000000
00000000
24
00002000
00012000
02222220
02212100
22222220
00000200
00000000
00000000
22
00202000
01022000
02122220
02212100
22222220
00000200
00000000
00000000
36
02202000
02022000
02122220
02112100
22122220
00100200
00000000
00000000
13
02202000
02022000
11122220
01112100
22122220
00200200
02000000
00000000
83
02202000
02022000
11111111
22222100
22122220
00200200
02000000
00000000
76
02202000
02022020
11111211
22222100
22122120
00200210
02000000
00000000
86
02202000
02022022
11111221
22222200
22122110
00200211
02000000
00000000
46
02202000
22022022
22111221
22212200
22112110
00210211
02000000
00000000
74
02202000
22222022
22211221
22211110
22112110
00210211
02000000
00000000
62
02202000
22222122
22211121
22211120
22112120
00210221
02000020
00000000
16
02202000
22222122
22211121
22111120
22112120
12210221
02000020
00000000
17
02202000
22222122
22211121
22211120
22122220
11222221
12000020
00000000
41
02212000
22211122
22211121
22211120
22122220
12222221
12200020
00000000
11
11112200
11212222
12121221
12211220
12122220
12222221
12200020
00000000
38
11112200
11212222
12121221
12211220
12122220
12122221
11200020
00120000
67
11112200
11212222
11121222
12111222
12112220
12121221
11200120
00120000
58
11112200
11212222
11121222
12112222
12122220
12221221
12200120
20111000
47
11112200
11212222
11121222
12112222
11112220
12121221
12210120
22111000
85
11112200
11211222
11121122
12112212
11111111
12121211
12210220
22222200
71
11111110
11211112
11121112
12112212
11111212
12121222
12210222
22222200
88
11111110
11211112
11121112
12112212
11112222
12122222
12222212
22222201
78
