00000000
00000000
00000000
00012000
00022200
00000000
00000000
00000000
46
00000000
00000000
00200000
00022000
00012200
00010000
00000000
00000000
75
00000000
00000000
00200000
00022000
00012110
00010200
00000000
00000000
64
00000000
00000000
00200000
00022102
00011120
00010200
00000000
00000000
43
00000000
00000000
00210200
00011202
00011220
00010200
00000000
00000000
76
00000000
00000000
00210200
00012202
00021120
00210210
00000000
00000000
73
00000000
00000000
00210210
00012102
00021220
00210220
00000002
00000000
53
00000000
00020000
00222110
00021202
00021220
00210220
00000002
00000000
67
00000000
00020000
00222110
00021102
00022120
00210220
00000122
00000000
26
00000000
00020000
00222110
00021102
00022120
01120220
00020122
00000000
86
00000000
00020020
00222210
00022102
00022110
01120221
00020122
00000000
58
00000000
00020220
00222220
00022102
00022110
01120221
00010122
00001000
41
00210000
00020220
00212220
00012102
00012110
01110221
00010122
00001000
56
00210000
00020220
00212220
00012102
00012120
01112211
00012222
00001000
83
00222000
00020220
00211111
00012102
00012120
01112211
00012222
00001000
78
00222000
00020220
00211111
00012102
00022120
01211211
02012112
00001010
71
00222010
00020110
00211111
00222102
00022120
01211211
02012112
00001010
68
00222010
00020110
00211111
00222222
00022120
01211211
02011112
00001110
25
00222010
00020110
00211111
00222222
01222120
01111211
02011112
00001110
88
00222210
00020210
00211211
00222222
01222120
01111211
02011111
00001111
21
01111110
00020210
00211211
00222222
02222120
22222211
02011111
00001111
15
01111110
00220210
00221211
00222222
11111120
22222211
02011111
00001111
85
01111110
00220210
00221211
00222221
11111111
22222211
02021111
00201111
37
01111110
00220210
00221211
00222221
11121111
21122211
02122111
00221111
52
01111110
00221110
00211111
20122211
22121111
21222211
02122111
00221111
24
01111110
00211110
00111111
21122211
21221111
22222211
22122111
00221111
28
01111110
00211110
20111111
22122211
21221111
21222211
21122111
01111111
22
01111110
01111112
20111121
22122211
21221111
21222211
21122111
01111111
81
21111111
02111111
20211121
22122211
21221111
21222211
21122111
01111111
23
