00000000
00000000
00000000
00021000
00012000
00000000
00000000
00000000
56
00000000
00000000
00000000
00021000
00021000
00021000
00000000
00000000
35
00000000
00000000
00000000
02021000
00211000
00021000
00000000
00000000
34
00000000
00000000
00000000
02111000
00222200
00021000
00000000
00000000
74
00000000
00000000
02000000
02211010
00222100
00021000
00000000
00000000
47
00000000
00000000
02000000
02211010
00222100
00012000
00010200
00000000
66
00000000
00000000
02000000
02211010
00222220
00011100
00010200
00000000
36
00000000
00000000
02200000
02221010
00212220
00111100
00010200
00000000
84
00000000
00000000
02200000
02221011
00212210
00122100
00012200
00000000
43
00000000
00000000
02222000
02222011
00212210
00122100
00012200
00000000
63
00000000
00000000
02222100
02221011
00212210
00122200
00012220
00000000
14
00000000
00000000
02222100
11111011
00212222
00122200
00012220
00000000
22
00000000
01000000
01122100
11211011
02212222
00122200
00012220
00000000
68
00000000
21000000
02122100
11211011
02112222
00112200
00011220
00000100
88
02000000
22000000
02122100
11211011
02111222
00112100
00011210
00000101
13
02000000
22000000
21122100
21211011
22111222
00112100
00011210
00000101
32
02000000
22100000
21112100
21211011
22111222
00112100
00011222
00000101
52
02000000
22221000
21211100
22211011
22111222
00112100
00011222
00000101
16
02000000
22222200
21211100
22111011
21111222
10112100
00011222
00000101
31
02100000
22112200
22222220
22111021
21111222
10112100
00011222
00000101
64
02100000
22112200
22221220
22211211
21212122
10222100
00222222
00000101
38
02100000
22112200
22121220
22111211
21112122
20121100
20112222
00100101
48
02220000
22222200
22121220
22111211
21112122
20121100
20111222
00110101
61
02220100
22222220
22111120
22111111
21112122
20121100
20111222
00110101
82
02220100
22222221
22111110
22111111
22112122
20222100
20122222
00112101
76
02220100
22222221
22111110
22111111
22112112
20222110
20222222
02222101
86
02220100
22222221
22112110
22121111
22212111
22222111
20222211
02222101
18
02220100
22222221
22112222
22121121
22212211
22222111
20222211
11111101
11
12220100
11222221
12112222
12121121
12212221
12222121
10222221
11111121
27
12220102
11222222
11112222
11121121
11212221
11122121
11111111
11111121
71
