00000000
00000000
00000000
00222000
00021000
00000000
00000000
00000000
33
00000000
00000000
00100000
00212000
00022000
00002000
00000000
00000000
66
00000000
00200000
00200000
00212000
00021000
00002100
00000000
00000000
53
00000000
00200000
00201000
00211000
00022200
00002100
00000000
00000000
22
00000000
01200000
00121000
00222000
00022200
00002100
00000000
00000000
42
00000000
01110000
00121000
00222000
00022200
00002200
00000020
00000000
35
00000000
01110000
00122200
00112000
00122200
00002200
00000020
00000000
64
00000000
01110000
02221200
00211100
00122200
00002200
00000020
00000000
24
02000000
01210000
01121200
01111100
00122200
00002200
00000020
00000000
75
02000000
01210000
01121200
01112100
00111210
00002220
00000020
00000000
67
02000000
01210000
01121200
01122100
00121110
00022220
00000120
00000000
52
02000000
01211000
01111220
01122200
00122110
00022220
00000120
00000000
78
02000000
01211000
01111220
01122220
00122210
00022210
00000110
00000010
36
02000000
01211000
01111220
01122220
00122222
00111110
00000110
00000010
31
02100000
01111000
01111220
22222220
00122222
00111110
00000110
00000010
13
02102000
01112000
11112220
21222220
00122222
00111110
00000110
00000010
62
02222000
01222100
12121220
21222120
00122122
00111110
00000110
00000010
15
02222000
22222100
12121220
11222120
10122122
00111110
00000110
00000010
11
12222000
11222100
12121220
11222120
10222122
00221110
00200110
00000010
86
12222000
11222100
12121220
11222120
10222112
00221211
00200120
00000012
72
12222000
11222110
12121210
11222110
10222112
00222211
00202220
00000012
27
12222200
11222210
12121210
11221210
10212212
00122211
01202220
00000012
28
12222202
11222220
12121210
11221110
10211212
00112211
01102220
01000012
82
12222202
11111111
12121210
11221110
10211212
00212211
01202220
01200012
84
12222202
11111111
12121210
11221111
10211211
00212211
01202220
01200222
25
12222202
11111111
12111210
11121111
11121211
00222211
01222220
01200222
48
12222202
11112111
12121210
11211111
12111211
20212111
01211220
01110222
17
12222202
11112111
12121210
11211111
12111211
10212121
11211222
01110222
26
12222202
11112122
12121222
11211122
11111212
11112122
11111222
01110222
71
