00000000
00000000
00000000
00021000
00012000
00000000
00000000
00000000
65
00000000
00000000
00000000
00022200
00011100
00000000
00000000
00000000
43
00000000
00000000
00010000
00222200
00011100
00000000
00000000
00000000
53
00000000
00020000
00022000
00221200
00011100
00000000
00000000
00000000
74
00000000
00020000
00022000
00222222
00011100
00000000
00000000
00000000
33
00000000
00020000
00122000
00212222
00021100
00200000
00000000
00000000
63
00000000
00220000
00221100
00212122
00021100
00200000
00000000
00000000
23
00000000
00220000
01211100
02212122
00021100
00200000
00000000
00000000
14
00000000
20220000
02211100
11212122
00021100
00200000
00000000
00000000
25
00000000
20220000
02211100
11122122
01022100
00200200
00000000
00000000
56
00000000
20220000
02211100
12121122
02011100
02201200
00000000
00000000
41
00010000
20110020
01211200
12122122
02021100
02201200
00000000
00000000
47
00010000
20112020
01212200
12122122
01021100
02101200
00010000
00000000
62
00012000
20122120
01212100
12122122
01021100
02101200
00010000
00000000
77
00012000
20122120
22212100
12122122
01021100
02101100
00010010
00000000
81
00012001
20122110
22212100
12122122
01021100
02102100
00010210
00000000
46
02012001
20222110
22222100
12112122
01011100
02111100
00010210
00000000
31
02112201
20112210
22121200
12112222
01011200
02111200
00010210
00000000
27
02112201
20112210
22121200
12112222
01012200
01121200
01210210
00000000
57
02112201
20112222
22121200
12112222
01012200
01121200
01211110
00000000
11
11112201
10112222
12121200
12212222
02012200
22221200
01211110
00000000
73
11112201
10112222
12121110
12212222
02012200
22222200
02221110
00200000
85
11112201
10112222
12121110
12212212
02012201
22222200
02221210
00200020
68
11112201
10112222
12121110
12212112
02012101
22222200
02221120
00200122
35
11112201
12222222
12221110
11122112
02112101
22212200
02221120
00200122
15
11112201
12222222
12221110
11122112
11112201
22212220
02221120
00200122
71
11111111
12222112
12221110
11122112
11112202
22212222
02221120
00200122
58
11111111
12222112
12221110
11122112
11122202
22122222
02222120
00222222
18
11111111
12222112
12222222
11122122
11122202
22122222
01222120
10222222
87
11111111
12122111
12212221
11121121
11122101
22122211
02222111
12222222
75
11111111
12122111
12212211
11121111
11122111
22122211
02222111
12222222
17
