00000000
00000000
00000000
00021000
00012000
00000000
00000000
00000000
34
00000000
00000000
00002000
00112000
00012000
00000000
00000000
00000000
62
00000000
00002100
00002000
00112000
00012000
00000000
00000000
00000000
63
00000000
00002100
00202100
00121000
00012000
00000000
00000000
00000000
32
00000000
00102220
00102100
00121000
00012000
00000000
00000000
00000000
43
00000000
00102220
00112100
00121000
00222000
00000000
00000000
00000000
66
00000000
00102220
00112100
00111000
00222200
00000100
00000000
00000000
71
02000010
00202120
00121100
00112000
00222200
00000100
00000000
00000000
64
02000010
00202120
00122220
00111200
00222100
00000100
00000000
00000000
26
02000010
00202120
00122220
00111200
00122220
01000100
00000000
00000000
83
02000010
00202120
00121111
00211200
02222220
01000100
00000000
00000000
36
02000010
00202120
00121111
00111200
02112220
01100200
00000200
00000000
61
02000110
00201112
00111121
00111200
02112220
01100200
00000200
00000000
15
02000110
02201112
00211121
00121200
11112220
01100200
00000200
00000000
81
02000111
02201111
00211121
02221200
11112220
01100200
00000200
00000000
68
02000111
02201111
00211121
02221100
12112120
21100100
00000100
00000100
23
02000111
02201111
22222221
01121100
11112120
21100100
00000100
00000100
56
02000111
02201111
22222221
01121100
11112120
21101200
00000120
00000100
76
02000111
02201111
22222221
22221100
21112120
21101110
00000120
00000100
74
02000111
02201111
22222111
22221210
21112120
21101112
00000120
00000100
88
02000111
02201111
22222111
22221210
22112120
22101112
02000110
00000101
18
02000111
02201111
22222111
22221210
22122120
22102122
01000220
10000121
84
02000111
02201111
22222111
22221211
22122110
22102122
01000220
10002221
57
02000111
02201111
22222111
22221211
22121110
22201122
01022220
10002221
17
02000111
02201111
22222111
22221211
22222110
21222222
11022220
10002221
12
02000111
12201111
12222111
12221211
12222110
12222222
12022220
12002221
38
02000111
12201111
12222111
12221211
12222110
12221222
11222220
11102221
31
02100111
11101111
12122111
12121211
12122222
12121222
11122220
11102221
87
02102111
11102111
12122111
12121211
12122121
12121211
11111111
11102221
42
22102111
12111111
12211111
12121111
12112111
12111211
11111111
11102221
48
