00000000
00000000
00000000
00021000
00012000
00000000
00000000
00000000
56
00000000
00000000
00000000
00022200
00011000
00001000
00000000
00000000
43
00000000
00000000
00010000
00222200
00011000
00001000
00000000
00000000
63
00000000
00000000
00010100
00221200
00012000
00001200
00000000
00000000
65
00000000
00000200
00010200
00221200
00011200
00001200
00000000
00000000
74
00000000
00000200
00010200
00222222
00011100
00001200
00000000
00000000
61
00000100
00000100
00010100
00222122
00021100
00022200
00000000
00000000
77
00000100
00000100
00010120
00222222
00022100
00022100
00000010
00000000
85
00000100
00000100
00010120
00222212
00022201
00022220
00000010
00000000
47
00000100
00000100
00010120
00212212
00022101
00012220
00010210
00000000
58
00000100
00000100
00010120
00212212
00022101
00012210
00010210
00001200
82
00000100
00002101
00020110
00212112
00021101
00012210
00010210
00001200
78
00000100
00002101
00020110
00212112
00021201
00012220
00010222
00001110
57
00000100
00002221
00020210
00212112
00021201
00011220
00011222
00001110
25
00000100
00001221
00010210
02222112
01021201
00011220
00011222
00001110
35
00000100
00001221
00010210
02222112
02111201
20011220
00011222
00001110
33
00020100
00002221
00110210
02112112
02111201
20011220
00011222
00001110
14
00020100
00002221
00110210
11112112
02111201
20011220
00012222
00021110
38
00020100
00002221
00110210
11112112
02111201
20011220
00222222
00111110
36
00020100
00202221
00120210
11112112
01111201
20111220
00112222
00111110
83
00020100
00202211
02220211
11212111
01121201
20112220
00112222
00111110
12
00020100
10202211
01220211
11112111
01121201
20211220
02222122
00111110
31
00120100
10102211
22220211
12112111
01221201
20221220
02222122
00111110
86
02220100
10202211
22220211
12112111
01221201
20221111
02222112
00111110
88
02220100
10202211
22220211
12112111
02221201
22221111
02222111
00111111
17
02220100
10202211
22220211
22112111
22121201
21221111
11111111
00111111
42
02220100
10221111
22222211
22112111
22121201
21221111
11111111
00111111
22
02220100
11111111
21122211
21112111
21121201
21221111
22111111
20111111
28
02222100
11122111
21222211
22112111
21121201
21221111
21111111
21111111
11
11111120
11122211
21222211
22112111
21121201
21221111
21111111
21111111
75
