00000000
00000000
00000000
00021000
00012000
00000000
00000000
00000000
43
00000000
00000000
00012000
00012000
00012000
00000000
00000000
00000000
66
00000000
00200000
00022000
00012000
00011000
00000100
00000000
00000000
64
00000000
00200000
00022000
00011200
00011020
00000100
00000000
00000000
62
00000000
00220100
00022000
00011200
00011020
00000100
00000000
00000000
21
01000000
00120100
00012000
00222200
00011020
00000100
00000000
00000000
25
01000000
00120100
00012000
00122200
01011020
00000200
00002000
00000000
35
01000000
00120100
00011000
00112200
01112020
00002200
00002000
00000000
77
01000000
02220100
00011000
00112200
01111020
00002100
00002010
00000000
58
01000000
02222100
00012000
00112200
01111020
00001100
00001010
00001000
65
01000000
02222100
00012000
00121200
01211120
02001100
00001010
00001000
61
01000100
02221100
00012000
00121200
01222120
02021100
00001010
00001000
63
01000100
02221100
00011100
00122220
01222120
02021100
00001010
00001000
12
01000100
11111100
02011100
00222220
01222120
02021100
00001010
00001000
83
01002100
11112100
02012101
00222210
01222120
02021100
00001010
00001000
17
01002100
11112100
02011101
00212210
02122120
21021100
10001010
00001000
14
01002100
11112100
01011101
10212210
02122120
21021100
20001010
20001000
33
01002100
11112100
01111201
10112220
02122122
21021100
20001010
20001000
41
01011100
11112100
01111201
10112220
02122222
21022100
20021010
20001000
15
01011100
11112100
01111201
12222220
11222222
21022100
20021010
20001000
73
01011100
11112100
01111111
12222220
11222222
21022200
20022210
20001000
76
01011100
11112102
01111121
12221210
11222112
21022210
20022110
20001000
38
01011100
11112102
01111121
12221210
11222112
21021210
20012222
20101000
78
21011100
12112102
01211121
12221210
11222112
21021210
20012112
20101010
84
21011100
22112102
22211111
22221211
21222112
21021210
20012112
20101010
37
21011100
22112102
22211111
22221111
21221112
22021210
20222112
20121010
81
21011101
22112101
22211111
22221111
21221112
22021210
20222212
20122210
28
21011101
22112221
22211211
22222111
21221112
22011210
20122212
21122210
86
21011101
22112221
22211211
22222111
21221111
22011211
22222212
21122210
71
21011111
22112111
22211211
22222111
21221111
22011211
22222222
21122222
36
