00000000
00000000
00000000
00012000
00022000
00002000
00000000
00000000
64
00000000
00000000
00002000
00012100
00022000
00002000
00000000
00000000
66
00000000
00000000
00002000
00012220
00021000
00002100
00000000
00000000
46
00000000
00000000
00002000
00012220
00012000
00012100
00002000
00000000
48
00000000
00000000
00002000
00022220
00222000
00012100
00001000
00010000
33
00000000
00000000
00102000
00012220
00222200
00012100
00001000
00010000
26
00000000
00000000
00102000
00012220
00122200
01012100
00002000
00012000
63
00000000
02000000
00202100
00022120
00122100
01012100
00002000
00012000
43
00000000
02000000
00211100
00011120
00112100
01012100
00002000
00222000
11
10000000
01002000
00112200
00012120
00112100
01012100
00002000
00222000
72
10000000
01002010
00122100
00222220
00122100
01012100
00002000
00222000
32
10000000
01122010
00122100
00221220
00122100
01012100
00002000
00222000
83
10000002
01122020
00122201
00222210
00122100
01012100
00002000
00222000
41
12010002
01211020
00122101
00212210
00112100
01012100
00002000
00222000
68
12010002
01222220
00122201
00212210
00112100
01012100
00001000
00222100
67
12010002
02222220
02222201
00212210
00112100
01011100
00001100
00222100
73
12010002
02222220
02222211
00212110
00121100
01012100
00001200
00222220
13
12010002
02222220
11211111
00222110
00122100
01012200
00001220
00222220
87
12010002
02222220
11211111
00222110
00122200
01012220
00001221
00222220
31
11110002
01112220
11111211
00122120
00122202
01012220
00001221
00222220
47
11110002
01112220
11111211
00122110
00122102
01222220
00021221
00222220
86
11110002
22222220
12111211
00222110
00122102
01111111
00021221
00222220
37
11110002
22222220
22111211
20222110
00122102
01111111
00111221
00222220
88
11110002
22222220
22111211
20222110
00122102
01121111
00211211
02222221
61
11110102
22222222
22111121
20222210
00122102
01121111
00211211
02222221
18
11110102
22222222
22111122
20222222
00122102
01121111
00211211
11111111
15
11110102
12222222
12111122
10222222
10122222
01121111
00211211
11111111
71
11110112
12222112
12111112
10222212
10122212
22221111
00211211
11111111
24
11112222
11222212
11111122
11111112
10122212
22221111
00211211
11111111
17
11112222
11222212
11121122
11211112
12222212
11221111
10211211
11111111
27
