00000000
00000000
00000000
00222000
00021000
00000000
00000000
00000000
35
00000000
00000000
00000000
00222000
00122000
00002000
00000000
00000000
53
00000000
00000000
00001000
00212000
02222000
00002000
00000000
00000000
57
00000000
00000000
00001000
00211000
02221000
00002000
00001200
00000000
77
00000000
00000200
00002000
00221000
02221000
00002000
00001110
00000000
33
00000000
00000200
00102000
00211000
02222200
00002000
00001110
00000000
71
00000010
02000100
00201000
00221000
02222200
00002000
00001110
00000000
24
00000010
02000100
20201000
02111000
02222200
00002000
00001110
00000000
14
00000010
02002100
20202000
11112000
02222200
00002000
00001110
00000000
11
10000010
01002100
22102000
12212000
02222200
00002000
00001110
00000000
36
10000010
01002100
22102000
12112000
01122200
00202000
02001110
00000000
75
10000010
01002100
22102000
12112000
01111110
00202000
02001210
00000020
18
10000010
01002100
22102000
12112020
01111210
00102000
01001210
10000020
32
10000010
01102220
21102000
12112020
01111210
00102000
01001210
10000020
64
10000010
01102220
21102000
12111120
01111210
00102000
01002210
10002020
15
10000010
01102220
21102000
11111120
11111220
00102020
01002220
10002020
73
10200010
02102210
21102010
11111120
11111220
00102020
01002220
10002020
66
10200010
02102210
21102010
12111120
11211120
00122120
01002220
10002020
87
10200010
02102210
22222010
12121120
11221120
00122110
01002221
10002020
42
10202010
02112110
22122010
11122120
11222120
00122110
01002221
10002020
84
10202010
02112110
22122010
11122111
11222110
00222110
01202221
10002020
61
10202110
02111110
22112010
12122111
12222110
02222110
01202221
10002020
68
12202110
02211110
22122010
12122111
12222110
02222110
01202121
10002120
47
12202110
02211110
22112010
12112211
11212120
02222222
01111121
10002120
85
12202110
02211110
22112010
22112211
21212111
22222211
01111121
10002120
88
12202110
02211110
22112012
22112221
21211211
22222111
01111111
10002111
82
12222110
02221111
22122011
22122221
21221211
22222111
01111111
10002111
63
12222110
02221111
22111111
22121111
21211111
22222111
02221111
10202111
48
12222222
02221121
22111211
22122111
21221111
22212111
02211111
10211111
28
12222222
02221121
22111211
22122111
21221111
22212111
21111111
11111111
12
