00000000
00000000
00000000
00012000
00022000
00002000
00000000
00000000
64
00000000
00000000
00000200
00012100
00022000
00002000
00000000
00000000
62
00000000
00000100
00000100
00012220
00022000
00002000
00000000
00000000
85
00000200
00000200
00000200
00012210
00022001
00002000
00000000
00000000
66
00000200
00000200
00000200
00222210
00021001
00002100
00000000
00000000
53
00000200
00000200
00001200
00221222
00021001
00002100
00000000
00000000
75
00000200
00000200
00001200
00221122
00022011
00002200
00000020
00000000
24
00000200
00000200
00001200
01111222
00022211
00002200
00000020
00000000
83
00000200
00000200
00001201
01111221
00022221
00002220
00000020
00000000
88
00000200
00000200
00001201
01111221
00021221
00002120
00000020
00000021
87
00000200
00000200
00002201
01121221
00221121
00002110
00000021
00000021
68
00000200
00000200
00002201
01121221
00221121
00002210
00002021
00000111
72
00000200
00002210
00002201
01121221
00221121
00002210
00002021
00000111
47
00000200
00002210
00002201
01121221
00221121
00001222
00012021
00000111
36
00000200
00002222
00002202
01121222
00111122
00101222
00012021
00000111
67
00000200
00002222
00002202
01121222
00111122
00101222
00012111
00020111
81
00000201
00002211
00002101
01121221
02222221
00101221
00012111
00020111
43
00000201
00002211
00011101
01121221
02222221
00201221
00022211
00022111
41
00010201
00001211
00011101
22221221
02222221
00201221
00022211
00022111
71
00010211
00201111
00021101
22222221
02222221
00201221
00022211
00022111
51
00011111
00221111
00022101
22222221
02222221
00201221
00022211
00022111
46
00011111
00211111
00222101
22222221
02212221
00211221
00021211
00022111
23
02011111
00211111
01121101
22122221
02212221
00211221
00021211
00022111
13
02011111
02211111
12221101
22122221
02112221
00211221
00021211
00022111
11
12011111
22211111
22121101
22112221
02111221
00211121
00021211
00022111
16
12011111
22211111
22122221
22112221
01111221
10211121
00021211
00022111
38
12011111
22211111
22122221
22112221
01112221
10221121
00222211
00111111
28
12011111
22211111
22122211
22122121
02211221
12211121
00122211
01111111
15
12011111
12211111
12122211
11122121
11211221
12211121
20122211
01111111
27
12011111
12211111
12122211
11122121
11221221
11211121
22122211
21111111
31
