00000000
00000000
00020000
00022000
00021000
00000000
00000000
00000000
53
00000000
00000000
00021000
00022000
00022200
00000000
00000000
00000000
56
00000000
00000000
00022200
00022000
00021200
00001000
00000000
00000000
35
00000000
00000000
00022200
00022000
00112200
00001200
00000000
00000000
72
00000000
00000010
00022100
00022200
00112200
00001200
00000000
00000000
67
00000000
00000010
00022100
00022100
00112200
00001120
00000100
00000000
46
00000000
00000010
00022100
00022100
00112200
00011220
00000120
00000000
42
00000000
00010010
00211100
00022100
00112200
00011220
00000120
00000000
74
00000000
00010210
00212200
00022210
00112200
00011220
00000120
00000000
24
00000000
02010210
00212200
01022210
00112200
00011220
00000120
00000000
71
00000010
02010110
00211200
01012222
00112200
00011220
00000120
00000000
88
00200010
02020110
00212200
01012222
00111200
00011120
00000110
00000001
73
00200010
02020110
00211110
01222122
00111200
00011120
00000110
00000001
25
00200010
02020110
00222222
01122122
01111200
00011120
00000110
00000001
82
00200010
02020111
00222212
22222122
01111200
00011120
00000110
00000001
52
00200210
02021221
00211212
22121122
01111200
00011120
00000110
00000001
51
00201110
02021121
00211212
22121122
22222200
00011120
00000110
00000001
36
00201110
02021121
00211212
22121122
22212200
00122120
00002110
00000001
75
00201110
02021121
00211222
22121122
22211120
00122120
00002220
00000021
26
00201110
02021121
02211222
22211122
22121120
01122120
00002220
00000021
32
00201110
02211121
02211222
22211122
22221120
02222120
00202220
00000021
85
00221110
02221121
02221121
22221111
22221111
02222120
00202220
00000021
87
00222222
02221121
02221121
22221111
22221111
02222110
00202221
00000021
58
00222222
02221221
02221221
22221211
22221211
02221210
00202221
00001221
48
00222222
02221221
02221221
22221211
22221211
02221110
00201221
00222221
21
01222222
02121221
02211221
22221211
22221211
02222110
00222221
00222221
17
01222222
02121221
02211221
22211211
22121211
02222110
12222221
00222221
28
01222222
22221221
02211221
21211211
21121211
01212110
11122221
01111111
11
11222222
22221221
22111221
22211211
21221211
01222110
11122221
01111111
16
11222222
12221221
12111221
12211211
11221211
11222110
12122221
21111111
86
