00000000
00000000
00000000
00222000
00021000
00000000
00000000
00000000
33
00000000
00000000
00120000
00222000
00021000
00000000
00000000
00000000
53
00000000
00020000
00121000
00221000
00021000
00000000
00000000
00000000
36
00000000
00020000
02221000
00221000
00011000
00100000
00000000
00000000
41
00012000
00020000
02211000
00211000
00011000
00100000
00000000
00000000
12
00012000
10020000
01212000
00111200
00011000
00100000
00000000
00000000
61
00011100
10020000
01212000
02222200
00011000
00100000
00000000
00000000
25
00011100
10020000
01212000
01122200
01022000
00120000
00000000
00000000
74
00011100
10020000
01212200
01112110
01022000
00120000
00000000
00000000
31
00111100
10010000
01211200
02112110
21022000
00120000
00000000
00000000
47
00111100
10010000
01211200
02112210
21012200
00110000
00010000
00000000
52
00111100
10011000
01211100
02112222
21012200
00110000
00010000
00000000
22
20111100
12011000
01211100
02122222
21012200
00110000
00010000
00000000
13
20111100
11011000
11211100
02122222
21012200
00120000
00210000
00000000
75
20111100
11011000
11211100
02122122
21011110
00120000
00220000
00020000
73
20111100
11011000
11211110
02122112
21011210
00120020
00220000
00020000
58
20111100
11011000
11211110
02122112
21011210
00120020
00210000
00022200
35
20111100
11011000
11211110
01112112
21111210
02220020
00210000
00022200
27
20111100
11011000
11211110
01122112
21112220
01120220
01110000
00022200
85
20111100
11011002
11211120
01122212
21112111
01120220
01110000
00022200
67
20111100
11011002
11211120
01122212
21212111
02120110
21110100
00022200
57
20111100
11211002
11221120
01122212
21112111
02110110
21111100
00022200
83
20111100
11211002
11221111
01222211
21212111
02210110
21211100
00222200
56
20111100
11211002
11221111
01222211
21211211
02211120
21211102
00222200
28
20111100
11211002
11221111
01222211
21221211
02212120
21111202
01222220
77
20111100
11211002
11221112
01222212
21221222
02212222
21111122
01222220
88
20111100
21211002
22221112
22222212
22221222
02212122
21111112
01111111
81
22111101
22211001
22221111
22222211
22221221
02212121
21111111
01111111
16
22222221
22211001
22211111
22122211
21221221
11112121
21111111
01111111
18
22222221
22222201
22212211
22122211
21221221
11112121
11111111
11111111
72
