00000000
00000000
00000000
00222000
00021000
00000000
00000000
00000000
35
00000000
00000000
00000000
00222000
00221000
00200000
00000000
00000000
33
00000000
00000000
00100000
00212000
00222200
00200000
00000000
00000000
26
00000000
00000000
00100000
00212000
00122200
22200000
00000000
00000000
64
00000000
00200000
00200000
00211100
00122200
22200000
00000000
00000000
37
00000000
00200000
00200000
00222220
00122200
22100000
00100000
00000000
75
00000000
00200000
00200000
00222220
00111120
22100002
00100000
00000000
83
00000000
00200000
00200001
00222210
00121120
22200002
02100000
00000000
76
00000000
00200000
00200001
00222210
00122210
22200222
02100000
00000000
15
00000000
00200000
00200001
00222210
10122222
21200222
02100000
00000000
46
00000000
00200000
00200001
00222222
10122222
21110222
02100000
00000000
87
00000000
00200000
00200001
00222221
10222221
22110221
22100001
00000000
31
00100000
00100000
00100001
00122221
10122221
22110221
22200001
00020000
43
00100000
00100000
00112001
00122221
10212121
22110211
22200001
00020000
57
00100000
00120000
00122001
00122221
10212111
22110111
22201001
00020000
28
00100000
00120000
00122001
00122221
10212111
22210111
22201001
01220000
52
00120000
00121000
00122001
00122221
10212111
22210111
22201001
01220000
73
00122000
00122000
00122011
00122111
10211111
22210111
22201001
01220000
63
00122000
00122000
00111111
00121111
10212111
22210211
22201021
01220000
61
00111100
02221000
00211111
00121111
10212111
22210211
22201021
01220000
18
00111100
02221000
00211111
02221111
10212111
12110211
11201021
11220000
21
01111100
02122200
00212211
02221211
10212211
12110211
11201021
11220000
47
01111100
02122220
00212221
02221221
10212221
12110221
11111021
11220000
67
01111120
02122220
00212121
02221121
10212121
12110111
11111111
11220000
23
01111120
01122220
22222121
02121121
10212121
12110111
11111111
11220000
82
01111120
01111111
22222111
02121121
10212121
12120111
11112111
11220200
14
01111120
01111111
21222111
11121121
10212121
12120211
11112121
11220202
12
01111120
11111111
11222111
11121121
10212221
12122211
11122121
11220202
25
01111120
11111111
11222111
11121121
11112221
11122211
11122221
11220222
58
