00000000
00000000
00000000
00021000
00012000
00000000
00000000
00000000
56
00000000
00000000
00000000
00021000
00021000
00021000
00000000
00000000
37
00000000
00000000
00000200
00022000
00021000
00011000
00100000
00000000
35
00000000
00000000
00000200
00022000
00112000
00011200
00100000
00000000
53
00000000
00000000
00022200
00011000
00111000
00011200
00100000
00000000
32
00000000
00100000
00012200
00012000
00112000
00012200
00102000
00000000
77
00000000
00100000
00222200
00012000
00111000
00012100
00102010
00000000
42
00000000
00110000
00212200
02012000
00211000
00022100
00102010
00000000
65
00002000
00120000
00212200
02011000
00211100
00022100
00102010
00000000
72
00002000
02220010
00212100
02011000
00211100
00022100
00102010
00000000
58
00002000
02220010
00212100
02011200
00212100
00021100
00101010
00001000
21
01002000
02120010
00212100
02011200
00212200
00021200
00101210
00001000
25
01002000
02120210
00212200
02011200
01112200
00021200
00101210
00001000
12
01002000
11120210
00212200
02021200
02212200
02021200
00101210
00001000
36
01002000
11120210
00212200
02021200
02212200
02211200
00201210
00201000
76
01002000
11120210
00212200
02021200
02212220
02211110
00201110
00201000
73
01002000
11120210
00211110
02021100
02221220
02222110
00221110
00201000
52
01002000
11111110
00211110
02021100
02221220
02222210
00222210
00201200
34
01002000
11111110
00111110
02111100
02221220
02222210
00222210
00222200
28
01002000
11111110
02111110
02211100
02221220
02212210
00122210
01222200
16
01002020
11111210
02112110
02121100
01221220
11112210
00122210
01222200
14
01002020
11111210
22222110
12121100
01221220
11112210
00122210
01222200
74
01002020
11111210
22222110
12121110
01221210
11112210
00122220
01222202
61
01202120
12221110
22222110
12121110
01221210
11112210
00122220
01222202
11
11202120
11221110
22122110
12111110
01221222
11112220
00122220
01222202
41
11111120
11111110
21112110
22111110
22221222
12112220
00222220
01222202
81
11111111
11111110
21112222
22111120
22221222
12112220
00222220
01222202
17
11111111
11111110
21112222
22111120
22121222
21112220
20222220
22222202
82
11111111
11111111
21112212
22111120
22121222
22212220
22222220
22222202
78
11111111
11111111
21112212
22111210
22111222
22211222
22222120
22222212
84
11111111
11111111
21112211
22111211
22111222
22211222
22222120
22222212
87
