00000000
00000000
00000000
00012000
00022000
00002000
00000000
00000000
46
00000000
00000000
00000000
00012000
00022000
00222000
00000000
00000000
66
00000000
00000000
00000000
00222000
00021000
00222100
00000000
00000000
53
00000000
00000000
00001000
00221000
00022000
00222200
00000020
00000000
35
00000000
00000000
00201000
00221000
00122000
00222200
00000020
00000000
65
00000000
00000000
00201200
00222000
00121100
00222200
00000020
00000000
32
00000000
00100000
00101200
00122000
00122220
00222200
00000020
00000000
73
00000000
00100020
00101210
00122000
00122220
00222200
00000020
00000000
37
00000000
00100220
00102210
00122000
00122220
00122200
00100020
00000000
43
00000000
00100220
00111210
00122200
00122220
00122200
00100020
00000000
81
00000001
00100210
02111110
00221200
00122220
00122200
00100020
00000000
85
00000001
00100210
02111110
00221200
00111111
00122200
00200020
02000000
52
00000001
00101110
02111110
00221202
00111121
00122200
00200020
02000000
24
00200001
00201110
02211110
01211202
00211121
00222200
00200020
02000000
47
00200001
00201110
02211110
01211202
00211121
00211200
00220020
02002000
48
00200001
00201110
02221110
01212202
00211221
00211220
00210020
02012000
83
00200001
00201110
22221111
02212201
00211221
00211220
00210020
02012000
88
00200001
00201110
22221111
02212201
00212221
00222220
00222010
02012001
67
00200001
00201110
22221111
02212101
00212121
00222222
00222110
02012001
25
00200201
00201210
22211211
02112201
01112221
00222222
00222110
02012001
87
00200201
00201210
22211211
02111221
01112221
00222211
00222111
02012001
12
00200201
10201222
21211221
02111221
01112221
00222211
00222111
02012001
71
00220211
10202112
21211211
02111211
01112211
00222211
00222111
02012001
21
01220211
10102112
21211211
02111211
01112211
00222211
00222211
02012201
26
01220211
10202112
22211211
22111211
02112211
01211111
00122211
02012201
51
01111111
10222222
22222211
22121211
02122211
01221111
00122211
02012201
15
01111111
10212222
12122211
11121211
11122211
01221111
00222211
02222201
78
01111111
12212222
12222211
11121211
11122211
01221111
00222111
02222211
27
01111111
12212222
12222211
11122211
11122211
01221111
02111111
22222211
11
11111111
11212222
12122211
11212211
12121211
22221111
02111111
22222211
17
