00000000
00000000
00000000
00012000
00022200
00000000
00000000
00000000
66
00000000
00000000
00000000
00012000
00022200
00002100
00000000
00000000
46
00000000
00000000
00000000
00012000
00012200
00021100
00200000
00000000
64
00000000
00000000
00000000
00011100
00012100
00022100
00202000
00000000
28
00000000
00000000
00000000
00011120
00011200
00012100
00102000
01000000
84
00000000
00000000
00000002
00011121
00011200
00012100
00102000
01000000
67
00000000
00000000
00000002
00011121
00222200
00021100
00102100
01000000
34
00000000
00000000
00000002
00111121
00212220
00021200
00102100
01000000
47
00000000
00000000
00000002
00111121
00212220
00011200
00112100
01020000
85
00000000
00000000
00000002
00111121
00211111
00011200
02222100
01020000
58
00000000
00000000
00000002
00111121
00211111
00011200
02222220
01021000
26
00000000
00000000
00000202
00111221
00111211
01011200
01222220
01021000
73
00000000
00000000
00000212
00111111
02222211
01011200
01222220
01021000
52
00000000
00001000
00020112
00222111
02222211
01011200
01222220
01021000
76
00000000
00001000
00020112
00222111
02222211
01011120
01222122
01021000
24
00000000
00001000
02020112
01211111
01122211
01011120
01222122
01021000
86
00000000
00001000
02022222
01212111
01122211
01011111
01222122
01021000
12
00000200
10002000
01022222
01112111
01112211
01011111
01222122
01021000
78
00000200
10002000
01022222
01112111
22222211
02011111
01222112
01021010
51
00001200
10001000
21021222
02111111
22221211
02011111
01222112
01021010
72
00001200
10001010
21021112
02111111
22221211
02011211
01222212
01022210
38
00001200
10001012
21021122
02111211
22222211
02021211
01212212
01111110
81
00022201
10001011
21021121
02111211
22222211
02021211
01212212
01111110
32
00022201
10101211
21012221
02121211
22222211
02021211
01212212
01111110
33
00022221
10101221
21112221
02111211
22221211
02021111
01212212
01111110
16
00022221
10122221
21222221
02121211
21221211
12021111
01212212
01111110
31
00111111
10112221
21221221
02121111
21222211
12021211
01212222
01111112
36
02111111
10212221
21221221
02121111
21112211
11111211
01112222
01111112
14
02111111
10212221
11221221
11121111
11212211
12111211
22222222
01111112
18
02111111
12212221
12221221
12121111
12212211
12111211
11222222
11111112
11
