00000000
00000000
00020000
00022000
00021000
00000000
00000000
00000000
35
00000000
00000000
00020000
00022000
00112000
00000200
00000000
00000000
42
00000000
00010000
00210000
00022000
00112000
00000200
00000000
00000000
24
00000000
02010000
00210000
01022000
00112000
00000200
00000000
00000000
23
00000000
02010000
02110000
02022000
02222000
00000200
00000000
00000000
11
12000000
02010000
02110000
02022000
02222000
00000200
00000000
00000000
15
12000000
02010000
02222000
01022000
12222000
00000200
00000000
00000000
26
12000000
02010000
02222000
01022000
11222000
02000200
20000000
00000000
65
12000000
02010000
02222000
01022000
11121100
02200200
20000000
00000000
62
12020000
02020100
02221000
01012000
11121100
02200200
20000000
00000000
46
12020000
02020100
02221000
01222000
11211100
02210200
20000000
00000000
77
12020000
02020100
02222200
01222000
11211100
02210100
20000010
00000000
51
12021000
02010100
02122200
01222000
12211100
22210100
20000010
00000000
52
12021000
02211100
02221200
01221000
12211100
22210100
20000010
00000000
64
12022200
02212100
02221100
01221100
12211100
22210100
20000010
00000000
27
12022200
02212100
22221100
02221100
11211100
21110100
21000010
00000000
31
11122200
02112100
22121100
02121100
11111100
21110100
22000010
00200000
14
11122200
02112220
21121200
11122100
11121100
21210100
22000010
00200000
37
11122200
02112220
21121200
11122100
11121100
21120100
22220010
00200000
57
11122200
02112220
21121220
11122200
11122100
21120100
22221010
00200000
83
11122200
02112220
21121221
11122220
11122100
21120100
22221010
00200000
12
11122200
11112220
11121221
11122220
11122100
21120100
22222010
00200200
81
11122201
11112210
11121121
11121220
11112200
21122100
22222010
00200200
28
11122201
11112210
11121121
11121220
11112220
21122200
21222010
01200200
76
11122201
11112210
11121111
11121210
11112120
22222222
21222020
01200200
58
11122201
11112210
11121211
11121220
11111122
22121222
21211020
01201200
84
11122201
11112222
11121222
11121212
11112112
22121122
21211020
01201200
18
11122201
11112222
11121222
11121212
11112212
12121222
11222220
11201200
71
11111111
11112112
11121212
11121212
11112212
12121222
11222220
11222200
88
11111111
11112112
11121212
11111212
11111212
12121122
11222220
11222221
87
