00000000
00000000
00000000
00021000
00012000
00000000
00000000
00000000
34
00000000
00000000
00000000
00111000
00222000
00000000
00000000
00000000
36
00000000
00000000
00200000
00121000
00112000
00100000
00000000
00000000
65
00000000
00000000
00200000
02221000
00111100
00100000
00000000
00000000
23
00000000
00000000
01200000
02221000
00211100
00200000
00200000
00000000
14
00000000
00000000
01200000
11111000
00222220
00200000
00200000
00000000
76
00000000
00000000
22200000
12111000
00222120
00200010
00200000
00000000
25
00000000
00000000
22200000
12111000
01111120
00200020
00200020
00000000
85
00000000
00000000
22200000
12111000
02111111
02200020
00200020
00000000
32
00000000
00100000
21100000
22111000
22111111
02200020
00200020
00000000
17
00000000
02100000
22100000
22111000
22111111
01200020
10200020
00000000
48
00000000
02100000
22100000
22111000
22111111
02200020
12100020
00010000
78
00200000
02200000
22200000
22211000
22211111
02200010
12100010
00010010
12
00200000
12200000
21200000
22222200
22211111
02200010
12100010
00010010
41
00210000
12100000
21200000
22222200
22211111
02200010
12220010
00010010
11
10210000
11100000
21102000
22222200
22211111
02200010
12220010
00010010
18
12210000
12100000
22102000
22222200
22211111
02100010
11220010
10010010
16
12210000
12100000
12102000
12222200
12211211
11100020
11220012
10010010
62
12210000
12100100
12101000
12212200
12111211
12100020
12220012
12010010
63
12210020
12100200
12102100
12221200
12211211
12100020
12220012
12010010
57
12222020
12100200
12102100
12221200
12211211
12100020
11111012
12010010
66
12222020
12100200
12102100
12221200
12211121
12100122
11111012
12010010
61
11111120
12100100
12102220
12221200
12211121
12100122
11111012
12010010
81
11111111
12220100
12202220
12221200
12211121
12100122
11111012
12010010
52
11111111
11111100
12201220
12221200
12211121
12200122
11121012
12012010
67
11111111
11111100
12201220
12221200
12211221
12200212
11121222
12012210
46
11111111
11111100
12201220
11221200
12211221
11210212
11211222
12222210
72
11111111
11111110
12201120
11221202
12211222
11210212
11211222
12222210
56
11111111
11111110
12201120
11221202
12211222
11211112
11211122
12222222
74
11111111
11111110
12222222
11222122
12211212
11211122
11211122
12222222
82
