00000000
00000000
00000000
00222000
00021000
00000000
00000000
00000000
53
00000000
00000200
00002000
00221000
00021000
00000000
00000000
00000000
35
00000000
00000200
00002000
00222000
00122000
00002000
00000000
00000000
65
00000000
00000200
00002000
00222000
00211100
02002000
00000000
00000000
43
00000000
00000200
00012000
00222200
00211100
02002000
00000000
00000000
73
00000000
00020200
00022010
00222100
00211100
02002000
00000000
00000000
32
00000000
00120200
00012010
00222220
00211200
02002000
00000000
00000000
23
00000000
00120200
01222010
00222220
00211200
02002000
00000000
00000000
36
00000000
00120220
01122020
00122220
00111200
02102000
00000000
00000000
41
00010000
20110220
02112020
00212220
00121200
02102000
00000000
00000000
71
00010010
20110120
02111020
00212220
00122200
02222000
00000000
00000000
82
00010010
20112111
02122020
00212220
00122200
02222000
00000000
00000000
13
00012010
20112211
11122020
00212220
00122200
02222000
00000000
00000000
11
10012010
12222211
11222020
00222220
00122200
02222000
00000000
00000000
21
11012010
11222211
11222020
02222220
00222200
02222000
00000000
00000000
57
11012010
11222211
12222020
22222220
00122200
02212000
00001000
00000000
76
11012010
11122211
12212020
22221220
02222100
02212010
00001000
00000000
27
11012010
11122211
11212020
21221220
02212100
22222010
01001000
00000000
83
11012010
11122211
11212021
21221210
02212200
22222210
01001000
00000000
75
11012010
11122211
11212021
21221210
02211110
22222110
01002000
00002000
68
11012010
11122211
11212021
21221220
02112120
22212220
01001020
00002100
17
11012010
11122211
11212021
21221220
02122120
21222220
11021020
00002100
37
11012010
11122211
11212011
21221120
02121120
21212220
22111020
20002100
86
11012010
11122211
11212011
21221120
02121210
21212111
22221010
20202100
31
11112010
11112211
11211011
22221120
22121210
22212111
22221010
20202100
61
11111110
11111211
11211011
22221120
22122210
22212211
22221020
20202102
84
11111110
11111211
11211011
22221111
22122210
22212211
22222220
20202102
63
11111110
11111111
11211111
22221111
22122210
22212211
22222220
20202222
28
11111110
11111111
11211111
21221111
21122210
21212221
21122222
21202222
48
