00000000
00000000
00000000
00012000
00022000
00002000
00000000
00000000
66
00000000
00000000
00020000
00022000
00021000
00002100
00000000
00000000
35
00000000
00000000
00020000
00022000
00111000
00002220
00000000
00000000
57
00000000
00000000
00020000
00022000
00111000
00001220
00002000
00020000
77
00000000
00000000
00020000
00022000
00112000
00001220
00002020
00020002
58
00000000
00000000
00020000
00022000
00212000
02001220
00001020
00021002
75
00000000
00000000
00020000
00022000
00212010
02001120
00001020
00022202
42
00000000
00010000
00010000
00012002
00212020
02001220
00002020
00022202
86
00000000
00010000
00010000
00222002
00212020
02001111
00002020
00022202
74
00000000
00010000
00010000
00222012
00222010
02201111
00002020
00022202
78
00000000
00010000
00010000
00222012
00222010
02202111
00002210
00022212
47
00000000
00010000
00010000
00222012
00222012
02202121
00011210
00022212
65
00000000
00010000
00010200
00222022
00222112
02201121
00011210
00022212
53
00000000
00210000
00021200
00222022
00221212
02201121
00011210
00022212
25
00020000
00220000
00021200
00222022
01111212
02101121
00011210
00022212
33
00020000
00220000
00111200
00112022
01111212
02101122
00011222
00022212
51
00021000
00210000
00111200
00112022
01111212
02102122
00021222
00222212
16
00021000
00210000
00111200
00112222
01111222
11102122
00021222
00222212
31
00111000
00112000
00112200
00112222
01111222
11102122
00021222
00222212
73
00111000
00112020
00111210
00112112
01111212
11102112
00021212
00222212
61
02111100
00211020
00121210
00112112
01111212
11102112
00021212
00222212
23
02111100
00111020
01121222
00112122
01111212
11102112
00021212
00222212
28
02111100
00111020
01121222
20112122
02111212
11202112
00021212
01111112
15
02111100
00111020
01121222
20122222
11122212
11222112
00021212
01111112
11
11111100
00111020
22221222
20122222
11122212
11222112
00021212
01111112
71
11111112
00111020
22221212
20122212
11122212
11222112
00021212
01111112
37
11111112
00111020
22221212
22222112
11121212
11112112
00111212
01111112
12
11111112
12111020
12221212
12122112
11111212
11111112
00111112
01111112
62
11111112
12111120
12221112
12122112
12121212
12211112
02222222
01111112
18
11111112
12111122
12221122
12121212
12112212
12121112
01222222
11111112
17
