00000000
00000000
00020000
00022000
00021000
00000000
00000000
00000000
33
00000000
00000000
02220000
00012000
00021000
00000000
00000000
00000000
35
00000000
00000000
02220000
00222000
00111000
00000000
00000000
00000000
32
00000000
00100000
02120000
00122000
00211000
02000000
00000000
00000000
42
00000000
00110000
02222000
00122000
00211000
02000000
00000000
00000000
52
00000000
00111000
02211000
00121000
00212000
02000200
00000000
00000000
25
00000000
00111000
02211000
00121000
01122000
02020200
00000000
00000000
57
00000000
00111000
02211000
00121000
22222000
02010200
00001000
00000000
24
00000000
00111000
02111000
22221000
22122000
02010200
00001000
00000000
77
00000200
00112000
02121000
22211000
22121000
02010100
00001010
00000000
62
02000200
00211100
02121000
22211000
22121000
02010100
00001010
00000000
22
02000200
01111200
02122200
22212000
22121000
02010100
00001010
00000000
74
02000200
01111200
02122100
22212010
22122000
02012100
00001010
00000000
27
02200200
01221200
01222100
21212010
21122000
01012100
01001010
00000000
67
02200200
01221200
01222200
21112210
21112000
01011100
01001110
00000000
72
02200200
02221110
22222100
21111210
21112000
01011100
01001110
00000000
41
02210200
02211110
22212100
21211210
21122000
01012100
01001210
00000020
11
11110200
01222222
22112100
21211210
21122000
01012100
01001210
00000020
75
11110200
01212222
22111100
21211110
21122010
02022100
01201210
00000020
65
11110200
01212222
22111102
21211120
21111210
02022100
01201210
00000020
36
11110200
01212222
22111102
21211120
21111210
02111100
22201210
00000020
73
11110200
01212222
22111112
21211110
22111210
02212100
22222210
00000020
38
11110200
01212222
22111122
21222222
22111120
02111200
22112210
00100020
76
11110200
01212222
22111122
21222222
22112120
02121110
22212210
02100020
68
11112200
01222222
22211122
22222222
22112120
02111110
22211110
02100120
12
11112200
11222222
21211122
22122222
22122120
02121210
22222110
02220120
81
11112201
11222212
21211122
22122222
22122220
02121220
22222222
02220120
58
11112221
11222222
21211122
22122222
22122220
02121220
22211222
02221120
18
11112221
11222222
21211122
22122222
22122220
02121220
21211222
11111120
88
11112221
11222222
21111122
22112222
22121220
02121120
21211212
11111111
86
11112221
11222222
21111122
22112122
22121222
02121121
21211211
11111111
16
