00000000
00000000
00000000
00222000
00021000
00000000
00000000
00000000
35
00000000
00000000
00000000
00222000
00221000
00200000
00000000
00000000
33
00000000
00000000
00100000
00212000
00222200
00200000
00000000
00000000
26
00000000
00200000
00200000
00212000
00122200
01200000
00000000
00000000
31
00100000
00100000
02100000
00212000
00122200
01200000
00000000
00000000
13
00100000
00100000
11100000
00212000
02222200
01200000
00000000
00000000
56
00100000
02100000
11200000
00122000
02212200
01201000
00000000
00000000
12
00100000
11100000
11220000
00222000
02212200
01201000
00000000
00000000
15
00100000
11100000
11220000
00222000
11112200
01202000
00002000
00000000
76
00100000
11100000
11210000
00221000
11112220
01202010
00002000
00000000
66
02100000
11200000
11120000
00212000
11111220
01202110
00002000
00000000
85
02100000
11200000
11120000
00212020
11111211
01202110
00002000
00000000
58
02100000
11200000
11120000
00212020
12111211
22201110
00001000
00001000
11
11100000
11200000
11120000
00212020
12111211
22201120
00001002
00001000
67
11100000
11200000
11122000
00222020
12211211
22201110
00001102
00001000
37
11100000
11200000
11222000
00222020
12211211
21201110
00201102
00201000
24
11100000
11200000
11222000
01222020
11211211
21202110
00221102
00201000
42
11100000
11110000
11112000
01212020
11211221
21202120
00222222
00201000
86
11100000
11110000
11112000
01212020
11211221
22202111
20222222
00201000
63
11100000
11110000
11111102
01211020
11211221
22202111
20222222
00201000
18
11100000
11112000
11122202
01212020
11212221
12202111
10222222
10201000
61
11100100
11111000
11112202
01112022
11212222
12202112
10222222
10201000
78
11100100
11111000
11112202
01112022
11212222
12222222
10222112
10201010
64
11120100
11122000
11121202
01121122
11222122
12222122
10222112
10201010
68
11120100
11122000
11121222
01121222
11122122
12212122
10221112
10201110
28
11120100
11122000
11121222
01121222
11122122
12212122
12221112
11201110
51
11111100
11111000
11121222
22221222
12122122
12212122
12221112
11201110
82
11111100
11111021
11121222
22221122
12121122
12212122
12221112
11201110
88
11111100
11111021
11121221
22221121
12121121
12212221
12222111
11221111
71
11111112
11111021
11121211
22221111
12121111
12212211
12222111
11221111
62
