00000000
00000000
00000000
00012000
00022000
00002000
00000000
00000000
66
00000000
00000000
00020000
00022000
00021000
00002100
00000000
00000000
57
00000000
00000000
00020000
00022000
00022000
00002100
00002000
00002000
48
00000000
00000000
00020000
00022000
00022000
00002200
00001020
00012000
75
00000000
00000000
00020000
00022000
00022010
00002220
00001020
00012000
68
00000000
00000000
00020000
00022002
00022020
00002220
00001020
00011100
86
00000000
00000000
00020000
00022002
00022020
00002221
00001020
00011102
53
00000000
00000000
00022200
00022002
00021020
00001221
00001020
00011102
52
00000000
00001200
00022200
00021002
00021020
00001221
00001020
00011102
36
00000000
00001200
00022200
00022002
00021020
00201221
02001020
00011102
64
00000000
00022200
00022200
00022102
00021010
00201221
02001020
00011102
33
00000000
00022200
00122200
00012202
00022210
00201221
02001020
00011102
41
00010000
00012200
00112200
00012202
00022210
00202221
02021020
00011102
35
00010000
00012200
00112200
00012202
00112110
00222221
02021020
00011102
71
00010010
00012100
00111200
00012202
02222110
00222221
02021020
00011102
67
00010010
02012100
00211200
00022202
02222110
00222121
02021120
00011102
11
10010010
01012220
00111200
00012202
02221110
00222121
02021120
00011102
51
10011010
01011220
00111200
00012202
02221110
00222121
02021220
00011122
14
10011010
01011220
02222200
10012202
01221110
00122121
02011220
00011122
26
10011010
01011220
02222200
10012222
01121220
01122121
02011220
00011122
34
10011010
01011220
02212200
12222222
02221220
02122121
02011220
00011122
32
12011010
02211220
02122200
12122222
02121220
02122121
02011220
00011122
61
12011110
02211120
02222100
12222122
02221120
02222121
02222220
00011122
85
12011110
02211120
02222100
12222112
02221212
02222122
02222122
00011122
17
12011110
02211120
02221100
12212112
02121212
22222122
11111122
00011122
13
12011110
02211120
11111102
11212122
02121212
22222122
11111122
00011122
81
12011111
02211110
11111102
11212122
02121212
22222122
22111122
20011122
12
12011111
11111110
11111102
11212122
02121212
22222122
22211122
22011122
15
12011111
11111110
11111122
11212222
11122212
21222122
22111122
22011122
31
