00000000
00000000
00000000
00222000
00021000
00000000
00000000
00000000
33
00000000
00000000
00100000
00212000
00022200
00000000
00000000
00000000
64
00000000
00000000
00100020
00211200
00022200
00000000
00000000
00000000
36
00000000
00000000
00120020
00212200
00012200
00100000
00000000
00000000
66
00000000
00000000
00120020
00212200
00022200
00102100
00000000
00000000
74
00000000
00000000
00120220
00212210
00022200
00102100
00000000
00000000
53
00000000
00000000
02222220
00212210
00022200
00102100
00000000
00000000
46
00000000
00000000
02222220
00212210
00012200
00121100
00200000
00000000
47
00000000
00000000
02222220
00212210
00012200
00112100
00220000
00200000
42
00000000
00010000
02212220
00212210
00022200
00212100
02220000
00200000
72
00000000
00210010
02222210
00212210
00022200
00212100
02220000
00200000
22
00000000
01110012
02122220
00212210
00022200
00212100
02220000
00200000
83
00000000
01110012
02111111
00212210
00022200
00212200
02220020
00200000
75
02000000
02210012
02121111
00212110
00022210
00212200
02220020
00200000
18
02020000
02220012
02121111
00211110
00012210
00112200
01220020
10200000
58
02020000
02220012
02121111
00211110
00012210
20112200
02210020
10201000
28
02020000
02220012
02121111
00211110
00012210
22222200
02110020
11201000
25
02020000
02220012
02221111
02211110
01012210
21122200
01110020
11201000
88
02020000
02220012
02222111
02211210
01011220
21122102
01110010
11201001
11
12020000
01220012
02122111
02211210
01011220
21122222
01110010
11201001
51
12221000
01220012
02122111
02211210
01011220
21122222
01110010
11201001
67
12221000
01220012
02122111
02211110
01011120
21121122
01120110
11221001
81
12221001
01220011
02122111
02211110
21011120
22121122
01220110
11221001
13
12221021
01220021
11122121
02211120
21011120
22121122
01220110
11221001
52
12222221
01112021
11121121
02211120
22011120
22121122
01220110
11221001
35
12222221
01112021
11121121
01111120
22111120
22121122
01220120
11221021
84
12222221
01112021
11121121
01111111
22111110
22121122
22220120
11221021
68
12222221
01112021
11121221
01111121
22222222
22121122
22220120
11221111
57
12222221
22222021
12121221
01211121
22122222
22111122
22221120
11221111
14
12222221
22222221
12122221
11221121
11222222
12111122
12221120
11221111
87
