00000000
00000000
00020000
00022000
00021000
00000000
00000000
00000000
33
00000000
00000000
00120000
00222000
00021000
00000000
00000000
00000000
35
00000000
00000000
00120000
02222000
00111000
00000000
00000000
00000000
15
00000000
00000000
00120000
01222000
10211000
02000000
00000000
00000000
25
00000000
00000000
00120000
01222000
11221000
02200000
00000000
00000000
47
00000000
00000000
00120000
01222000
11222200
02100000
00010000
00000000
27
00000000
00000000
00120000
22222000
11222200
01100000
01010000
00000000
63
00000000
00020000
00220100
22221000
11212200
01100000
01010000
00000000
76
00000000
00020000
00220100
22221000
11212100
02100010
21010000
00000000
16
00000000
00020000
00220100
22222200
11212100
11100010
21010000
00000000
52
00000000
00021000
00210100
22122200
11212100
11200010
22210000
00000000
48
00000000
00021020
00210200
22122200
11212100
11200010
22110000
00010000
23
00000000
00021020
01110200
21122200
11212100
11200010
22210000
00210000
53
00000000
00021020
01121200
21122200
11122100
11220010
22210000
00210000
32
00002000
00112020
01112200
21122200
11122100
11220010
22210000
00210000
57
00202000
00222020
01212200
21222200
11222100
11210010
22211000
00210000
56
00202000
00222020
01212200
21122220
11212200
11212010
22221000
00210000
81
00202001
00222010
01212100
21121220
11212200
11222010
22222000
00210200
21
01202001
00122210
01212200
21121220
11212200
11222010
22222000
00210200
18
01202001
02222210
01212200
21121220
11212200
11122010
11222000
10210200
13
01202001
22222210
12212200
11221220
11222200
11122010
11222000
10210200
28
01202001
22222222
12212200
11221220
11222200
11122010
11222000
11110200
71
01202011
22222222
12211220
11211220
11122200
11122010
11222000
11110200
66
01202011
22222222
12211220
11211220
11121200
11111120
11221002
11110200
61
01222111
22222122
12211220
11211120
11121100
11111120
11221002
11110200
84
22222111
22222122
12211210
11211111
11121100
11111120
11221002
11110200
83
22222111
22222111
12211211
11221111
11122100
11111220
11221022
11110200
86
22222111
22222111
12211211
11221121
11122102
11111112
11221022
11110200
75
22222111
22222111
12211211
11221211
11122212
11112222
11222222
11110200
58
22222111
22222111
12211211
11221211
11121212
11111222
11211222
11111200
78
