00000000
00000000
00000000
00021000
00012000
00000000
00000000
00000000
65
00000000
00000000
00000000
00021000
00012100
00000200
00000000
00000000
34
00000000
00000000
00000000
00111000
00222100
00000200
00000000
00000000
26
00000000
00000000
02000000
00211000
00122100
01000200
00000000
00000000
56
00000000
00000000
02200000
00221000
00122100
01001200
00000000
00000000
36
00000000
00000000
02200000
00221000
00112220
01101200
00000000
00000000
32
00020000
00200000
02100000
00121000
00112220
01101200
00000000
00000000
53
00020000
00200000
02201000
00211000
00212220
01201200
00200000
00000000
85
00020000
00200000
02201000
00211000
00211111
01222200
00200000
00000000
22
00020000
22200000
02101000
00211000
00211111
01222200
00200000
00000000
28
00020000
22200000
02221000
00211000
00211111
01212200
00100000
01000000
25
00020000
22200000
02221000
00211000
01111111
01212200
00200000
01200000
77
00020000
22200000
02221000
00222200
01112111
01222100
00200010
01200000
11
10020000
21200000
02121000
00212200
21111111
02222100
00200010
01200000
47
10020000
21200000
02122200
00212200
21111111
02111100
00210010
01200000
13
10020000
11200000
11122200
00212200
21112111
02112100
00222010
01200000
31
10120000
11100000
11122200
00212202
21112121
02112200
00222010
01200000
76
10120000
11100000
11122200
00212202
21122221
02112210
00222210
01200000
24
10120000
11100000
11122200
01212202
22122221
22112210
00222210
01200000
68
10120000
11100000
11122200
01212202
22122221
22112220
00221222
01200100
27
10120000
11120000
11222200
02212202
21122221
21112220
01111222
01200100
86
10120000
11110000
11221200
02212222
21122211
21111111
01111212
01200100
48
10122000
11120000
11221200
02212222
21122211
21111111
01111212
01110100
88
12222000
12220000
12221200
02212222
21122211
21111111
01111211
01110101
83
12222000
12220000
12221201
02212211
21122111
21211111
02111211
21110101
52
12222000
11111020
12211201
02112211
21122111
21211111
02111211
21110101
61
11111102
11111020
12211201
02112211
21122111
21211111
02111211
21110101
58
11111102
11111020
12211201
02112211
21122111
21212111
02111211
22222221
17
11111102
11111020
12211201
22112211
22122111
21212111
11111211
22222221
73
11111102
11111220
12211211
22112211
22121211
21212211
11111211
22222221
71
