00000000
00000000
00000000
00012000
00022000
00002000
00000000
00000000
64
00000000
00000000
00002000
00012100
00022000
00002000
00000000
00000000
66
00000000
00000000
00002000
00012220
00021000
00002100
00000000
00000000
46
00000000
00000000
00002000
00022220
00211000
00011100
00000000
00000000
52
00000000
00001000
00001000
00021220
00211000
00021100
00002000
00000000
75
00002000
00002000
00002000
00022120
00212010
00022100
00002000
00000000
33
00002000
00002000
00102000
00012120
00222210
00022100
00002000
00000000
47
00002000
02002000
00202000
00022120
00212210
00012100
00012000
00000000
84
00002000
02002000
00202000
00022111
00212210
00012100
00022000
00200000
43
00002000
02002000
00212000
00012111
00212222
00012100
00022000
00200000
26
00002000
02002000
00212200
00012221
00112222
01012100
00022000
00200000
73
00002000
02002000
00211110
00012121
00121222
01222100
00022000
00200000
61
00002100
02201000
00221110
00012121
00121222
01222100
00022000
00200000
27
00002100
02221000
00222110
00011221
00111222
01122100
01022000
00200000
67
00002100
02221000
00222110
00011221
02222222
01221100
01022100
00200000
41
00011100
02211000
00212110
00011221
02222222
01221200
01022220
00200000
21
01211100
02221000
00212110
00011221
02222222
01221200
01022220
00200000
83
01211100
02221000
00222111
00012211
02222222
01221220
01022220
00200000
78
01211100
02221000
00222111
00012211
02222222
01221222
01022110
00200010
62
01211100
02221100
00221111
00012211
02222222
02221222
21022110
00200010
24
01211100
02211100
00121111
01012211
01222222
01221222
21022222
00200010
58
01222220
02211200
00122111
01022211
01222222
01121222
21011222
00201010
88
01222220
02221200
00222111
02012211
22221221
01121121
21011211
00201011
14
01222220
02221200
00222111
12012211
21221221
02221121
22222211
00201011
48
01222220
02221220
00222221
12012221
21211221
02211121
22211211
00211011
34
01222220
02221220
00212221
11112221
21211221
02221121
22212211
00222211
12
01222220
11211220
02212221
12212221
22221221
02222121
22212211
00222211
28
01222220
11211220
01212221
11212221
22221221
22212121
21112211
01111111
82
01222220
11211111
01212211
11212121
22221221
22212121
22112211
21111111
81
21111111
12211111
01212211
11212121
22221221
22212121
22112211
21111111
13
