00000000
00000000
00000000
00021000
00012000
00000000
00000000
00000000
56
00000000
00000000
00000000
00022200
00011000
00001000
00000000
00000000
43
00000000
00000000
00010000
00012200
00012000
00002000
00002000
00000000
65
00000000
00000000
00010000
00011200
00011200
00002200
00002000
00000000
58
00000000
00000000
00010000
00011200
00222200
00001200
00001000
00001000
46
00000000
00000000
00012000
00022200
00212200
00011200
00001000
00001000
74
00000000
00000000
00012000
00022210
00212100
00011200
00002000
00021000
67
00000000
00200000
00022000
00022210
00212100
00011100
00002100
00021000
42
00000000
00210000
00012000
00222210
00212100
00011100
00002100
00021000
63
00000000
00222000
00022100
00222110
00212100
00011100
00002100
00021000
38
00000000
00222000
00022100
00222110
00212200
00011120
00002100
00111000
68
00000000
00222000
00022102
00222120
00212200
00011120
00001100
00111100
84
00000000
00222000
00022202
00222122
00212202
00011120
00001100
00111100
41
00010000
00212000
00012202
00212122
00222202
00012120
00001200
00111120
86
00010000
00212000
00012202
00212122
00222202
00222111
00001200
00111120
21
01010000
00112000
00012202
00212122
00222202
00222211
00001220
00111120
47
01010000
02222000
00012202
00212122
00212202
00212211
00011220
00111120
27
01010000
02222000
00012202
00212122
00212202
00112222
01011222
00111120
62
01010000
02222220
00011202
00212122
00212202
00112222
01011222
00111120
33
01010000
02222220
00111222
00112222
00112202
00112222
01011222
00111120
71
01010010
02222120
00211222
02222222
00112202
00112222
01011222
00111120
51
01011010
02221120
00211222
02222222
00112202
00112222
01011222
02222220
81
01011011
02222222
00211122
02221222
00112202
00112222
01011222
02222220
23
01011011
22222222
02111122
02221222
00122202
00112222
01011222
02222220
31
01111011
22112222
02111122
02221222
00222202
02222222
02011222
02222220
37
01111011
22112222
02121122
02221222
02222202
02222222
02121222
02222220
18
01111011
22112222
02121122
02221222
02212202
22122222
02121222
12222220
15
01111011
22112222
22121122
02221222
11212202
21122222
02121222
12222220
75
01111211
22112222
22121112
02221112
11211112
21122122
02121222
12222220
17
22222211
22112222
22121112
02221112
11211112
11122122
11121222
12222220
88
