00000000
00000000
00000000
00021000
00012000
00000000
00000000
00000000
34
00000000
00000000
00002000
00112000
00012000
00000000
00000000
00000000
64
00000000
00000000
00202000
00121100
00012000
00000000
00000000
00000000
46
00000000
00000000
00202000
00121100
00021000
00020000
00020000
00000000
37
00000000
00000000
02202000
00221100
00021000
00010000
00120000
00000000
43
00000000
00002000
02222000
00211100
00011000
00010000
00120000
00000000
62
00000000
00002100
02222000
00212100
00022000
00012000
00120000
00000000
66
00000000
00002100
02222000
00212200
00021020
00011100
00120000
00000000
74
00000000
00002100
02222000
00211110
00021020
00012100
00120200
00000000
84
00000020
00002200
02222000
00211111
00021010
00012100
00120200
00000000
42
00002020
00022200
02211000
00211111
00021010
00012100
00120200
00000000
48
00002020
00022200
02211000
00211111
00022210
00012200
00110200
00010000
13
00002020
00022200
11112000
00221111
00222210
00012200
00110200
00010000
61
00002120
00021200
11112000
00221111
00222210
00012200
00120200
00210000
81
00002111
02021200
11212000
00221111
00222210
00012200
00120200
00210000
21
01002111
01021200
11212000
00221111
00222210
00022200
00122200
00210000
28
01002111
01021200
11212200
00222211
00222210
00022200
00122200
01110000
68
01002111
01221100
11222100
00222111
00222110
00022100
00122100
01110100
36
01002111
01221100
11222100
00221111
00212222
00111100
00122100
01110100
31
01102111
01111100
11121100
00121111
00112222
00111100
02222100
01110100
26
21102111
02111100
11221100
00121111
00112222
01111100
01122100
01110100
12
21102111
11111100
11221100
00121111
00112222
01111200
01122220
01110100
88
21102111
21111100
21121100
20111111
00111222
01111100
01122210
01110101
76
21102111
21111100
21121102
20111122
00111212
01112110
01122210
01110101
73
21102111
22222220
21121112
20111112
00111212
01112110
01122210
01110101
58
21102111
22222220
21121112
20111112
00111212
01111120
01111112
01111101
41
21111111
22111220
22111112
22222222
00111212
01111120
01111112
01111101
25
21111111
21111220
21111112
21122222
01211212
02111120
22222222
01111101
16
21111111
21111220
21111112
21122222
01221212
11211120
22222222
21111101
86
21111111
21111222
21111122
21122222
01221212
11211111
22222211
21111101
78
