00000000
00000000
00000000
00012000
00022000
00002000
00000000
00000000
66
00000000
00000000
00000000
00012000
00021000
00002220
00000000
00000000
46
00000000
00000000
00200000
00022000
00012000
00012220
00000000
00000000
64
00000000
00000000
00200000
00022100
00021000
00022220
00020000
00000000
77
00000000
00000000
00200000
00022220
00021000
00022120
00020010
00000000
36
00000000
00000000
00200000
00022220
02021000
00211120
00020010
00000000
43
00000000
00000000
00210000
00012220
02012000
00221120
00220010
00000000
26
00000000
00000000
00210000
00012220
02012000
22222220
00220010
00000000
75
00000000
00000000
00210000
00012222
02012020
22222210
00220010
00000000
23
00000000
02000000
01210000
00022222
02012020
22222210
00220010
00000000
11
10000000
01000000
01110000
00012222
02011020
22222210
00222010
00000000
28
10000000
01000000
01110000
00012222
02011020
22212210
00222010
01020000
27
10000000
01000000
01110000
00012222
02011020
22112220
01222020
01020020
68
10000000
01020000
01120000
00022222
02021020
22122220
01221020
01020120
73
10000000
01020000
01120010
00022122
02022220
22122220
01221020
01020120
53
10000000
01020000
01111010
00021122
02021220
22122220
01222220
01020120
88
10000000
01022000
01112010
00022122
02022220
22122120
01222210
01020111
14
10000000
01022020
01112020
10022122
01022220
22122120
01222210
01020111
41
10010000
01222020
01122020
10022122
01022220
22122120
01222210
01020111
63
10012000
01222020
01112120
10022122
01012220
22122120
01222210
01020111
85
10012000
01222020
01222120
10222112
02021111
22122120
01222210
01020111
87
10012000
01222020
01222120
10222112
02021111
22222110
02222211
21020111
38
10222000
01222020
01222120
10222112
02021111
22221110
02212211
21120111
81
10222001
01222210
01222220
10222212
02021211
22221210
02212211
21120111
82
10222001
22222211
02222210
10222112
02021211
22221210
02212211
21120111
21
11222001
22122211
02212210
10221112
02021111
22221210
02222211
21122111
13
11222001
12122211
12212210
12221112
02021111
22221210
02222211
21122111
35
11222001
12122211
12112210
11121212
02111122
22111222
02121211
21122111
61
11111121
12121221
12112120
11121122
02111122
22111222
02121211
21122111
83
11111121
12121211
12212111
12121111
22111121
22111221
02121211
21122111
17
