00000000
00000000
00000000
00222000
00021000
00000000
00000000
00000000
33
00000000
00000000
00100000
00212000
00022200
00000000
00000000
00000000
64
00000000
00000000
00102000
00212100
00022200
00000000
00000000
00000000
66
00000000
00000000
00102000
00212100
00022100
00002100
00000000
00000000
42
00000000
02010000
00201000
00222100
00022100
00002100
00000000
00000000
43
00002000
02020000
00211000
00221100
00022100
00002100
00000000
00000000
57
00002000
02020000
00211000
00222220
00021100
00001100
00001000
00000000
63
00002000
02020000
00211100
00222120
00022100
00001200
00001020
00000000
24
00002000
02022000
00212200
01112120
00022100
00001200
00001020
00000000
88
00002000
02222000
00222200
01112120
00021100
00001100
00001010
00000001
62
00002000
02222100
00221100
01112120
00021200
00002100
00021010
00000001
46
00002000
02222200
00222220
01112120
00011200
00011100
00021010
00000001
75
00002000
02222200
00222220
01112120
00011220
00011120
00021010
00000001
84
00002000
02222200
00222220
01112111
00012210
00012120
00022010
00002001
68
00002000
02222200
00222220
01222111
00222210
00012120
00021010
00002101
38
00002000
02222200
00222220
02222111
20222110
00011120
00011010
00102101
11
10002000
01222200
00122220
02212111
20221110
00011120
00011020
00102221
23
10002000
01222200
01122220
02122111
20221110
00021120
00021020
00122221
87
10002000
01222200
01122220
02222111
22221110
00021110
00021021
00122221
26
10002000
01222200
01122220
01222111
22221110
21021110
00021021
00122221
37
10002000
01222200
01122220
01222211
22221120
21011112
00111021
00122221
61
10002100
01222100
01122120
01222111
22221120
22011112
20111021
00122221
31
10102100
01112100
01121220
01222121
22221122
22011112
20111021
00122221
83
10102100
01112100
01121111
01222111
22221122
22011112
20111021
02222221
27
12102100
02212100
02121111
02222111
22221122
22011112
22111021
02222221
36
12222100
02222100
02121111
02121111
22111122
22111112
22111021
02222221
18
12222100
02222220
02121121
02121121
22111122
22111112
21111021
11111111
82
12222102
02222222
02121112
02121122
22111122
22111112
21111021
11111111
13
12222102
02222222
12121112
22221122
22111122
22111112
21111021
11111111
71
12222112
22222112
22121112
22221122
22111122
22111112
21111021
11111111
67
