00000000
00000000
00000000
00021000
00012000
00000000
00000000
00000000
34
00000000
00000000
00000000
00111000
00222000
00000000
00000000
00000000
46
00000000
00000000
00002000
00122000
00212000
00010000
00000000
00000000
65
00000000
00000000
00202000
00222000
00211100
00010000
00000000
00000000
25
00000000
00000000
00202000
00222000
01121100
00020000
00020000
00000000
52
00000000
00001000
00201000
00221000
01221100
02020000
00020000
00000000
24
00000000
00001000
02201000
02211000
02221100
02020000
00020000
00000000
48
00000000
00001000
02201000
02222200
02211100
02010000
00010000
00010000
73
00000000
00001200
02202010
02222100
02211100
02010000
00010000
00010000
13
00000000
00001200
12202010
01222100
02221100
02210000
00010000
00010000
22
00000000
01001200
11122010
01222100
02221100
02210000
00010000
00010000
37
02000000
02001200
12122010
02122100
02121100
02110000
00110000
00010000
56
02000000
02001200
12122010
02122100
02111200
02111020
00110000
00010000
15
02000200
02002200
12122010
01122100
11111200
01111020
00110000
00010000
51
02001200
02001100
12121010
22221100
11111200
01111020
00110000
00010000
75
02001200
02021100
12221010
22221100
11111110
01111020
00110000
00010000
11
12001200
01021100
12121010
22222220
11111120
01111020
00110000
00010000
87
12001200
01021100
12121010
22222220
22111120
21111010
00110001
00010000
71
12001110
01221100
12221010
22222220
22111120
21111010
00110001
00010000
85
12001110
01221100
12221010
22222220
22112211
22222210
00110001
00010000
41
12011110
01211100
12211010
22212220
22112211
22222210
00210001
02010000
12
12011110
11211100
11211010
22112220
22112211
22222210
00220001
02210000
84
12011110
11211100
11211012
22111121
22112211
22222210
00220001
02210000
67
12011110
11211100
11211012
22111121
22112121
22221220
00220121
02210000
63
12011110
11211100
11211112
22111111
22112121
22221220
00220221
02210200
78
12011110
11211100
11211112
22111112
22112112
22221222
00220121
02210210
17
12011110
11211100
11211112
12111112
12112112
11222222
10222221
02210210
58
12011110
11211100
11211112
12111112
12111112
12121222
12211221
02211110
88
12011110
11222220
11211222
12112122
12121122
12221122
12211211
02211111
82
12011112
11111121
11211211
12112121
12121121
12221121
12211211
02211111
31
11111112
11111121
11211211
12112121
12121121
12221121
12211211
02211111
18
