00000000
00000000
00000000
00012000
00022000
00002000
00000000
00000000
66
00000000
00000000
00000000
00012000
00022200
00002100
00000000
00000000
64
00000000
00000000
00000000
00011100
00022220
00002100
00000000
00000000
84
00000000
00000000
00000000
00011101
00022210
00002200
00000200
00000000
46
00000000
00000000
00000000
00011101
00222210
00012200
00000200
00000000
24
00000000
00000000
00000000
01011101
00122210
00222200
00000200
00000000
68
00000000
00000000
00000000
01211101
00222110
00222100
00000100
00000100
47
00000000
00000000
00000000
01211101
00212110
00221100
00210100
00000100
25
00000000
00000000
00000000
01211101
01122110
00122100
00210200
00000120
28
00000000
00000000
00002000
01212101
01122110
00112100
00110200
01000120
62
00000000
00000100
00001000
01212101
01222110
00212100
00220200
01200120
88
00000000
00000100
00001000
01212101
01222110
00212200
00220220
01200111
58
00000000
00000100
20001000
02212101
01222110
00112200
00210220
01201111
23
00000020
00000200
21002000
01122101
01212110
00111200
00210120
01201111
27
00000020
00000200
21002000
01122201
01212120
00111202
01110120
01201111
76
00000020
00000200
21002000
01122201
01212120
00122212
01112110
01201111
73
00000020
00000200
21002210
01122201
01211220
00112212
01112110
01201111
74
00000020
00000200
21002210
01111111
01211110
00111212
01112222
01201111
42
00000020
00010200
21001210
01111111
01211110
00111212
22222222
01201111
51
00001020
00010100
21001222
01111121
01211210
00112212
22222222
01201111
18
00001020
00010100
22201222
01221121
01212210
00112212
21222222
11201111
72
00001020
00010112
22201122
01221211
01212210
00112212
21222222
11201111
48
00001020
00010112
22201122
02221211
02212210
02222112
21211222
11111111
81
00001021
00012111
22202121
02222211
02212210
02222112
21211222
11111111
32
00001221
00112211
22102221
02122211
02112210
02122112
21111222
11111111
43
00001221
02222211
22211111
02121211
02112110
02122112
21111222
11111111
85
00022221
02222211
22211111
02121211
02112111
02122111
21111221
11111111
21
21022221
02122211
21211111
01121211
01112111
01122111
21111221
11111111
12
22222221
12222211
21211111
01121211
01112111
01122111
21111221
11111111
16
22222221
12222211
22211111
22221211
01112111
11122111
11111221
11111111
15
