00000000
00000000
00000000
00012000
00022000
00002000
00000000
00000000
64
00000000
00000000
00002000
00012100
00022000
00002000
00000000
00000000
42
00000000
00010000
00001000
00012220
00022000
00002000
00000000
00000000
66
00000000
00010000
00001000
00222220
00021000
00002100
00000000
00000000
33
00000000
00010000
00121000
00222220
00021000
00002100
00000000
00000000
75
00000000
02010000
00221000
00222120
00021010
00002100
00000000
00000000
23
00000000
02010200
01112000
00222120
00021010
00002100
00000000
00000000
67
00000000
02010200
01112000
00122120
00012010
00002100
00002100
00000000
63
00000000
02012200
01112200
00122120
00012010
00002100
00002100
00000000
72
00002000
02012110
01112100
00121120
00012010
00002100
00002100
00000000
11
10002000
01012210
01112220
00121220
00012010
00002100
00002100
00000000
83
10002000
01022210
01211111
02221220
00012010
00002100
00002100
00000000
35
10002000
01022222
01211121
02211220
00112010
00002100
00002100
00000000
65
10002000
01022222
01221121
02221210
00222110
00022100
00002100
00000000
61
10002100
01022112
01221121
02221210
00222210
00022200
00002200
00000200
58
10002100
21022112
02221121
02221210
00221210
00021200
00001200
00001200
37
10002100
22222112
02221121
02221210
00221210
00011200
00101200
00001200
78
10002100
22222112
02221121
02221210
00221210
00222200
00101100
00001110
47
10002100
22222112
02221122
02221222
00221120
00221200
00111100
00001110
86
10002100
22222112
02221122
02221122
00222222
00221201
00111100
00001110
14
10002100
22222112
02221122
11111122
00222222
00221201
00211100
02001110
38
10002100
22222112
02221122
11111122
00122222
00221201
02111100
02101110
31
10122100
22222112
02121122
11111122
00122222
00221201
02111100
02101110
17
10122100
22222112
02121122
11111122
00122222
00221201
12111100
22101110
77
10122100
22222112
22121122
12111122
00221222
00221101
12111110
22101110
16
10122100
22222112
22121122
12111122
00221222
10222221
11111110
22101110
21
11122100
22122112
22111122
12111122
00221222
10222221
11122110
22221110
26
11122100
22122112
22111122
22111122
20121222
22111111
21222110
22221110
25
11122100
21122112
21111122
21111122
21121222
21111122
21222222
22221110
88
11122220
21122222
21112122
21121122
21221222
22111122
21222212
22221111
81
