00000000
00000000
00000000
00222000
00021000
00000000
00000000
00000000
35
00000000
00000000
00000000
00222000
00121000
00020000
00000000
00000000
57
00000000
00000000
00000000
00222000
00221000
00210000
00001000
00000000
43
00000000
00000000
00012000
00222000
00211000
00210000
00001000
00000000
65
00000000
00002000
00022000
00221000
00211100
00210000
00001000
00000000
23
00000000
00002000
01022000
00221000
02211100
00210000
00001000
00000000
51
00001000
00001000
01021000
00221000
02211100
00220000
00002000
00000200
24
00001200
00002000
01021000
01111000
02211100
00220000
00002000
00000200
71
00001110
00002200
01022000
01121000
02211100
00220000
00002000
00000200
15
00001110
00002200
01022000
01121000
11112100
00220200
00002000
00000200
47
00001110
00002200
01022000
01122200
11112200
00110200
00012000
00000200
63
00001110
00002100
01022100
01121200
11212200
02110200
00012000
00000200
41
00011110
00001100
01022100
01121200
11222200
02120200
00022000
00020200
67
00011110
00001100
01022100
01121100
11222100
02220100
02022100
00020200
18
00011110
00001100
01022100
01221100
12212100
22120100
01022100
10020200
58
00011110
00001100
01022100
01221100
12212100
22220100
01222100
10021200
28
00011110
00001100
21022100
02221100
12211100
22210100
01122100
11021200
78
00011110
00001100
21022220
02221100
12211100
22210100
01122100
11021110
74
00011110
00001100
21022120
02222110
12211200
22210120
01122100
11021110
83
00011110
00001100
21022111
02222210
12211220
22210220
01122100
11021110
33
00011110
00201100
21121111
01112210
12111220
22110220
01122100
11021110
17
00011110
00201100
21121111
01112210
12112220
11112220
11122100
11021110
14
00011110
00201120
21121221
11112220
11112220
11112220
11122100
11021110
38
00011110
00201120
21121221
11112222
11112120
11111220
11112100
11111110
82
00011112
00201122
21121212
11112122
11111120
11111220
11112100
11111110
21
01011112
00101122
21111212
11111122
11111120
11111220
11112220
11111110
86
01011112
20101122
22111212
11211122
11121110
11112111
11112210
11111110
11
11011112
10101122
12111212
11211122
11122222
11112121
11112210
11111110
87
11011112
12101122
12211212
11221122
11122122
11112111
11112211
11111110
31
