00000000
00000000
00000000
00021000
00012000
00000000
00000000
00000000
56
00000000
00000000
00000000
00021000
00012000
00001200
00000000
00000000
43
00000000
00000000
00010000
00011000
00012000
00022200
00000000
00000000
67
00000000
00000000
00010000
00011000
00222000
00021200
00000100
00000000
34
00000000
00000000
00210000
00221000
00212000
00021200
00000100
00000000
23
00000000
00000000
01110000
00121000
00212000
00022200
00002100
00000000
25
00000000
00000000
01110000
00121000
01212000
02022200
00002100
00000000
77
00000000
00000000
01110000
00111000
22211000
02022100
00002110
00000000
37
00000000
00000000
01110000
00111000
22211000
02012100
00102222
00000000
36
00000000
00000000
01110000
00111000
22111000
02112220
00102222
00000000
86
00000000
00000000
01110000
02111000
22211000
02121111
00102222
00000000
47
00000000
20000000
02110000
02211000
22221000
02112111
00112222
00000000
68
00000000
20000000
02110000
02211000
22221000
02122111
00221112
00020100
88
00000000
20000000
02110000
02211000
22221020
02122211
00222111
00020101
65
00000000
20020000
02220000
02221000
22221120
02122111
00222111
00020101
22
02000000
22020000
02120000
02211000
22221120
02122111
00222111
00020101
41
02010000
22210000
02210000
02211000
22221120
02122111
00222111
00020101
31
02110000
22110000
02110000
02111000
22121120
02122121
00222221
00020121
27
02110000
22110000
02110000
02111000
22121120
02122121
02211111
02020121
38
02110000
22110000
02110000
02111020
22121220
02122121
02111111
02120121
58
02110000
22222000
02120000
02211020
22121220
02122121
02111111
02111121
84
02110000
22222000
02120000
02222221
22122210
02122121
02111111
02111121
85
02222000
22222000
02120000
02222221
22122211
02122111
02111111
02111121
11
12222000
22222000
22120000
02222221
22122211
02122111
02111111
02111121
18
12222000
22222000
22120000
02222221
22122211
02122111
01111111
11111121
16
12222000
22222000
22120000
02222221
22222211
22122111
21111111
11111121
83
12222000
22222000
22120021
02222221
22222121
22121121
21111121
11111121
82
12222000
22222021
22120021
02222121
22221121
22111121
21111121
11111121
62
12222000
22222111
22122011
02222221
22221121
22111121
21111121
11111121
61
11111120
22222221
22122021
02222221
22221121
22111121
21111121
11111121
63
11111120
22221121
22111111
02221111
22211121
22111121
21111121
11111121
81
11111111
22221111
22111111
02221111
22211121
22111121
21111121
11111121
14
