00000000
00000000
00000000
00021000
00012000
00000000
00000000
00000000
56
00000000
00000000
00000000
00021000
00021000
00021000
00000000
00000000
33
00000000
00000000
00100200
00012000
00021000
00021000
00000000
00000000
37
00000000
00000000
00100200
00012000
00022000
00012000
00102000
00000000
64
00000000
00000000
00102200
00012100
00022000
00012000
00102000
00000000
42
00000000
00010000
00101200
00012100
00022000
00022000
00122000
00000000
62
00000000
00010100
00101100
00012100
00022000
00022000
02222000
00000000
66
00000000
00010100
00121100
00022100
00021000
00022100
02222000
00000000
48
00000000
00012100
00112100
00012100
00011000
00012100
02211000
00010000
28
00000000
00012100
02222100
00012100
00011000
00012100
02111000
01010000
65
00000000
00012100
02222100
00022100
00012100
00011200
02111020
01010000
67
00000000
00222100
02222100
00022100
00012100
00011100
02111120
01010000
13
00000000
00222100
11111100
00022100
00022100
00211100
02111120
01010000
25
00000000
00222100
11112100
00022200
01022220
00111100
02111120
01010000
18
00000000
00222100
11112100
00022200
01022220
00112100
01112120
11012000
51
00001020
00212200
11112100
00022200
01022220
00112100
01112120
11012000
22
02001020
01212200
11122100
00022200
01022220
00112100
01112120
11012000
87
02001020
01212200
11122100
00022200
01022220
02222100
01112111
11012000
16
02001020
01212200
12122100
20022200
02022220
11211100
01122111
11012000
68
02021020
01222200
12122100
20022200
02022220
11211100
01121111
11011100
73
02021020
01222100
12122110
20022100
02021220
11222220
01121111
11011100
34
22021020
02222100
12222110
20121100
01012220
11221220
01121111
11011100
74
22021020
02222102
12222120
20121210
01012110
11221210
01121111
11011100
84
22021020
02222102
12222110
20121211
01012120
11221222
01121111
11011100
38
22021020
22222102
22222110
20121211
01012120
11221222
01111111
11111100
85
22022220
22222202
22222210
20121211
01012111
11221211
01111111
11111100
35
22022220
22222202
22222222
20121211
01112111
11111211
01111111
11111100
31
22122220
22112202
22121222
20121111
01212111
12111211
21111111
11111100
15
22122220
22112202
22121222
20221121
11222121
11112221
21111221
11111120
24
22122220
22112202
22121222
21111122
11122122
11112222
21111222
11111122
81
22111111
22112202
22121222
21111122
11122122
11112222
21111222
11111122
72
