00000000
00000000
00000000
00222000
00021000
00000000
00000000
00000000
33
00000000
00000000
00120000
00222000
00021000
00000000
00000000
00000000
35
00000000
00000000
00120000
00122000
00112000
00002000
00000000
00000000
65
00000000
00000000
02220000
00222000
00121100
00002000
00000000
00000000
57
00000000
00000000
02220000
00222000
02221100
00001000
00001000
00000000
15
00000000
00000000
02220000
00222000
11112100
00002000
00002000
00002000
47
00000000
00000000
02220000
00222000
11112100
00001000
00222000
00002000
32
00000000
00100000
02222000
00122000
11112100
00001000
00222000
00002000
38
00200000
00200000
02222000
00122000
11112100
00001000
00212000
00102000
52
00200000
00201000
02222200
00121000
11111100
00001000
00212000
00102000
27
00200000
00201000
02222200
00221000
11121100
00002000
01112200
00102000
74
00200000
00201000
02222102
00221020
11121200
00002000
01112200
00102000
21
01200000
00101000
02212102
00221020
11221200
00202000
01122200
00102000
75
01200000
00101000
02212102
00221020
11221110
00202000
22222200
00102000
18
01220000
00202000
02212202
00221020
11211110
00102000
21222200
10102000
78
01220000
00202000
02212202
00221020
12211110
20101000
21222100
10102010
73
01220000
00202000
02211112
00221010
12212110
20101200
21222100
10102010
14
01220000
00202000
02211112
10221012
11212120
20101200
21222100
10102010
85
01220000
00202000
02211112
10221012
11212111
20101200
21222200
10102210
12
01220000
10202000
01211112
12221012
11212111
20101200
21222200
10102210
61
01220100
10201000
01211112
12221012
12212111
22101200
21222200
10102210
48
22220100
10201000
01211112
12221012
12212111
21101100
21121200
10111110
22
22220100
11201000
01111112
12211012
12211112
21101102
21121200
10111110
42
22222100
11121000
01211112
12211012
12211112
21101102
21121200
10111110
76
22222100
22121000
22211112
22211012
22211112
21101112
21121100
10111110
46
22222100
22121000
22212112
22222222
22211122
21111112
21111100
10111110
62
22222100
22122220
22211222
22212222
22111122
21111112
21111100
10111110
71
22222110
22122222
22211222
22212212
22111112
21111112
21111100
10111110
81
22222111
22122212
22211122
22221222
22112122
21111222
22222220
10111110
28
22222111
22122212
22211122
22221222
22112122
21111222
21122220
11111110
87
