00000000
00000000
00020000
00022000
00021000
00000000
00000000
00000000
53
00000000
00000200
00022000
00021000
00021000
00000000
00000000
00000000
34
00000000
00000200
00022000
00112000
00022000
00002000
00000000
00000000
66
00000000
00000200
02022000
00212000
00021000
00002100
00000000
00000000
57
00000000
00000200
02022000
00212000
00022200
00001100
00001000
00000000
64
00000000
00000200
02022200
00212100
00022100
00001100
00001000
00000000
32
00000000
00100200
02222200
00221100
00022100
00001100
00001000
00000000
36
00000000
00100200
02222200
00221200
00022200
00102200
00001200
00000000
35
00000000
00100200
02122200
02221200
00122200
00102200
00001200
00000000
14
00000000
20100200
02122200
11211200
00122200
00102200
00001200
00000000
71
00020010
20200100
02121200
11211200
00122200
00102200
00001200
00000000
13
00020210
20200200
11121200
11211200
00122200
00102200
00001200
00000000
72
00020210
20202210
11122100
11212200
00122200
00102200
00001200
00000000
51
00021110
20201210
11122220
11211200
00121200
00101200
00001200
00000000
74
00021110
20201210
11122110
11211110
00121100
00101200
00002200
00020000
58
00021110
20201222
11122110
11211110
00121100
00101200
00001200
00021000
76
00021110
20201222
11122110
11211110
00121100
00102110
00001200
00021020
11
10021110
10201222
11122120
11211220
00122220
00102210
00002200
00021020
42
10021110
10211222
11112120
11211220
00122220
00102210
00002200
00022220
21
11021110
10111222
11112120
11211220
00122220
00102222
00002200
00022220
83
11021110
12222212
11212111
11221220
00122220
00102222
00002200
00022220
87
11021110
12222212
11212111
11221220
00122120
00202212
02002201
00022220
85
11021110
12222212
12212111
12221210
02222111
00202211
02002201
00022220
18
11021110
12222212
12212122
12221222
02212121
00102211
01002201
10022220
46
11021110
12222212
12212122
11221222
02122221
00222111
01022201
10022220
26
11022222
12222222
12212222
11222222
01122221
01111111
01022201
10022220
31
11122222
11112222
12111222
11122122
01122211
01121111
01222201
10022220
38
11122222
11122222
12211222
12122122
22222211
02121111
01212201
10122220
88
11122222
11122222
12211222
12122122
22222221
02121221
01212221
10111111
16
11122222
11122222
12211222
12122122
11222221
12121221
22212221
10111111
28
