00000000
00000000
00000000
00021000
00012000
00000000
00000000
00000000
43
00000000
00000000
00012000
00012000
00012000
00000000
00000000
00000000
63
00000000
00000000
00211100
00021000
00012000
00000000
00000000
00000000
35
00000000
00000000
00211100
00011000
02222000
00000000
00000000
00000000
36
00000000
00000200
00212100
00021000
02212000
00100000
00000000
00000000
15
00000000
00020200
00222100
00021000
11112000
00100000
00000000
00000000
71
00000010
00020100
00221100
00012000
11112200
00100000
00000000
00000000
41
00010010
00010100
00222220
00012000
11112200
00100000
00000000
00000000
64
00010210
00010200
00221220
00011200
11112200
00100000
00000000
00000000
51
00011110
00012200
00222220
00012200
11112200
00100000
00000000
00000000
66
00011110
00012100
00222120
00012100
11121100
00200100
02000000
00000000
32
00011110
02222100
00212120
00011100
11121100
00200100
02000000
00000000
18
00011110
02222100
00222120
00021200
11122100
00120100
01000000
10000000
11
10011110
01222100
00222120
02011200
11221100
00120100
01000000
10000000
37
10011110
01222100
00222120
02011200
11221100
00210100
01200000
10200000
23
10011110
01122100
01111120
21011200
12221100
00210100
01200000
10200000
13
10011110
01122100
11111120
11011200
12221100
00220100
01220000
10200000
75
10011110
01122100
11121120
11211100
12221110
00220100
01220000
10200000
56
10211110
01222100
11221120
11211100
12211110
00221100
01220000
10200000
48
10211110
01222100
11221220
11222220
12211210
00212100
01220000
10210000
58
10211110
01222100
11221220
11222220
11211210
00112100
22210000
10211000
16
10211110
01222220
11221220
11222220
11211210
10112100
12210000
10211000
83
10211110
01222210
11221111
11222210
11212110
10122100
12222000
10211000
68
10211110
01222210
11221111
11222210
11112110
10112100
12221000
10222220
21
11111110
01122210
11211121
11221222
11112120
10112200
12222000
10222220
76
11111110
01122210
11211111
11221212
11112110
10111210
12222020
10222220
28
11111110
01122210
11211111
11221212
11112120
10111222
12122020
11222220
26
11111110
01122210
11211111
11221212
11122120
11112222
11122220
11222220
87
11111110
01122210
11211111
11221212
11122120
11112212
11111122
11222222
85
11111110
01122222
11211122
11221212
11122112
11112212
11111122
11222222
81
