00000000
00000000
00020000
00022000
00021000
00000000
00000000
00000000
33
00000000
00000000
00120000
00012000
00022200
00000000
00000000
00000000
66
00000000
00000000
00120000
00012000
00022200
00002100
00000000
00000000
53
00000000
00000000
00111000
00012000
00022200
00002200
00000020
00000000
88
00000000
00020000
00121000
00022000
00021200
00002100
00000010
00000001
35
00000000
00020000
02221000
00012000
00111200
00002100
00000010
00000001
13
00000000
00020000
11121000
00022000
00121200
00022100
00000010
00000001
37
00000000
00020000
11122000
00022200
00121200
00012100
00100010
00000001
57
00000000
00020000
11122000
00022200
00221200
02011100
00101010
00000001
51
00001000
00010000
11122000
00022200
00221200
02012200
00101210
00000001
24
00021000
00020000
11122000
01022200
00121200
02012200
00101210
00000001
15
00021000
00020000
11122000
01022200
10121200
01022200
00122210
00000001
68
00021000
00020000
11122000
01022200
10121200
01012200
00122210
00002101
73
00021000
00020000
11122010
01022100
10121200
01012200
00122210
00002221
52
00021000
00021000
11121010
01021100
12221200
01012200
00122210
00002221
31
00111000
00011200
11122010
01021100
12221200
01012200
00122210
00002221
75
00111000
00011200
11122010
01021100
12222222
01012200
00122210
00002221
34
00111000
00011202
11112020
01111200
12222222
01012200
00122210
00002221
36
00111000
00011202
11112020
01111200
12112222
01112202
00122220
00002221
14
00111000
00011202
11112020
11111200
11112222
22222202
00122220
00002221
27
00111000
00222202
11122020
11112200
11112222
21122202
01122220
00002221
74
00111000
00222202
11122020
11111110
11112222
21122202
01222220
02002221
87
00111000
00222202
11122220
11111220
11112222
21122202
01111111
02002221
72
00111020
00222222
11122120
11111220
11112222
21122202
01111111
02002221
61
02222220
00221122
11112120
11111220
11112222
21122202
01111111
02002221
83
02222220
00221122
11112211
11112210
11122122
21221202
02111111
22002221
81
02222221
00221121
11112211
11112210
11122122
21221202
02122111
22022221
11
11111111
00221121
11112211
11112210
11122222
21221222
02122221
22022221
17
11111111
02221121
12212211
12122210
12122222
12221222
12122221
22022221
38
11111111
22221121
22212211
22122210
22122222
22221222
21112221
22111111
84
