00000000
00000000
00000000
00222000
00021000
00000000
00000000
00000000
53
00000000
00000000
00001000
00221000
00022000
00000200
00000000
00000000
36
00000000
00000000
00001000
00221000
00222000
00100200
00000000
00000000
33
00000000
00000000
02101000
00221000
00122000
00100200
00000000
00000000
77
00000000
00000000
02101000
00222200
00121000
00100100
00000010
00000000
73
00000000
00000000
02101010
00222100
00221000
00200100
00200010
00000000
38
00000000
00000000
02101010
02222100
00121000
00100100
00100010
00100000
13
00000000
00200000
11201010
01222100
00121000
00100100
00100010
00100000
31
00100000
00100000
11101010
01122100
00121000
00200100
02100010
00100000
56
00100000
00100000
11101010
22222100
00111000
00201100
02100010
00100000
18
00100000
20100000
22101010
22222100
00111000
00101100
01100010
10100000
15
00100000
20100000
22101010
21222100
10121000
00102100
01100210
10100000
57
00100000
20100000
22101010
21222220
10121000
00101100
01101110
10100000
84
00120000
20200000
22101010
21111111
10121000
00101100
01101110
10100000
22
00120000
21200000
21101210
21112111
10121000
00101100
01101110
10100000
11
12220000
11200000
11101210
11112111
10121000
00101100
01101110
10100000
52
12220000
11202000
11101210
11112121
10121002
00101100
01101110
10100000
51
11111000
11201000
11101210
11112121
12221002
00101100
01101110
10100000
86
11111000
11201000
11101210
11112121
12222001
00102101
01102110
10102000
46
11111000
11201000
11101210
11112221
12222201
00111101
01102110
10102000
43
11111000
11101000
11111210
11112221
12222201
00222101
01122110
10102000
68
11111000
11101000
11111222
11112221
12122201
00212101
01121110
10102100
76
11111000
11101000
11111222
11111221
12122101
00222111
01221110
12102100
82
11111000
11101001
11111221
11111221
12122101
00222111
01222222
12102100
26
11111000
11101001
11111221
11111221
11122101
01111111
01222222
12222100
62
11111000
11101101
11111111
11111121
11122101
01111111
01222222
12222220
75
11111002
11101102
11111112
11111112
11122112
01111112
01222222
12222220
88
11111202
11101202
11111212
11111212
11122212
01111212
01222212
11111111
71
11111112
11121102
11122212
11121212
11122212
01111212
01222212
11111111
72
11111112
11121112
11122112
11221212
12122212
22222212
01222212
11111111
17
