00000000
00000000
00000000
00222000
00021000
00000000
00000000
00000000
33
00000000
00000000
00100000
00212000
00022200
00000000
00000000
00000000
66
00000000
00200000
00200000
00212000
00021200
00000100
00000000
00000000
24
00000000
00200000
00200000
22222000
00021200
00000100
00000000
00000000
53
00000000
00200200
00202000
22221000
00021200
00000100
00000000
00000000
64
00000000
00200200
00202200
22222100
00021100
00000100
00000000
00000000
42
00000000
00210200
00201200
22222100
00022220
00000100
00000000
00000000
84
00000000
00210200
00201200
22222101
00022210
00000200
00000020
00000000
46
00000000
00210200
00201200
22222101
00022210
00012200
00000020
00000000
43
00000000
00222200
00222200
22212101
00012210
00012200
00000020
00000000
23
00000000
00222200
01222200
22112101
00022210
00222200
00000020
00000000
73
00000000
00222200
01111210
22112221
00022210
00222200
00000020
00000000
47
00000000
20222200
02111210
22212221
00022210
00212200
00010020
00000000
31
00100000
20112200
02111222
22212221
00022210
00212200
00010020
00000000
76
00100000
20112200
02111222
22211221
00022110
00221110
00210020
00000000
61
00100100
20111100
02111122
22211121
00022110
00222222
00210020
00000000
88
00100100
20111100
02111122
22211122
00022222
00222122
00210010
00000001
26
00100100
20111100
02111122
22211122
00022222
01121122
00220010
00020001
38
00120100
20222100
02121222
22221122
00022222
01121122
00110010
00120001
22
00122100
21122200
02222222
22222122
00022222
01121122
00110010
00120001
87
00122100
21122200
02212222
22221122
00022122
01122212
00112011
00120001
25
02222100
21122200
01212222
21121122
01022122
01122212
00112011
00120001
35
02222100
21122200
01222222
21221122
02111122
22222212
00112011
00120001
68
02222100
21122200
01222222
22221122
22111122
22212212
00111011
00120101
72
22222100
22111110
01222112
22221112
22111112
22212212
00111011
00120101
58
22222100
22111110
01222112
22221112
22111112
22212222
00111211
00111101
13
22222100
22111110
11222112
21221112
22111112
22212222
02222211
00111101
82
22222102
22111121
11222211
21222111
22121111
22212221
02222211
00111101
71
22222112
22111111
11222211
21222111
22121111
22212221
02222221
00111121
17
22222112
22111111
11222211
11222111
12121111
12212221
12111111
02222221
18
