00000000
00000000
00000000
00021000
00012000
00000000
00000000
00000000
43
00000000
00000000
00210000
00021000
00012000
00000000
00000000
00000000
56
00000000
00000000
00210000
00021000
00021000
00021000
00000000
00000000
22
00000000
01000000
00110200
00012000
00021000
00021000
00000000
00000000
37
00000000
01000000
00110200
00012000
00022200
00011000
00100000
00000000
66
00000000
01200000
00120200
00012000
00021200
00011100
00100000
00000000
34
00000000
01200000
00120200
00122000
00021200
00022100
00120000
00000000
67
00000000
01200000
00120200
00122000
00021200
00221100
00120100
00000000
64
00000000
01200000
00120200
00211100
02021100
00221100
00120100
00000000
48
00000000
01200000
00120200
00211100
02021100
00212100
00110200
00010020
26
00000000
01200000
02220200
00211100
02021100
01112100
00110200
00010020
72
00000000
01200210
02220200
00211200
02021200
01112200
00110200
00010020
76
00000000
01200210
02220200
00211200
02022220
01111110
00110200
00010020
52
00000000
01201110
02220200
00211200
02022220
01211110
00120200
00012020
57
00000002
01201120
02220200
00211200
02022220
01211110
00111200
00012020
14
00000002
01201120
02220200
10211200
01022220
01111120
00111202
00012020
82
00000002
01201112
02220202
10211200
01022220
01111120
00111202
00012020
24
00000002
01201112
22220202
11111200
01022220
01111120
00111202
00012020
77
02000002
02201112
22220202
11111200
01022220
01111120
00111112
00012020
41
02010202
02102222
21220202
11111200
01022220
01111120
00111112
00012020
73
02010202
02102222
22220212
12111100
02021220
02211120
02222222
00012020
15
02210202
02202222
22220212
12111100
12021220
01211120
02122222
00012020
84
02222202
02202222
22220212
12111101
12021210
01211120
02122222
00012020
17
02222202
02202222
22220212
12111102
12021222
01211120
11122222
00012020
35
02222202
02202222
22220212
12112102
11121222
01211120
12122222
20012020
12
02222202
12202222
11220212
12212102
12121222
22211120
22122222
20012020
11
12222202
11202222
11120222
12212202
12122222
22221120
22222222
22012020
42
12222202
11112222
11110222
12212202
12122222
22221120
22222222
22222020
68
12222202
11122222
11112222
12222202
12222222
22211120
22221122
22222120
86
12222202
11122222
11112222
12222202
12222222
22211211
22221122
22222122
71
11111112
11122222
11112222
12222202
12222222
22211211
22221122
22222122
74
