00000000
00000000
00000000
00021000
00012000
00000000
00000000
00000000
56
00000000
00000000
00000000
00022200
00011000
00001000
00000000
00000000
33
00000000
00000000
00100000
00012200
00012000
00021000
00000000
00000000
36
00000000
00000000
00100000
00012200
00012000
00121000
00200000
00000000
74
00000000
00000000
00120000
00021110
00022000
00121000
00200000
00000000
32
00000000
00100000
00110020
00021210
00022000
00121000
00200000
00000000
66
00000000
00100000
00110020
00222210
00021000
00121100
00200000
00000000
28
00000000
00102000
00120020
00222210
00021000
00111100
00100000
01000000
24
00000000
00102000
00120020
01211110
02021000
00111100
00100000
01000000
14
00000000
00102000
00120020
11211110
01021000
00112100
00100200
01000000
72
02000000
00202010
00120010
11211110
01021000
00112100
00100200
01000000
53
02000000
00202010
00111010
11211110
01021000
02222100
00100200
01000000
68
02000000
00222010
00121010
11221110
01021000
02222100
00100100
01000100
31
02100000
00112010
00121010
11221110
01022000
02222200
00100120
01000100
65
02100000
00112010
00121010
11221110
02022100
22222100
00100120
01000100
62
02100000
02111110
00221010
11221110
02022100
22222100
00100120
01000100
86
02100000
02111110
00221010
11221110
02022100
22222101
00100210
01000120
88
02100000
02111110
00221010
11221110
02022100
22222101
00200210
01200111
48
02220000
02121110
00221010
11221110
02022100
22222101
00200210
01110111
27
02220000
02121110
00221010
11222222
01012100
21122101
01200210
01110111
47
02220000
02221110
02221010
11222222
01012100
21111101
01110210
01110111
63
02220000
02221110
02221110
11221122
01012100
21111101
01110222
01110111
76
02222000
02222210
02222120
11222122
01012100
21111111
01110212
01110111
13
02222000
02222210
11111120
11222122
01012102
21111122
01110212
01110111
61
02222100
02221110
11112120
11222222
01012222
21111122
01110212
01110111
35
02222100
02221110
11111120
11112222
01122222
21211122
02110212
21110111
12
02222100
11121110
11211120
12112222
22222222
21211122
02110212
21110111
11
11111100
11121110
11211120
12112222
22222222
22211122
22110212
21110111
83
11111100
11121110
11211111
12112211
22222121
22211121
22120211
22222111
57
11111100
11122222
11211121
12112211
22222121
22211121
22111111
22222111
71
