00000000
00000000
00000000
00012000
00022200
00000000
00000000
00000000
66
00000000
00000000
00000000
00222000
00021200
00000100
00000000
00000000
64
00000000
00000000
00000000
00222100
00022220
00000100
00000000
00000000
33
00000000
00000000
00100000
00212100
00022220
00002100
00000000
00000000
84
00000000
00200000
00200000
00212101
00022210
00002100
00000000
00000000
35
00000000
00200000
00200000
00212101
00111210
00002220
00000000
00000000
63
00000000
00200200
00200200
00211201
00111210
00002220
00000000
00000000
73
00000000
00200200
00200210
00222221
00111220
00002220
00000000
00000000
57
00000000
00200202
00200220
00222221
00111210
00001120
00001000
00000000
31
00100000
00100202
00100220
00122221
00111210
00001220
00001200
00000000
86
00100000
00100202
00100220
00122221
02222210
00001111
00001200
00000000
78
00100000
00100202
00100220
00122221
02222210
00001121
00001102
00000010
83
00100000
00100202
00100221
00122211
02222110
00022221
00001102
00000010
15
00100000
00100202
00100221
02222211
11211110
00022221
00001102
00000010
88
00100000
00120202
00200221
02222211
11211110
00022221
00001101
00000011
14
00100000
00120202
20200221
12111111
11211110
00022221
00001101
00000011
77
00100000
00120202
20220221
12121111
11221110
00022111
00001111
00000011
36
00100000
00120202
20220221
12121111
11121110
00121111
00021111
00000011
52
00100000
00111202
20210121
12121111
12221110
02221111
00021111
00000011
38
00102000
00121202
20210121
12121111
12221110
02221111
00011111
00100011
37
00102000
00121222
20210221
12122111
12121110
01111111
00111111
00100011
41
00112000
00111222
20210221
22122111
22121110
21111111
00111111
00100011
61
00111100
00111112
20210121
22122111
22221110
22111111
20111111
00100011
81
00111101
00111111
20210121
22122111
22222222
22111111
20111111
00100011
22
00111101
01111111
20110121
22112111
22221222
22211111
22111111
00100011
53
00111101
01111111
20111121
22111111
22221222
22221211
22222111
00120011
18
20111101
02111111
20211121
22121111
22212222
22121211
21222111
10120011
23
20111101
02111111
22111121
22121111
22212222
22121211
22222111
12220011
58
22111101
02211111
22121121
22122111
22212222
22121211
22211111
11111011
12
