00000000
00000000
00020000
00022000
00021000
00000000
00000000
00000000
35
00000000
00000000
00020000
00022000
00121000
00200000
00000000
00000000
53
00000000
00000000
00022200
00012000
00121000
00200000
00000000
00000000
62
00000000
00002100
00022200
00012000
00121000
00200000
00000000
00000000
64
00000000
00002100
00022100
00211100
00221000
00200000
00000000
00000000
32
00000000
00122100
00022100
00221100
00221000
00200000
00000000
00000000
27
00000000
00122100
00022100
00222100
00222000
00102000
01000000
00000000
26
02000000
00222100
00021100
00212100
00122000
01102000
01000000
00000000
41
02010000
00222220
00011200
00212100
00122000
01102000
01000000
00000000
65
02010000
00222220
00021200
00221100
00121100
01122000
01000000
00000000
61
02010100
00222120
00022100
00221200
00122220
01122000
01000000
00000000
76
02010100
00222120
00022100
00221200
00222120
01222010
01200000
00000000
82
02010100
00222111
00022100
00221200
00222120
02222010
22200000
00000000
51
02011120
00221211
00022100
00221200
00222120
02222010
22200000
00000000
23
02011120
20121211
02022100
00221200
00222120
02222010
22200000
00000000
24
02011120
20121211
02022100
01111200
00222120
02222020
22200020
00000000
25
02222220
20121211
02022100
01111200
01111120
02222020
22200020
00000000
38
02222220
20121211
02022100
01111200
01111120
02122020
22200020
00120000
16
02222220
20121221
02022220
01111200
01111120
11122020
21200020
00120000
57
02222220
20121221
02022220
01111200
01111220
11111220
21202020
00120000
14
02222220
20121221
21022220
12111200
01211220
11121220
21202020
00120000
88
02222220
20121221
21022220
12112200
01221220
11221120
22202010
20120001
58
02222220
20121221
21022220
12112200
01221220
11221120
22201020
20111021
11
12222220
10121221
11022220
12112200
01221220
11222220
22201220
20111021
74
12222220
10121221
11022120
12111110
01221220
11222220
22222220
20111021
85
12222220
10121221
11022120
12111210
01221121
11222222
22222120
20111021
28
12222220
10221221
11222120
12221210
01222121
11212222
21122120
21111021
87
12222220
10221221
11222120
12221222
01222121
11212211
21122111
21111021
83
12222220
10221221
11222111
12221211
22222121
21212211
21122111
21111021
68
12222220
12221221
12222111
12221211
22222121
21212211
21121111
21111111
81
