00000000
00000000
00020000
00022000
00021000
00000000
00000000
00000000
35
00000000
00000000
00020000
00022000
00121000
00020000
00000000
00000000
53
00000000
00000000
00021000
02011000
00221000
00020000
00000000
00000000
32
00000000
00100200
00012000
02021000
00221000
00020000
00000000
00000000
63
00000000
00120200
00021100
02021000
00221000
00020000
00000000
00000000
34
02000000
00220200
00021100
02111000
00221000
00020000
00000000
00000000
26
02000000
00220200
00021100
02211000
02221000
01020000
00000000
00000000
36
02000000
00220200
00022220
02211000
02211000
01120000
00000000
00000000
52
02000000
00221200
00022220
02222200
02212000
01120000
00000000
00000000
33
02000000
00221200
02222220
02122200
02112000
01120000
00000000
00000000
47
02000000
00221200
02222220
02122200
02122000
02210000
02010000
00000000
13
02000000
00221200
12222220
01122200
02122000
02222000
02010000
00000000
65
02020000
00222200
12222220
01122200
02111100
02221000
02010000
00000000
14
02020000
00222200
12222220
11222200
01121100
02122000
02010200
00000000
18
02020000
00222200
12222220
11222220
01121200
02122000
01010200
10000000
16
02020000
00222200
12222220
11222220
01221200
11222000
01210200
10000000
61
02020100
00221200
12212220
11122220
01221200
11222000
01222200
10000000
75
02020100
00221200
12212220
11122220
01221220
11222020
01222200
10000000
68
02020100
00221200
12212220
11122220
01121220
11212020
01222200
10002100
82
02020100
00221201
12212220
11122122
01121220
11212020
01222200
10002100
12
02020100
10221201
11212220
12122122
22221220
12212020
01222200
10002100
77
02020100
10221201
11212220
12122222
22222220
12222020
02211110
12002100
85
02020100
10221201
11212120
12122212
22222221
12222020
02211220
12002220
38
02020100
10221201
11212120
12122212
22122221
12122020
01221220
11122220
72
02020100
10221111
11212110
12122212
22122222
12122022
01221220
11122220
87
02020100
12221111
12212110
12121212
22122122
12122012
01221111
11122220
31
02120120
11121221
12112120
12121222
22122122
12122012
01221111
11122220
11
11120120
11121221
12112120
12121222
22122122
22122012
22221111
11122220
83
11120122
11121221
12112211
12122211
22122121
22122011
22221111
11122220
51
11111122
11111122
12112212
12122212
22122122
22122012
22221112
11122222
66
