00000000
00000000
00000000
00021000
00012000
00000000
00000000
00000000
43
00000000
00000000
00012000
00012000
00012000
00000000
00000000
00000000
63
00000000
00002000
00012100
00012000
00012000
00000000
00000000
00000000
65
00000000
00002000
00012220
00011000
00011100
00000000
00000000
00000000
51
00021000
00002000
00011220
00011000
00011100
00000000
00000000
00000000
61
00021100
00001000
00222220
00011000
00011100
00000000
00000000
00000000
74
00021100
00001000
00222120
00021010
00021100
00020000
00000000
00000000
31
00111100
00001000
00222120
00021010
00022100
00020200
00000000
00000000
72
00111100
00001010
00222110
00021010
00022220
00020200
00000000
00000000
34
00111100
00201010
00222110
00112010
00022220
00020200
00000000
00000000
76
00111100
00201010
00222110
00112012
00022220
00020210
00000000
00000000
77
00111100
00201010
00222110
00222012
00221220
00020110
00000010
00000000
21
01111100
00101010
00212110
00221012
00221120
00020120
00000020
00000020
85
01111100
00121010
00222110
00221012
00221111
00020120
00000020
00000020
83
01111102
00121020
00222211
00222011
00221111
00020120
00000020
00000020
88
01111102
02221020
00222211
00222011
00221111
00020120
00000010
00000021
87
01111102
02222220
00222211
00222011
00221111
00020110
00000011
00000021
68
01111102
02222220
00222211
00222011
00222111
00022110
00000011
00000111
57
01111102
02221220
00221211
00221011
00221111
00022110
00001211
00000111
11
11111102
01221220
00121211
00211011
00221111
00022110
00002211
00002111
24
11111102
01221220
00121211
01111011
00121111
00022110
00022211
00002111
48
11111102
01221220
00221211
01212011
00221111
00222110
00011211
00011111
37
11111102
01121220
00122211
01122011
00221111
02222110
00111211
00011111
82
11111102
01121111
00122211
22222011
00221111
02222110
00111211
00011111
16
11111102
01121111
02222211
22222011
00221111
11111110
00111211
00011111
13
11111102
01121111
11111111
21222011
00221111
12111110
20111211
00011111
18
11111102
22221111
22111111
21222011
00221111
12111110
10111211
10011111
15
11111102
12221111
12111111
12222011
12221111
11111110
10111211
10011111
64
11111102
12221111
12111111
11111111
12221111
12211110
12222211
10011111
28
11111122
12221211
12112111
11121111
11221111
11211110
11122211
11011111
38
