00000000
00000000
00020000
00022000
00021000
00000000
00000000
00000000
33
00000000
00000000
00120000
00012000
00022000
00002000
00000000
00000000
64
00000000
00000000
00120200
00012100
00022000
00002000
00000000
00000000
53
00000000
00002000
00112200
00012100
00022000
00002000
00000000
00000000
46
00000000
00202000
00122200
00012100
00011000
00012000
00000000
00000000
67
00000000
00202000
00122200
00022100
00021000
00021000
00020100
00000000
35
00000000
00202000
00122200
00022100
00211000
02021000
00020100
00000000
51
00001000
00201000
00121200
00022100
00221000
02221000
00020100
00000000
37
00001200
00202000
00121200
00022100
00221000
02211000
00120100
00000000
73
00001200
00202000
00121110
00022100
00221000
02211000
02220100
00000000
17
00001200
00202000
00121110
00012100
02221000
02211000
12220100
00000000
31
00101200
00102000
00121110
00012100
02222200
02212000
12220100
00000000
66
00101200
00102000
00121110
00012100
02222100
02222100
12222100
00000000
48
00101200
00102000
02221110
00012100
02212100
02212100
12211100
00010000
71
00101110
00102000
02221110
00012100
02212100
02222100
12212100
00010200
22
00101110
01102200
02122210
00022200
02212200
02222200
12212200
00010200
58
00101110
01122200
02122210
00021200
02211200
02221200
12211200
00011200
75
00101110
22222200
02121210
00021100
02211110
02221100
12211200
00011200
24
00101110
22222200
02121210
01021100
02111110
02211100
12211200
00222200
14
00101110
22222200
02221210
12021100
21111110
02111100
12211200
00222200
13
00101110
21222200
11112210
11021200
21111120
02111102
12211200
00222200
78
00101110
21222200
11112210
11021200
21112120
02111202
12222220
00222210
28
00101110
21222200
11112210
11022200
21122120
01211202
12122220
21111110
11
10101110
11222200
11112210
11022200
21122220
01211222
12122220
21111110
87
10101110
11222202
11112220
11021200
21122120
01211212
12111111
21111110
16
10101110
11222202
11112220
11021200
11122120
11211212
11111122
22222222
21
11101110
11122202
11112220
11021200
11122122
11211222
11111222
22222222
83
11101110
11122202
11121111
11221200
11222122
11211222
11111222
22222222
84
11101110
11122222
11121211
11222201
11222112
11211122
11111222
22222222
74
11101110
11122222
11121211
11111111
11222112
11211122
11111222
22222222
41
11111110
11111222
11111111
11111111
11222112
11211122
11111222
22222222
81
