00000000
00000000
00000000
00021000
00012000
00000000
00000000
00000000
43
00000000
00000000
00010000
00011000
00222000
00000000
00000000
00000000
66
00000000
00000000
00010200
00012000
00221000
00000100
00000000
00000000
26
00000000
00000000
00010200
00012000
00122000
01002100
00000000
00000000
64
00000000
00000000
00010200
00011100
02222000
01002100
00000000
00000000
57
00000000
00000000
00010200
00011100
02221000
01002100
00001200
00000000
68
00000000
00000000
00010200
00011100
02221000
01002220
00001100
00000100
62
00000000
00000100
00012100
00022100
02222000
01002220
00001100
00000100
46
00000000
00000100
00012100
00012220
02211000
01012220
00001100
00000100
52
00000000
00001100
00011100
00011220
02211000
01012220
00002200
00002100
86
00000020
00001200
00012100
00021220
02211000
01011111
00002200
00002100
65
00000020
00001200
00012100
00021120
02211100
01011111
00002200
00002220
72
00000020
00021110
00022100
00021120
02211100
01011111
00002200
00002220
31
00100020
00011110
00021100
00021120
02222220
01011211
00002200
00002220
33
00100020
00011110
00111100
00021120
02222220
01021211
00202200
00002220
47
00100020
00211110
00121100
00012120
02212220
01011211
00212200
00002220
77
00100022
00211120
00121200
00012120
02211220
01011111
00211110
00002220
21
01100022
00111120
00111200
00011120
02211120
02011111
02211110
00002220
17
01100022
00111120
00111200
00011120
02111120
01011211
11112110
00022220
83
01100022
00111120
00111201
00012110
02121120
01222211
11122110
00022220
34
01100022
00111120
00111221
00112220
02112120
01221211
11122110
00022220
82
01100022
00111111
00111211
00112120
02111120
22211211
11122110
00022220
85
01102022
00112111
00112111
00112110
02111111
22211211
11122110
00022220
38
01102022
00112111
02222111
00212110
02121111
22212211
11112210
00122220
24
01102022
00112111
02122111
01112110
01121211
21212221
11112222
00122220
13
01102022
00112212
11122122
01112222
01121222
21212222
11112222
00122220
61
01102122
00111112
11112122
22222222
02121222
21212222
11112222
00122220
88
01102122
02222222
12212122
22222222
02121222
21212122
11112212
00111111
12
01102122
12222222
11212122
22122222
02112222
22221122
12212112
02111111
11
11102122
11222222
11112122
22112222
02111222
22221122
22212112
22111111
15
11102122
11222222
11112122
11112222
11111222
21221122
22112112
22111111
41
