00000000
00000000
00000000
00021000
00012000
00000000
00000000
00000000
43
00000000
00000000
00010000
00011000
00222000
00000000
00000000
00000000
26
00000000
00000000
00010200
00012000
00122000
01000000
00000000
00000000
66
00000000
00000000
00010200
00012000
00122200
01000100
00000000
00000000
46
00000000
00000000
00010200
00012000
00112200
01010200
00000200
00000000
76
00000000
00000000
00010200
00011000
02222100
01010210
00000200
00000000
77
00000000
00000000
00010200
00011000
02221100
02010110
20000210
00000000
57
00000000
00020000
00020200
00021000
02221100
02010110
20001110
00000000
41
00010000
00010000
00010200
00011000
02211100
02020110
20002110
00000200
48
00010000
00010000
00010200
00011000
02211100
02020112
20001120
00010200
47
00010000
00010000
00010200
00011000
02222220
02010122
20011120
00010200
56
00010000
00010000
00010200
00011000
02221220
02012122
20011220
00010220
15
00010000
00010000
00010200
00211000
11121220
02012122
20011220
00010220
88
00010000
00010000
00010200
00222200
11121220
02012122
20011210
00010221
74
00010000
00010000
00010200
00222220
11122222
02011122
20011210
00010221
73
00010000
00012000
00020210
00222110
11121212
02011112
20011210
00010221
33
00010000
00012020
00120220
00112120
11121222
02011122
20011220
00010221
53
00010000
00012220
00112220
00121120
11221222
02011122
20011220
00010221
87
00010000
00012220
02222220
00221120
11221122
02011112
20011111
00010221
12
00010000
10012220
01222220
02221120
12211122
02011112
20011111
00010221
71
00010010
10012210
01222210
02222110
12221112
02222222
20011111
00010221
14
00010012
10012220
01222210
11111110
11221112
02122222
20011111
00010221
51
00011012
10011120
22221210
12111110
11221112
02122222
20011111
00010221
58
00011012
10011120
22221222
12111120
11221212
02122222
20011111
00011111
32
00011012
10111120
21111222
12111120
11221212
02122222
20021111
00211111
37
00011012
10111120
21111222
12111220
11222212
01122222
20211111
02211111
84
00011012
10111122
21111222
12111211
11222211
01122221
20211111
02211111
27
02011012
10211122
21121222
12112211
11222211
01122221
21111111
02211111
31
02111012
12222222
22221222
12122211
11222211
01122221
21111111
02211111
61
02111112
12221122
22211122
22122111
21222111
22222121
22111111
02211111
18
02111112
12221122
12211122
12121111
11212111
12122121
11111111
11111111
11
