00000000
00000000
00000000
00021000
00012000
00000000
00000000
00000000
56
00000000
00000000
00000000
00022200
00011000
00001000
00000000
00000000
53
00000000
00000000
00001000
00021200
00012000
00001200
00000000
00000000
75
00000000
00000000
00001000
00021100
00012010
00002200
00002000
00000000
35
00000000
00000000
00201000
00021100
00112010
00002200
00002000
00000000
65
00000000
00000000
00201000
00022220
00111210
00002200
00002000
00000000
67
00000000
00020000
00202000
00022220
00111210
00001200
00002100
00000000
62
00000000
00020100
00201000
00012220
00111210
00001200
00002220
00000000
84
00000000
00020100
00221000
00012111
00111210
00001200
00002220
00000000
88
00000000
00020100
00221000
00022111
00121210
00021100
00002210
00000001
36
00000020
00020200
00222000
00022111
00121210
00111100
00002210
00000001
31
00102020
00020200
00221000
00022111
00121210
00111100
00002210
00000001
47
00102020
00020200
00222200
00022211
00121210
00111100
00011110
00000001
34
00102020
00020200
00222200
00111111
00111210
00112100
00021110
00200001
32
00102020
00120200
00212200
02111111
00111210
00112100
00021110
00200001
73
00102020
00120200
00211110
02211111
00211210
00212100
00221110
00200001
28
00102020
00120200
00211110
02211111
00211210
00212220
00121110
01200001
85
00102020
00120200
00211110
02211111
00211211
00212210
02221110
01200001
17
02102020
00220200
00221110
02212111
00211211
00212210
11111110
01200001
22
02102020
22220200
00121110
02212111
00211211
00212210
11111110
01200001
41
02112020
22210200
00111110
02212111
00211211
00212210
11122110
01202001
61
02111120
22210100
00111110
02212111
00211211
00212210
12122110
22202001
23
02111120
22110100
01111110
02112111
00211211
00212222
12122110
22202001
25
02111120
22110200
02112110
02122111
02211211
02212222
12122110
22202001
15
02111120
22222200
02112110
01122111
11111211
01212222
12122110
22202001
11
11111120
21222200
02112110
22222111
12111211
01212222
12122110
22202001
16
11111120
21222220
02112220
22122121
11111221
11212222
12122110
22202001
83
11111120
21222210
02111111
22122121
11111221
11212222
12122220
22202201
81
11111111
21222222
02111122
22122222
11112222
11222222
12222220
22202201
78
11111111
21222212
02111112
22122212
11112212
11221222
12222222
22202211
13
11111111
11222212
11111112
11122212
11112212
11221222
12222222
22202211
48
