00000000
00000000
00020000
00022000
00021000
00000000
00000000
00000000
35
00000000
00000000
00020000
00022000
00121000
00020000
00000000
00000000
37
00000000
00000000
00020000
00022000
00221000
02010000
00100000
00000000
42
00000000
00010000
00010000
00012000
00211000
02010000
00200000
00020000
63
00000000
00010000
00012100
00021000
00211000
02010000
00200000
00020000
52
00000000
00011000
00011100
00022200
00212000
02020000
00200000
00020000
56
00000000
00011200
00012200
00021200
00211000
02021000
00200000
00020000
74
00020000
00021200
00022100
00021110
00211000
02021000
00200000
00020000
72
00020020
00021210
00022100
00021110
00211000
02021000
00200000
00020000
28
00020020
00021210
00022100
00022110
00212000
02022000
00102000
01020000
58
00020020
00021210
00021100
00021110
00212000
02022200
00102000
01021000
38
00020020
00021210
00021200
00022210
00212200
02022200
00102000
01111000
15
00020020
00021220
00021220
00022210
10212200
01022200
00102000
01111000
67
00020020
00021220
00021220
00022220
10212220
01021200
00102100
01111000
34
00020020
00021220
00222220
00222220
10212220
01021200
00102100
01111000
23
00020020
00021220
01222220
00222220
12212220
01021200
00102100
01111000
83
00020020
02021220
01211111
00222210
12212120
01021200
00102100
01111000
51
00021020
02021120
01211111
00222210
12212220
01021220
00102100
01111000
86
00021020
02021120
01211111
00222110
12222210
01221111
00102100
01111000
24
00021020
02011120
01111111
01111110
11222210
02221111
20102100
01111000
16
00021020
02011120
02111111
02111110
12222210
12211111
22102100
01111000
18
00021020
02012120
02111211
02111120
12212222
12111111
11102100
11111000
84
00021020
02012120
02111221
02111121
12212221
12111221
11102220
11111000
11
10021020
01022120
02121221
02121121
12222221
12222221
11122220
11111000
32
10022220
01112220
02121221
02221121
12222221
12222221
11122220
11111000
81
12022221
02212210
02121121
02221121
12222221
12222221
11122220
11111000
82
12222221
02222211
02122111
02221221
12222221
12222221
11122220
11111000
13
12222221
02222211
12122111
22221221
12222221
12222221
11122220
11111000
68
12222221
22222211
22122111
21221121
12122121
12212121
11121110
11111100
87
12222221
22222211
22122111
21221121
12122121
12212211
11121121
11111102
78
