00000000
00000000
00000000
00021000
00012000
00000000
00000000
00000000
65
00000000
00000000
00000000
00021000
00012100
00000200
00000000
00000000
43
00000000
00000000
00210000
00021000
00012100
00000200
00000000
00000000
23
00000000
00020000
01120000
00021000
00012100
00000200
00000000
00000000
67
00000000
00020000
01120000
00021000
00012100
00000200
00000120
00000000
51
00001000
00010000
01120000
00022200
00012200
00000200
00000120
00000000
88
00001000
00010000
01120000
00012200
00012200
00002100
00000110
00000001
63
00001000
00010000
01120120
00011200
00012100
00002100
00000110
00000001
83
00001000
02010000
01220111
00021200
00012100
00002100
00000110
00000001
46
00021000
02020000
01220111
00021100
00011100
00011100
00000110
00000001
53
00021000
02020000
01111111
00022220
00011100
00011100
00000110
00000001
31
00111000
02210000
01121111
00022220
00011100
00011100
00000110
00000001
85
00111000
02210000
01121111
00022210
00012101
00021100
00200110
00000001
21
01111000
01110000
01111111
00021210
00012101
00022100
00202110
00000001
58
01111000
01110000
01111111
00021210
00011101
00022220
00201110
00001001
28
01111000
01110000
01111111
00021210
00011101
00012220
00101220
01001021
34
01111000
01110000
01111111
00111210
00011101
00012220
00122220
01001021
75
01111000
01112000
01112111
00112110
00012111
00012220
00122220
01001021
48
01111000
01112000
01112111
00112110
00012111
00012120
00121220
01211021
36
01111000
01112000
01112111
00112110
00012111
02222120
00111220
01211021
16
01111000
01112000
01112111
00112210
00012121
11111122
00111220
01211021
68
01111000
01112000
01112111
00112210
00022121
11211122
02222220
01211111
62
01111000
01111100
01111111
00112210
00222121
11221122
02222220
01211111
87
01111000
01111100
01111111
00112210
00222121
11221111
02222221
22211111
17
21111000
02111100
01211111
00122210
00222121
11221111
11111111
22211111
13
21111000
01111100
11211111
00122210
20222121
21221111
21111111
22211111
24
21111000
01111102
11111121
01122210
20122121
21211111
21111111
22211111
81
21111001
01111121
11111221
01122210
20122121
21211111
21111111
22211111
25
22222201
01112221
11121221
01222210
22122121
21111111
21111111
22211111
71
22222211
01212111
12121211
22222210
22122121
21111111
21111111
22211111
84
