00000000
00000000
00000000
00222000
00021000
00000000
00000000
00000000
53
00000000
00000000
00001000
00221000
00022200
00000000
00000000
00000000
76
00000000
00000000
00001000
00221000
00022220
00000010
00000000
00000000
35
00000000
00002000
00002000
00212000
00122220
00000010
00000000
00000000
66
00000000
00002000
00002000
00212000
00121220
00000120
00000020
00000000
84
00000000
00002000
00002000
00222001
00221210
02000120
00000020
00000000
88
00000000
00002000
00002000
00222001
00221210
02000120
00000020
00000021
86
00000000
00002000
00002000
00222021
00221220
02000121
00000020
00000021
33
00000000
00202000
00202000
00212021
00221220
02000121
00000020
00000021
17
00000000
00202000
00222000
00222021
00121220
01000121
10000020
00000021
68
00000000
00202000
00222000
00222021
02221220
01000121
10000010
00000111
24
00000000
00202000
00222000
01222021
01221220
01000221
10002010
00000111
42
00000000
00212000
00122000
22222021
01221220
01000221
10002010
00000111
31
00102000
00122000
00222000
22222021
01221220
01000221
10002010
00000111
22
00102000
01122000
00122000
22212021
01222220
01002221
10002010
00000111
73
00102000
01122000
02222010
22212011
01222210
01002211
10002010
00000111
61
00102220
01121000
02212010
22112011
01222210
01002211
10002010
00000111
41
00112220
01111000
02212012
22112021
01222210
01002211
10002010
00000111
48
00112220
01111020
02212022
22112021
01222210
01002111
10001010
00010111
15
20112220
02111020
02212022
21122021
11222210
01002111
10001010
00010111
81
20111111
02111020
02212022
21122021
11222210
01002211
10001210
00010111
21
21111111
01111020
01212022
21122021
12222210
01202211
10001210
00010111
82
21111111
01111021
22212021
22122021
12222210
01202211
10001210
00010111
16
21111111
01111021
22212021
22122021
11222222
11202221
10001210
00010111
37
21111111
01111021
22212021
22122021
11122222
11102222
10101222
00010111
63
21111111
01111011
22211111
22121021
12112222
12102222
12101222
00010111
64
21111111
01111011
22211111
22121111
12112122
12102122
12102222
00012111
18
21111111
01111211
22212211
22121211
12112222
12102222
11102222
10012111
46
21111111
01111211
22212211
22121111
12111222
12112222
12101222
12012111
38
21111111
01111211
22212211
22121111
12121222
12222222
11122222
11112111
12
