00000000
00000000
00000000
00012000
00022000
00002000
00000000
00000000
46
00000000
00000000
00000000
00012000
00022000
00222000
00000000
00000000
64
00000000
00000000
00000020
00011200
00022000
00222000
00000000
00000000
47
00000000
00000000
00000020
00222200
00022000
00212000
00010000
00000000
65
00000000
00000000
00000020
00222200
00022100
00221000
00210000
00000000
26
00000000
00000000
00000020
00222200
00022100
01121000
00220000
00020000
58
00000000
00000000
00000020
00222200
00022200
01121020
00210000
00021000
23
00000000
00000000
01000020
00122200
00012200
01122020
00222000
00021000
38
00000000
00000000
01000020
00122200
00222200
01122020
00122000
00111000
74
00000000
00000000
01000020
00111110
00222100
01122020
00112200
00111000
85
00000000
00000000
01000220
00112110
00222101
01122010
00112100
00111000
62
00000000
00000100
01000120
00112222
00222101
01122010
00112100
00111000
82
00002000
00000201
01000120
00112122
00221101
01112010
00112100
00111000
24
00002000
00000201
01000120
01112122
00121101
01112010
00112220
00111000
78
00002000
00000201
01002220
01112122
00111101
01111010
00112110
00111010
52
00002000
00022201
01001120
01111112
00111101
01111010
00112110
00111010
31
00102000
00012201
21001120
02111112
00211101
01121010
00112110
00111010
41
00112000
00011201
21001120
02111112
00211102
01121012
00112110
00111010
66
00112000
00011201
21001220
02111212
00211202
01121212
00112220
00111210
72
02222000
00011111
21001110
02111212
00211202
01121212
00112220
00111210
88
02222020
00011211
21002110
02121212
00211202
01121112
00112210
00111211
25
02222020
00011211
21002110
01121212
22222202
01121112
00112210
00111211
61
02222120
00011111
21002110
01121212
22222202
22221112
00112210
00111211
17
02222122
00011121
21001210
01112212
22122202
21221112
10112210
00111211
75
02222122
02011121
22001210
02112112
22111112
21221112
10112210
00111211
12
02222122
12021121
22201210
02212112
22211112
21221112
10112210
00111211
14
02222122
12021121
12201210
11112112
11211212
11121122
10112222
00111211
83
02222122
12021111
12201211
11112111
11211211
11121121
10212221
02222211
11
11111122
11221111
12201211
11212111
11211211
11121121
10212221
02222211
18
11111122
11221111
12201211
12212111
12221211
12221121
12212221
11111111
43
