00000000
00000000
00000000
00021000
00012000
00000000
00000000
00000000
43
00000000
00000000
00010000
00011000
00222000
00000000
00000000
00000000
36
00000000
00000000
00012000
00022000
00212000
00100000
00000000
00000000
65
00000000
00000000
00012000
00022000
00212100
00102000
00000000
00000000
25
00000000
00000000
00012000
00022000
01112200
00102020
00000000
00000000
75
00000000
00000000
00012000
00022000
01112110
00102220
00000000
00000000
57
00000000
00000000
00012000
00022000
01112222
00102120
00001000
00000000
86
00000000
00000000
00012000
00022000
01122222
00122111
00001000
00000000
47
00000000
00000000
00012000
00012000
01112222
00112211
00012000
00020000
62
00000000
00000100
00011000
00012000
01112222
00112221
00012020
00020000
68
00000000
00000100
00011000
00012000
01112222
00112221
00021010
00220100
58
00000000
00000100
00011000
00012000
01112222
00112222
00011012
00221100
28
00000000
00002100
00012000
00012000
01112222
00112222
00011012
01111100
64
00000000
00002100
00012000
00011100
01111222
00112222
00011022
01111120
84
00000000
00002100
00012200
00011201
01111212
00112122
00011022
01111120
42
00002000
00012100
00012200
00012101
01112212
00112122
00011022
01111120
88
00002000
00012200
00012220
00012201
01112211
00112121
00011011
01111111
71
00202010
00022100
00012220
00012201
01112211
00112121
00011011
01111111
61
00202110
00022220
00012220
00012201
01112211
00112121
00011011
01111111
74
00202110
00022210
00022210
00211111
01112111
00111121
00011011
01111111
33
00202110
00022210
00121110
00211111
02112111
20111121
00011011
01111111
24
00202110
00022210
00221110
02111111
22112111
20111121
00011011
01111111
41
00222222
00011210
00211110
02111111
22112111
20111121
00011011
01111111
14
00222222
00222210
00221110
11112111
21112211
20111121
00011011
01111111
22
00222222
02111110
20121110
21112111
21112211
20111121
00011011
01111111
12
00222222
11111112
20121120
21112211
21112211
20111121
00011011
01111111
67
00222222
11211112
20221120
21212211
21212211
20221111
00211111
01111111
26
20222222
22211112
20221120
21212211
21112211
21111111
00111111
01111111
21
21222222
22111122
20211122
21211211
21112111
21111111
00111111
01111111
23
21222222
21111122
21111222
21112211
21122111
21211111
02111111
01111111
17
