00000000
00000000
00000000
00021000
00012000
00000000
00000000
00000000
43
00000000
00000000
00210000
00021000
00012000
00000000
00000000
00000000
65
00000000
00000000
00210000
00022200
00011100
00000000
00000000
00000000
23
00000000
00000000
01110000
00022200
00011200
00000020
00000000
00000000
53
00000000
00000000
01111000
00021200
00022200
00020020
00000000
00000000
35
00000000
00000000
01111000
00222200
00122200
00020020
00000000
00000000
75
00000000
00000000
01111000
02222100
00211110
00020020
00000000
00000000
63
00000000
00000200
01112100
02221100
00211110
00020020
00000000
00000000
25
00000000
00200200
01122100
01122100
01111210
00020020
00000000
00000000
42
00020000
00220200
01121100
01122100
01121210
00020020
00000000
00000000
36
00020000
00220200
01121100
01121100
01111222
00120020
00000000
00000000
52
00020000
00221200
01111100
01121100
01112222
00120220
00000000
00000000
51
00021000
00211200
02111100
22221100
01112222
00120220
00000000
00000000
61
00021100
00211100
02111100
22221100
02112222
20120220
00000000
00000000
37
00021100
00211100
02111100
22221100
02121222
20220220
00120000
00000000
13
00021100
00222220
11111200
21222100
02121222
20220220
00120000
00000000
21
01021100
00122220
11111200
21222220
02121222
20220220
00120000
00000000
26
01021100
00122220
11111200
21222220
01122222
21222220
00120000
00000000
57
01221100
00222220
11211200
21221220
01121222
21211220
00111000
00000000
71
01221110
00222120
11211200
21221220
01221222
22211220
20111000
00000000
87
01221110
02222120
12211200
22221220
02221122
22211210
20111001
00000000
11
11221110
01222120
12111200
22211220
02221122
22211222
20111001
00000000
67
11221110
01222120
12111200
22211220
02221122
22211122
20111102
00000002
84
11221110
01222120
12111220
22211121
02221122
22211122
20111102
00000002
15
11221110
01222120
12112220
11212121
11112122
21212122
20122202
00002002
81
11221111
01222110
12112120
11211121
11112122
21212222
20122222
00002002
68
11221111
01222110
12112120
11211121
11112122
21212122
20121222
00002222
18
11221111
01222222
12112120
11211121
11112122
11212122
10121222
10002222
83
11221111
01222211
12112111
11211111
11112122
11212222
10122222
10022222
12
11221111
11222211
11112111
11111111
11112122
11212222
10222222
10222222
28
