00000000
00000000
00000000
00021000
00012000
00000000
00000000
00000000
56
00000000
00000000
00000000
00022200
00011000
00001000
00000000
00000000
43
00000000
00000000
00010000
00012200
00021000
00201000
00000000
00000000
35
00000000
00200000
00020000
00012200
00111000
00201000
00000000
00000000
53
00000000
00220000
00022000
00011200
00111000
00201000
00000000
00000000
37
00000000
00220000
00022000
00012200
00111200
00101000
00100000
00000000
63
00000000
00220000
00022100
00011200
02222200
00101000
00100000
00000000
46
00000000
00220000
00022100
00011200
02212200
00121000
00200000
02000000
41
00010000
00222000
00012100
00011200
02212200
00121000
00200000
02000000
47
00010000
00222000
00012100
00011200
02212200
00122000
00222000
02000000
48
00010000
00222000
00012100
00011200
02212200
00112000
00222000
02210000
34
00010000
00222000
00222100
00221200
02212200
00212000
00222000
02210000
75
00010000
00222000
00222100
00221200
02222222
00212000
00222000
02210000
21
01010000
00122000
00212200
00221220
02222222
00212000
00222000
02210000
24
01010000
00122000
00212200
01111220
02122222
00212000
00222000
02222000
67
01010000
00122000
00212200
01121220
02212222
02211000
00222100
02222000
83
01010000
00122000
00212221
01121220
02212122
02211000
00222100
02222000
15
01010000
00122000
00212221
01121220
11112122
02211000
00222220
02222000
68
01010000
00122000
00212221
01121220
11112222
02222200
00222220
02222100
17
01010000
02222000
00212221
01121220
11112222
01222200
10222220
02222100
61
01010100
02221000
00212221
01121220
11112222
22222200
10222220
02222100
78
01010100
02221000
00212221
01121220
11112222
22221220
10222220
02222110
23
01012100
01122000
01112221
01121220
11112222
22221220
10222220
02222110
18
01222100
01222000
01212221
01221220
11212222
22221220
10222220
11111110
72
01222220
01222010
01212111
01221210
11212212
22221210
10222210
11111110
81
01111111
01222010
01212111
01221210
11212212
22221220
10222222
11111110
62
01111111
01111110
22211111
02211210
11212212
21221220
10222222
11111110
14
21111111
02111110
21211111
11111210
11212212
21221220
10222222
11111110
27
21111111
02111110
21211111
11111210
11212222
21121222
11222222
11111110
12
21111111
11111110
11211111
11111222
11212222
21121222
11222222
11111110
88
