00000000
00000000
00000000
00012000
00022000
00002000
00000000
00000000
46
00000000
00000000
00200000
00022000
00012000
00012000
00000000
00000000
63
00000000
00000000
00200100
00021000
00222000
00012000
00000000
00000000
66
00000000
00000000
00200100
00021000
00222000
00021100
00020000
00000000
34
00000000
00000000
00200100
00111000
00212000
00021200
00020020
00000000
38
00000000
00000000
00220100
00121000
00222000
00021200
00010020
00100000
32
00000000
02100000
00210100
00121000
00222000
00021200
00010020
00100000
76
00000000
02100000
00210100
00121000
00222000
00022222
00010020
00100000
67
00200000
02200000
00210100
00121000
00212000
00021222
00010120
00100000
36
00200000
02200000
00210100
00121000
00112000
00112222
00012220
00100000
78
00200000
02200000
00222100
00122000
00112000
00111222
00012120
00100010
87
00200000
02200000
00222100
00222000
02222000
00111222
00012111
00100010
75
00200000
02200000
00222100
00222000
02222010
00211212
00022111
00102010
52
00200000
02201000
00221100
00221002
02221020
00211212
00022111
00102010
26
00200000
02201000
00221100
00211002
02121020
02211212
02022111
00102010
18
00200200
02202000
00221100
00211002
02111020
02111212
01022111
10102010
41
00210200
02201000
00221100
00211002
02111022
02111222
01022211
10102010
65
00210200
02201000
00221100
00211002
02111122
02111212
01022222
10102012
68
00210200
02201000
00221100
00211022
02111222
02112112
01021122
10102112
83
00210200
02201000
00221101
00211012
02211122
02211112
01222222
10102112
48
00210200
02201200
00222101
00221012
02211122
02211112
01211222
10111112
23
00210200
02101200
01111101
00121012
02211122
02211112
22211222
10111112
12
00222200
11101200
01111101
00121012
02211122
02211112
22211222
10111112
28
00222200
12101200
21111101
00121012
02211122
02211112
22111222
11111112
11
10222200
11101200
21111101
02221012
02211122
02211112
22111222
11111112
71
10222210
11101200
21111201
02222222
02211222
02211212
22111222
11111112
21
11111110
11122200
21222201
02222222
02211222
02211212
22111222
11111112
73
11111110
11122102
21111112
02222112
02211212
02211212
22111222
11111112
15
11111110
11122102
21111112
01222112
12111212
22211212
22111222
11111112
14
11111110
11122222
11111222
11222122
11111222
22111222
22111222
11111112
81
