00000000
00000000
00020000
00022000
00021000
00000000
00000000
00000000
33
00000000
00000000
00120000
00012000
00022200
00000000
00000000
00000000
64
00000000
00000000
02220000
00011100
00022200
00000000
00000000
00000000
42
00000000
00010000
02210200
00012200
00022200
00000000
00000000
00000000
46
00002000
00020000
02210200
00012200
00012200
00010000
00000000
00000000
22
00002000
01020000
02110200
00012200
00012200
00020000
00200000
00000000
47
00002000
01020000
02110200
00012200
00222200
00010000
00210000
00000000
13
00002000
01020000
11112200
00022200
00222200
00010000
00210000
00000000
66
00002000
01020000
11112200
00012200
00222200
00012100
00210000
00000000
62
00002000
01020100
11111100
00012100
00222200
00012220
00210000
00000000
41
00012000
01210100
11121100
00012100
00222200
00012220
00210000
00000000
67
00222000
01210100
11121100
00012100
00222100
00012120
00210100
00000000
27
00222000
01210100
11121100
00012220
00222200
00012120
01110100
00000000
84
00222000
01210100
11121100
00011111
00222200
00012120
01110200
00000020
86
00222000
01210100
12121100
20011111
00222200
00012111
01110200
00000020
58
00222000
01210100
12121100
20011111
00222200
00222111
01110100
00001020
57
00222000
01210100
12121100
20011111
00221200
00222111
01221100
00201020
25
00222000
01210100
12121100
20011111
01111200
00122121
01211102
00201020
28
00222000
01210100
12121102
20011121
01111200
00112121
01111102
01201020
15
00222000
01222100
12122202
10012121
11112200
00112121
01111102
01201020
72
00222000
01222110
12222102
10222221
11222200
00212121
01211102
01201020
85
00222000
01222110
12222102
10222211
11222201
00212211
01222222
01201020
68
00222200
01222120
12222102
10222111
11222101
00212111
01221112
01201120
21
01222200
01122220
12212222
10221211
11222101
00212111
01221112
01201120
48
22222200
02122220
12212222
10221211
11222101
00212111
01211112
01111120
81
22222201
02122210
12212122
10221211
11222101
00212211
01211122
01111122
24
22222201
02122210
12222122
11211211
12122101
20212211
01211122
01111122
17
22222201
02122210
12222122
11211211
12122101
10212211
12211122
22222222
12
22222201
11122210
11222122
11111221
12112221
10211221
12211122
22222222
82
22222201
11122211
11222111
11121121
12211221
12211221
12211122
22222222
71
