00000000
00000000
00000000
00222000
00021000
00000000
00000000
00000000
33
00000000
00000000
00120000
00222000
00021000
00000000
00000000
00000000
53
00000000
00020000
00121000
00221000
00021000
00000000
00000000
00000000
32
00000000
00120000
00211000
02221000
00021000
00000000
00000000
00000000
22
00000000
01120000
00112000
02222200
00021000
00000000
00000000
00000000
15
00000000
01120000
00112000
01222200
10022000
00020000
00000000
00000000
66
00000000
01120000
02222000
01212200
10021000
00020100
00000000
00000000
62
20000000
02120100
02221000
01212200
10021000
00020100
00000000
00000000
12
20000000
21120100
22221000
01212200
10021000
00020100
00000000
00000000
65
20000000
21120100
22211000
02211200
10221100
00020100
00000000
00000000
14
20000000
21120100
21211000
11111200
10222220
00020100
00000000
00000000
84
20000000
21120100
21222200
11112201
10222210
00020100
00000000
00000000
76
20000000
21120100
21212200
11111201
10222210
00020210
00000200
00000000
41
20010200
21110200
21212200
11111201
10222210
00020210
00000200
00000000
36
20012200
21120200
21212200
11111201
10112210
00120210
00000200
00000000
56
20012200
21120200
21212200
11111201
10111222
00111120
00000200
00000000
74
20012200
21120200
21212200
11121111
10112122
00111220
00000220
00000000
68
20012200
21120200
22212200
11221111
10122122
00112120
00000220
00000120
73
20012200
21120200
22211110
11221111
10122122
00112120
00000220
00002220
71
20011110
21120100
22211110
12221111
12222122
00112120
00000220
00002220
26
20011110
21122100
21222210
11212121
11122122
01112120
00000220
00002220
88
20011110
21122220
21222220
11212121
11122122
01112120
00000210
00002221
81
20211111
22222210
21222120
11211121
11112122
01112120
00000210
00002221
47
20211111
22222210
21222120
11211121
11112122
01111120
00010222
00002221
83
20211111
22222210
21222111
11221111
11212122
02111120
20010222
00002221
27
20211111
22222210
21222111
21221111
22212122
22222220
21010222
00002221
86
20211111
22222210
21222111
21221111
22212111
22222221
22010221
20002221
37
20211111
22222210
21222111
21221111
22211111
22222221
22222221
20002221
28
20211111
22222210
21222111
21221111
21211111
21212221
22222221
22202221
21
21111111
21122222
21212121
21221211
21212111
21222221
22222221
22202221
48
