00000000
00000000
00000000
00222000
00021000
00000000
00000000
00000000
53
00000000
00000000
00001000
00221000
00022000
00000200
00000000
00000000
56
00000000
00000000
00001000
00221000
00022200
00001200
00000000
00000000
36
00000000
00000000
00001000
00221000
00022200
00102200
00000200
00000000
35
00000000
00000000
00001000
00211000
02222200
00102200
00000200
00000000
24
00000000
00000000
00021000
01222000
02222200
00102200
00000200
00000000
26
00000000
00000000
00021000
01212000
01122200
01202200
02000200
00000000
42
00000000
00210000
00021000
01212000
01122200
01202200
02000200
00000000
52
00000000
00222200
00011000
01112000
01122200
01202200
02000200
00000000
71
00000010
00222100
00011000
22222000
02122200
01202200
02000200
00000000
41
00010010
00212100
00011000
22222000
02122200
22202200
02000200
00000000
63
00010210
00212100
00021100
22222000
02122200
22202200
02000200
00000000
33
00010222
00212100
00111100
22122000
02122200
22202200
02000200
00000000
21
01010222
00112100
00111100
22122000
02222200
22222200
02000200
00000000
78
01010222
00112200
00111200
22122200
02212200
22221200
02000100
00000010
75
01010222
00112200
00111200
22122100
02211110
22221200
02000200
00000210
18
01010222
00112200
00111200
22122100
02211110
22221200
01200200
10000210
28
01010222
00112200
00111200
22122220
02211110
22211200
01100200
11000210
72
01010222
00111120
00111120
22121220
02211110
22211200
01100200
11000210
83
01010222
00111120
00111111
22121210
02211110
22211200
01100200
11000222
17
01010222
00111120
00111111
22111210
02111110
21211200
12200200
11200222
82
01010222
00111121
00111121
22111220
02111120
21211220
12200200
11200222
23
01010222
00111121
01111121
21111220
01111220
21212220
12220200
11200222
57
01012222
00111221
01111121
21111220
01111220
21211220
11111200
11200222
84
01012222
20111221
02111121
21211111
01121210
21212120
11111200
11200222
77
01012222
20111221
02111121
21211111
01121210
21212110
11122110
11202222
15
01012222
20111221
22111121
22211111
11221210
11222110
11122110
11202222
11
11012222
12222221
12211121
12221111
11222210
11222210
11122120
11202222
31
11112222
11112222
12111222
12121122
11122222
11122220
11122220
11202222
48
11112222
11112222
12111222
12111122
11112222
11112220
11112220
11112222
86
