00000000
00000000
00000000
00021000
00012000
00000000
00000000
00000000
34
00000000
00000000
00002000
00112000
00012000
00000000
00000000
00000000
64
00000000
00000000
00002000
00111200
00012020
00000000
00000000
00000000
74
00000000
00000000
00002000
00121110
00222020
00000000
00000000
00000000
76
00000000
00000000
00202000
00221110
00222010
00000010
00000000
00000000
42
00000000
00012000
00202000
00222110
00222010
00000010
00000000
00000000
24
00000000
00012000
00102000
01111210
00222020
00000012
00000000
00000000
62
00000000
00011100
00101000
22222210
00222020
00000012
00000000
00000000
15
00000000
00011100
00101000
21222210
20222020
20000012
00000000
00000000
56
00200000
00021100
00102000
21221210
20221020
20001012
00000000
00000000
46
00200000
00021100
00102020
21221220
20121020
20011012
00000000
00000000
36
00200000
00022220
00102020
21221220
20111020
20111012
00000000
00000000
23
00200000
00022220
01102020
21122220
20112020
20112012
00002000
00000000
51
00201000
00012220
01102020
21122220
20112020
20122012
00202000
00000000
67
00201000
02012220
01202020
21122220
20112020
20121012
00202100
00000000
84
00201000
02012120
01202010
21111111
20112020
20121022
00202220
00000000
47
00201000
02222120
02202010
21111111
20112020
20111022
00212220
00000000
66
00201000
02222120
02202010
21121111
20211010
22222222
00212220
00000000
78
00201000
02222120
02202010
22121111
22211010
22221212
00212110
00000010
58
00201020
02222220
02202010
22121111
22211010
22221212
00211110
00001010
27
00201020
02222220
02202010
22121111
22211010
22221212
02211110
00201010
17
00201020
02222220
02202210
22122111
22221010
22221212
11111110
00201010
81
00201021
02222210
02202210
22121121
22211012
22121212
11111110
00201010
87
00201021
02222210
02202222
22121121
22211011
22121211
11111111
00201010
82
00201021
02222211
02222211
22221121
22211011
22121211
11111111
00201010
13
00201021
02222211
11111111
11221121
12121011
12121211
11222111
00221010
61
00201111
02221111
11121111
11222121
12122211
12122211
11222111
00221010
28
00201111
02221111
11121111
11222121
12121211
12112211
11122121
01111012
11
10201111
22221111
12121111
11222121
12121211
12112211
11122121
01111012
41
12211111
22211111
11121111
11212121
12111211
12112211
11122121
01111012
68
