00000000
00000000
00000000
00222000
00021000
00000000
00000000
00000000
35
00000000
00000000
00000000
00222000
00122000
00002000
00000000
00000000
33
00000000
00000000
00100000
02222000
00122000
00002000
00000000
00000000
53
00000000
00000000
00101000
02212000
00222000
00022000
00000000
00000000
36
00000000
00000000
02101000
02212000
00122000
00122000
00000000
00000000
64
00000000
00002000
02102000
02212100
00122000
00122000
00000000
00000000
37
00000000
00002000
02102000
02212220
00121000
00112000
00100000
00000000
66
00000000
00002000
02102000
02212220
00222000
00122100
00102000
00000000
26
00000000
00002000
02222000
02222220
00122000
01122100
00102000
00000000
62
00000000
00002100
02221000
02212220
00122020
01122200
00102000
00000000
58
00000000
00022100
02222000
02211220
00121020
01121200
00101000
00001000
73
00000000
00022100
02222010
02211120
00221020
01221200
00201000
00201000
41
00010000
00012100
02212010
02211120
00221020
01222200
00201200
00201000
27
00010000
00012102
02212020
02211220
00212020
01122200
01201200
00201000
25
00010020
00012202
02212020
02111220
01112020
01122200
01201200
00201000
22
00010020
01012202
01112020
01111220
01112020
01122200
01222200
00201000
61
00010120
01011202
01112020
01111220
22222020
02122200
01222200
00201000
68
00010120
01011202
01112020
01111220
22122020
02112200
22221200
00201100
16
02010120
02011202
02112020
02111220
22122020
12112200
22221200
00201100
76
02010120
02011202
02112220
02112220
22122020
12111110
22221100
00201100
14
02010120
02011202
02112220
11112220
11122020
12112110
22221200
00201120
84
02010120
02011202
02112220
11111211
11122210
12112210
22221200
00201120
11
12010120
01011202
02112220
11111221
11122220
12112220
22221220
00201120
12
12012220
11012202
01112220
11111221
11122220
12112220
22221220
00201120
18
12012220
11222202
01222220
11212221
11222220
12212220
11221220
10201120
72
12012220
11111112
01222120
11211221
11212220
12112220
11222220
10222220
87
12012220
11111112
22222120
12211221
11212120
12112210
11111111
10222220
81
12011111
11111112
22222120
12211221
11212120
12122210
12211111
12222220
88
12011111
11111112
22222120
12211221
11212120
12122222
12211111
11111111
83
12211111
12221111
22222111
12211211
11212120
12122222
12211111
11111111
85
