00000000
00000000
00000000
00012000
00022200
00000000
00000000
00000000
66
00000000
00000000
00000000
00012000
00022200
00002100
00000000
00000000
64
00000000
00000000
00000020
00011200
00022100
00002100
00000000
00000000
35
00000000
00000000
00000020
00011200
00112100
00022100
00000000
00000000
47
00000000
00000000
00002020
00012200
00112100
00011100
00010000
00000000
43
00000000
00000000
00012020
00222200
00112100
00011100
00010000
00000000
63
00000000
00000000
00011120
00221100
00122100
00012100
00010200
00000000
25
00000000
00000200
00012220
00121200
01122200
00012200
00010200
00000000
78
00000000
00000200
00012220
02221200
01112200
00011200
00010100
00000010
52
00000000
00001200
00011220
02222200
01222200
00222200
00010100
00000010
83
00000000
00001200
00011111
02222200
22222200
00222200
00010100
00000010
51
00001000
00001120
00011211
02222200
22222200
00222200
00010100
00000010
26
00001000
00001120
00011211
02212200
22122200
22222200
00010100
00000010
74
00001000
00001120
00011111
02211110
22122100
22221200
00020100
00002010
38
00001000
00001120
00011111
02211110
22122100
22221200
00020100
00122010
82
00001000
00001111
00011111
02211110
22122100
22221200
00020200
00122210
77
00001020
00001211
00012111
02221110
22221100
22221100
00020210
00122210
57
00001020
00001221
00012121
02221220
22222220
22221200
00022110
00122210
37
00001020
00001221
00012111
02221120
22221220
22211220
00111210
00122210
87
00001020
00001221
00012111
02221120
22221122
22211220
00111211
00122210
13
00001020
00001221
10012111
01221120
22121122
22211220
00111221
00122222
33
00001020
00022221
10222111
02121120
22121122
22211220
00111221
00122222
22
00001020
01022221
12222111
02211120
22121122
22211220
00111221
00122222
27
00001020
01022221
11222111
01221120
21211122
22111220
22222221
00122222
61
00001120
01021111
11212111
01121120
21211122
22111220
22222221
02222222
81
20001111
02021111
11212111
01121120
21211122
22111220
22222221
02222222
84
20001111
22021111
12212111
01221111
21221122
22112220
22222221
02222222
41
20011111
22011111
22212111
22221111
22221122
22212220
22222221
02222222
86
20211111
22021111
22212111
22221111
22221111
22211111
22222221
02222222
32
20211111
22111111
22212111
22221111
22221111
22211111
22222221
02222222
21
21111111
22111111
22212111
22221111
22221111
22211111
22222221
02222222
18
