00000000
00000000
00000000
00222000
00021000
00000000
00000000
00000000
53
00000000
00000000
00001200
00222000
00021000
00000000
00000000
00000000
73
00000000
00000000
00001110
00222000
00022200
00000000
00000000
00000000
56
00000000
00000020
00001210
00222000
00021200
00001000
00000000
00000000
35
00000000
00000020
00001210
00212000
00111200
00002000
00020000
00000000
57
00000000
00000020
00001222
00212000
00111200
00001000
00021000
00000000
24
00000000
00000020
00022222
01112000
00111200
00001000
00021000
00000000
64
00000000
00000020
00022222
01121200
00122200
00021000
00021000
00000000
36
00000000
00000020
00022222
01121200
00112200
00112000
00022000
00002000
75
00000000
00000020
00022222
01121200
00112210
00112200
00022000
00002000
81
00000001
00000010
00022122
01121200
00112220
00112202
00022000
00002000
82
00000001
00000011
00022112
01121100
00211220
02222202
00022000
00002000
76
00000001
00000211
00022212
01121200
00211220
02222212
00022000
00002000
74
00000001
00000211
20022212
02121110
00211210
02222212
00022000
00002000
33
00000001
00000211
20111122
02222222
00211220
02222212
00022000
00002000
67
00000001
00000211
22222222
02222122
00211120
02221112
00022100
00002000
38
00000201
00000221
22222222
02222122
00211120
02221112
00012100
00102000
71
00000211
00000211
22222212
02222112
00211110
02221112
00222100
00102000
25
00000211
00000211
22222212
02222112
01111210
02221122
00222102
00102000
22
00000211
01000211
21122212
01212112
01121210
02222122
00222202
00102020
16
00000211
01200211
21222212
01212112
01121210
11111122
00222202
00102020
41
02010211
01200211
21222212
01212112
01121210
11111122
00222202
00102020
42
02010211
01112211
21122212
01212112
01121210
11111122
00222202
00102020
28
02010211
01112211
21122212
01212122
01121222
11111122
00122202
01102020
88
02210211
02222211
21222211
01212121
01121221
11111121
00122201
01102021
11
11110211
01222211
22122211
22212121
02121221
11211121
00122201
01102021
77
11110211
01222211
22122211
22212111
02121211
11221111
00121111
01122021
12
11110211
11222211
21122211
22122111
02211211
12221111
20121111
01122021
68
11110211
11222211
21122211
22122111
02211211
12221111
22221111
01111111
51
11111111
11211111
21121211
22121111
22211211
22221111
22221111
01111111
18
