00000000
00000000
00020000
00022000
00021000
00000000
00000000
00000000
35
00000000
00000000
00020000
00022000
00211000
02000000
00000000
00000000
53
00000000
00000000
00022200
00021000
00211000
02000000
00000000
00000000
52
00020000
00002000
00021200
00021000
00211000
02000000
00000000
00000000
34
00020000
00002000
00021200
00112000
00222200
02000000
00000000
00000000
66
00020000
00002200
00022200
00122000
00221200
02000100
00000000
00000000
51
00021000
00001200
00021200
00122200
00221200
02000100
00000000
00000000
17
00022200
00002200
00021200
00112200
00121200
01000100
10000000
00000000
74
00022200
00002200
00022200
00112110
00122200
01002100
10000000
00000000
46
00022200
00002200
00022200
02222110
00111200
01011100
10000000
00000000
71
00022210
00002100
00021202
02212120
00111200
01011100
10000000
00000000
42
00022210
00021100
00021202
02222120
00121200
01022100
10020000
00000000
84
00022210
00021100
00022202
02222211
00121220
01022100
10020000
00000000
13
00022210
00021100
10022202
01222211
00121220
01022220
10020000
00000000
77
00022210
00021100
10022202
01222211
00122210
01022210
10020020
00000002
82
00022210
00021101
10022201
22222211
00122210
01022210
10020020
00000002
25
00022210
00021101
10012201
22122211
02122210
01222210
10020020
00000002
73
00022210
00021101
10011111
22122211
02122220
01222222
10020020
00000002
67
00022210
00022101
10011211
22122121
02112122
01221122
10020120
00000002
27
00022210
00222101
10021211
22122121
02112122
01121122
11020120
00000002
38
00022210
00222101
10021211
22122121
02112122
01122222
11012220
00100002
21
01022210
20122101
20011211
22121121
02112122
01122222
11012220
00100002
31
01111110
20112101
20011211
22121121
02112122
01122222
11022220
00120002
15
01111110
22222101
20011211
22121121
11112122
01122222
11022220
00120002
78
01111110
22222101
20021211
22221111
22112112
22221212
11022110
00120012
72
01111110
22222111
20021111
22222111
22112212
22221222
11022222
00120012
58
01111110
22222111
20021111
22222111
22112212
22221222
12021222
02111012
68
01111110
22222111
20021111
22222111
22112112
22221122
22021122
22111112
33
01111112
22112122
20111212
22112112
22111112
22221122
22021122
22111112
11
11111112
21112122
22222212
22112112
22111112
22221122
22021122
22111112
37
