00000000
00000000
00000000
00021000
00012000
00000000
00000000
00000000
65
00000000
00000000
00000000
00021000
00012100
00000200
00000000
00000000
43
00000000
00000000
00010000
00011000
00012220
00000200
00000000
00000000
56
00000000
00200000
00020000
00012000
00011220
00001200
00000000
00000000
53
00000000
00200000
00021000
00011000
00011220
00002200
00020000
00000000
57
00000000
00200000
00021000
00021000
00021220
00022200
00021000
00000000
37
00000000
00200200
00022000
00021000
00021220
00012200
00111000
00000000
42
00000000
00210200
00012000
00011000
00011220
00222200
00111000
00000000
35
00000000
00210200
00012000
00211000
00121220
00112200
00111000
00000000
21
01000000
00110200
00012000
00211000
00121220
00212200
02111000
00000000
24
01000000
00110200
00222000
01221000
00222220
00212200
02111000
00000000
26
01000000
00110200
00222000
01221000
00222220
01212200
02221000
00200000
17
01000000
00110200
00222000
01221000
00222220
01222200
11211000
02200000
71
01000010
00110100
00221000
01222200
00122220
01222200
11211000
02200000
63
01000010
00110100
00221100
22221200
00112220
01122200
11211000
02200000
84
01000010
00110100
00221100
22221201
20112210
02122100
11211000
02200000
16
01000010
00110100
00221100
22221201
22222210
12122100
12211000
02200000
13
01000010
00110100
10221100
11221201
12122222
12112100
12211000
02200000
18
01000010
00110100
10221100
11221201
12122222
12122200
11222000
12220000
58
01002010
00120100
10221100
11221201
12121222
12121200
11211000
11111000
52
01002010
00111100
12211100
12221201
12121222
12121200
11211000
11111000
76
01002010
00111120
12211200
12222201
12121122
12121110
11211000
11111000
81
01002011
00111110
12211100
12221201
12111122
12121110
11212000
11111200
22
01002011
01111110
11111102
11211202
11111122
11121110
11212000
11111200
78
01002011
01111110
11111102
11211202
11121222
11122220
11212200
11111110
77
01002011
21111110
12111102
11211202
11121222
11122120
11211110
11111110
74
01002011
22222222
12111102
11211112
11121112
11121110
11211110
11111110
41
01012011
22111222
11111102
11211112
11121112
11121110
11222222
11111110
11
11012211
11112222
11121102
11211112
11121112
11121110
11222222
11111110
73
11222211
11212212
11221112
11211112
11121112
11121110
11222222
11111110
86
