00000000
00000000
00000000
00222000
00021000
00000000
00000000
00000000
53
00000000
00000000
00001000
00221000
00022200
00000000
00000000
00000000
76
00000000
00000000
00001000
00221000
00022220
00000010
00000000
00000000
24
00000000
00000000
00001000
01111000
00022220
00000020
00000002
00000000
66
00000000
00000000
00021000
01122000
00021220
00000120
00000002
00000000
35
00000000
00000000
00021000
01212000
02222220
00000120
00000002
00000000
86
00000000
00000200
00022000
01222000
02222220
00000111
00000002
00000000
26
00000000
00000200
00022000
01222000
22222220
01000111
00000002
00000000
46
00000000
00000200
00022000
01222000
22122220
01010211
00000202
00000000
88
00000000
00000200
00022000
01222000
22122222
01010221
00000201
00000001
84
00000000
00000200
00022000
01222001
22122221
02020221
00200201
00000001
57
00000000
00000200
00022000
01222001
22122211
02020121
00222201
00000001
71
00000010
00000100
02021000
02212001
22122211
02020121
00222201
00000001
68
00000010
00000100
02021000
02212001
22122211
02010221
00222221
00000101
32
00000010
00100100
02011200
02212001
22122111
02010211
00222221
00000101
13
00000010
00120100
12021200
01222001
22122111
02010211
00222221
00000101
14
02000010
00220100
11021200
11222001
22122111
02010211
00222221
00000101
28
02000010
00220100
11022200
11222201
22122211
02010211
00122221
01000101
17
02000010
20220100
22022200
21222201
22122211
01010211
10122221
01000101
22
02000010
21220100
21022200
21222201
22122211
02010211
10222221
01020101
78
02000210
21220200
21022200
21222201
22122211
02010211
10222211
01020111
41
02010210
21110200
22222200
22222201
22112211
02010211
10222211
01020111
27
02010210
21110200
21222200
21222201
22222211
01210211
11111111
01020111
74
02012210
21120200
21222200
21111111
22222211
01210211
11111111
01020111
73
02012210
21122200
21122110
21212111
22222211
01210211
11111111
01020111
72
02222210
22221110
21222110
21212111
22222211
01210211
11111111
01020111
56
02222210
22222222
21221110
21111111
22211111
01211111
11111111
01020111
11
11111110
21222222
21122110
21112111
22212111
01212111
11122111
01022111
16
11111110
11222222
11122110
11112111
11212111
11212111
11222111
01222111
81
11111111
11222212
11122110
11112111
11212111
11212111
12222111
22222111
83
