00000000
00000000
00000000
00021000
00012000
00000000
00000000
00000000
43
00000000
00000000
00210000
00021000
00012000
00000000
00000000
00000000
65
00000000
00000000
00210000
00021000
00012100
00000200
00000000
00000000
67
00000000
00000000
00210000
00021000
00222100
00000100
00000100
00000000
46
00000000
00000000
00222000
00022000
00212100
00010100
00000100
00000000
42
00000000
00010000
00212000
00012000
00212100
00010200
00000120
00000000
88
00200000
00020000
00212000
00012000
00211100
00010100
00000110
00000001
25
00200000
00020000
00212000
00022000
01211100
02010100
00000110
00000001
23
00200000
00020000
01112000
00022000
01211200
02010120
00000110
00000001
51
00201000
00010000
01112000
00022000
01211200
02010120
00000210
00002001
68
00201000
00010000
22222000
00022000
01211200
02010120
00000110
00002101
86
00201000
00010000
22222000
00022000
01221200
02210111
00000110
00002101
64
00201000
00010000
22222200
00022100
01221100
02210111
00000110
00002101
34
00201000
00010000
22222200
00112100
01221200
02210121
00000112
00002101
22
02201000
02010000
22122200
00112100
01221200
02210121
00000112
00002101
16
02201000
02010000
22122200
02222100
01221200
11110121
00000112
00002101
72
02201000
02210010
22222100
02221100
01211200
11110121
00000112
00002101
15
02201000
02210010
22122100
01221100
11211200
12110121
20000112
00002101
27
02201000
02210010
22122100
01221100
11211202
11110122
21000112
00002101
48
02201000
02210010
22122100
01222220
11211202
11110122
21000112
00011101
11
12201000
01210010
22122100
01222220
11212202
11220122
22200112
00011101
52
12201000
01211010
22112220
01122220
11212202
11220122
22200112
00011101
28
12201000
01211010
22112220
22222220
22212202
21220122
21200112
01011101
12
12201002
11211020
21112220
22122220
22212202
21220122
21200112
01011101
83
12201002
11211020
21111111
22122220
22212202
21222222
21200112
01011101
71
12201222
11212010
21121111
22222220
22212202
21222222
21200112
01011101
75
12201222
11212010
21121111
22222110
22211112
21222212
21202222
01011101
41
11111222
11111010
21121111
22222110
22211112
21222212
22202222
21011101
84
11111222
11111012
21121121
22222211
22212111
21222211
22202221
21011101
78
11111222
11111222
21122221
22222211
22212111
21221211
22202111
21011111
47
