00000000
00000000
00000000
00222000
00021000
00000000
00000000
00000000
33
00000000
00200000
00200000
00212000
00021000
00000000
00000000
00000000
46
00000000
00200000
00200000
00212000
00021000
00210000
00000000
00000000
64
00000000
00200000
00200000
00211100
00022200
00210000
00000000
00000000
22
00000000
22200000
00100000
00211100
00022200
00210000
00000000
00000000
66
00000000
22200000
00100000
00211100
00022220
00210100
00000000
00000000
86
00000000
22200000
00100000
00211100
00022210
00210201
00000200
00000000
57
00000000
22200000
00100000
00211100
00022210
00220101
00022200
00000000
31
00100000
22100000
00100000
00211100
00022210
00220201
00022220
00000000
35
00100000
22100000
00120000
00121100
00121110
00220201
00022220
00000000
13
00100000
21100000
10120000
02221100
00221110
00220201
00022220
00000000
88
00100000
21100000
10120020
02221200
00222110
00220101
00022210
00000001
11
10100000
11100000
10120020
02222200
00222210
00220121
00022210
00000001
25
10100000
11100000
12220020
02222200
01111110
00220121
00022210
00000001
58
10100000
11100000
12220020
02222200
02111110
20120121
00012210
00001001
82
10100000
11100001
12220010
02222100
02111110
20120121
00012222
00001001
68
10100000
11100001
12220010
02222100
02222222
20110122
00011112
00001101
56
12100000
12200001
12220010
02122100
02212222
20111122
00011112
00001101
63
12100000
12200001
12220110
02122220
02212222
20111122
00011112
00001101
42
12100000
11110001
12210110
02112220
02222222
20211122
02011112
00001101
18
12100000
11110001
12210110
02111220
02212222
20111222
01012112
10021101
84
12100000
11110021
12210120
02111121
02212221
20111221
01012111
10021101
81
12100001
11110011
12222220
02122221
02212221
20111221
01012111
10021101
14
12100001
11110011
11222220
11122221
01212221
20111221
01012121
10022221
38
12100001
11110011
11222220
11122221
01212221
20221221
01222121
10111111
28
12100001
11110011
11222210
12122121
22211221
20211221
01122121
11111111
17
12102001
11120011
11222210
12122121
12211221
10211221
11122121
11111111
83
12102021
11120021
11222221
12122121
12211121
10211221
11122121
11111111
41
12112021
11112021
11222221
12212121
12211121
10211221
11122121
11111111
61
12111111
11111011
11212221
12112121
12211121
12211221
11122121
11111111
62
