00000000
00000000
00020000
00022000
00021000
00000000
00000000
00000000
53
00000000
00000000
00022200
00022000
00021000
00000000
00000000
00000000
52
00000000
00001000
00021200
00022000
00022200
00000000
00000000
00000000
34
00020000
00002000
00011200
00122000
00022200
00000000
00000000
00000000
56
00020000
00002000
00012200
00122000
00012200
00002000
00002000
00000000
73
00020000
00202000
00021110
00122000
00012200
00002000
00002000
00000000
67
00020000
00202000
00021110
00122000
00022200
00021000
00002100
00000000
36
00020000
00202000
00021210
00121020
00012200
00111000
00002100
00000000
21
01020000
00102000
00011210
00121020
00222200
00121000
00002100
00000000
26
01020000
00122000
00021210
00121020
00122200
01121000
00002100
00000000
62
01020200
00112200
00021210
00121020
00122200
01121000
00002100
00000000
83
01020200
00112200
00021211
00121010
00122220
01121000
00002100
00000000
51
01021200
00211100
02021211
00221010
00122220
01121000
00002100
00000000
68
01021200
00211100
02021211
00221010
00222220
02111000
20001100
00000100
16
01021200
00211100
02021211
00222210
00222220
11111000
20001100
00000100
86
01021200
00211100
02021211
00222120
00222222
11111001
20001100
00000100
31
01111200
00222220
02021221
00222120
00222222
11111001
20001100
00000100
84
01111200
00222120
02021211
00222111
00222221
11112001
20002100
00002100
66
01111200
00222120
02021211
00222111
00222111
11211101
22002100
00002100
22
01111200
01111120
02021221
00222121
00222221
11222221
22002200
00002100
48
01111220
01111220
02022221
00222121
00222211
11222121
22001200
00011100
18
22222220
01111220
02022221
00222121
00222211
11222121
12001200
10011100
81
22222221
02221210
02222121
00221121
00212211
11122121
11001200
10011100
13
22222221
02221210
11111121
00221121
00212211
11122121
11022200
10011100
77
22222221
02221210
11111121
00221121
02212211
11222111
11022210
10011100
38
22222221
02221210
12211121
02221111
02212111
11221111
11012210
10111100
78
22222221
02221222
12211121
02221111
02212111
11221111
11012110
10111110
14
22222221
02221222
12211121
11111111
01212111
11221111
11222110
10111110
28
22222221
02221222
12211121
11121111
01212111
11211211
11122120
11111112
87
22222221
02221222
12211121
12121111
22212111
11211211
11122111
11111112
12
