00000000
00000000
00000000
00021000
00012000
00000000
00000000
00000000
56
00000000
00000000
00000000
00021000
00021000
00021000
00000000
00000000
35
00000000
00000000
00000000
00021000
00112000
00022200
00000000
00000000
47
00000000
00000000
00000000
00021000
00112000
00022200
00210000
00000000
67
00000000
00000000
00002000
00022000
00112000
00021200
00210100
00000000
27
00000000
00000000
00002000
00022000
00112000
00021200
01120100
00020000
64
00000000
00000000
00002000
00022100
00111000
00011200
01120200
00020200
77
00000000
00000000
00002000
00022100
00121000
00211100
01120210
00020200
52
00000000
00001000
00001000
00021100
00121000
00211100
22220210
00020200
38
00000000
00001000
00001000
00022220
00121000
00111100
22110210
00120200
43
00000000
00021000
00022000
00022220
00121000
00121100
22120210
00120200
16
00000000
00021000
00022000
00022220
00121000
10221100
22120210
20120200
34
00000000
00021000
00012000
00122220
00111000
10221100
22220210
22220200
84
00000000
00021000
00012000
00121111
00211000
12221100
22220210
22220200
78
00000000
00021000
00012000
00121111
00222200
12222200
22220210
22220210
33
00000000
00021000
00112000
00111211
00221220
12222100
22220210
22220210
73
00000000
00021000
00112010
00111111
00221220
12222100
22220210
22220222
25
00000000
00221000
00222010
00212111
01211220
12222100
22220210
22220222
86
00000000
00221002
00222020
00212211
01212210
12222101
22220210
22220222
22
00200000
01221002
00222020
00212211
01212210
12222101
22220210
22220222
58
20200000
02221002
00222020
00212211
01212210
12122101
22210210
22221222
63
20200200
02222002
00222120
00211111
01212110
12122101
22210210
22221222
23
20200200
02222002
01121120
00112121
01212220
12122221
22210220
22221222
57
20200200
02222002
01121120
00111121
01211222
12121121
22211220
22221222
41
20210200
02111002
01111120
00111121
01211222
12121122
22211222
22221222
62
20222200
02111102
01111110
00111121
01211222
12121122
22211222
22221222
24
20222200
02111102
21111110
02111121
01211222
12121122
22212222
22221222
12
20222200
11211102
22111110
22111121
01211222
12121122
22212222
22221222
21
21222220
11111202
22112110
22121121
01211222
12121122
22212222
22221222
15
21222220
11111202
12112222
11121122
11211222
12121122
22212222
22221222
81
21111111
11111202
12112222
11121122
11211222
12121122
22212222
22221222
72
