00000000
00000000
00020000
00022000
00021000
00000000
00000000
00000000
33
00000000
00000000
00120000
00012000
00022000
00002000
00000000
00000000
53
00000000
00000000
00111000
00222000
00022000
00002000
00000000
00000000
25
00000000
00020000
00121000
00122000
01022000
00002000
00000000
00000000
66
00000000
00022000
00122000
00112000
01021000
00002100
00000000
00000000
67
00000000
00022000
00222000
02222000
01011000
00001100
00000100
00000000
51
00001000
00021000
00222000
02222200
01011000
00001100
00000100
00000000
32
00001000
00111000
00222000
02222200
01021000
00201100
00000100
00000000
75
00001000
00111000
00222200
02222100
01021010
00201100
00000100
00000000
74
00201000
00221000
00222100
02222110
01021010
00201100
00000100
00000000
14
00201000
00221000
00222100
12111110
21021010
00201100
00000100
00000000
47
00201200
00222000
00222100
12111110
21021010
00101100
00010100
00000000
16
00201200
00222000
02222100
12211110
11021010
10101100
00010100
00000000
71
00201110
00222000
02222100
12212110
11022210
10101100
00010100
00000000
35
00201110
00222020
02222200
12212110
11111110
10101100
00010100
00000000
81
00201111
00222010
02222100
12211110
11211110
10201100
00210100
00000000
12
00201111
10222010
01222100
12111110
12211110
12201100
00210100
00000000
48
00201111
10222010
01222200
12111120
12222222
11201100
00110100
00010000
86
00201111
10222010
01222200
12111120
12222212
11202101
00112100
00010000
41
00211111
10112010
01212200
12111120
12222212
11202102
00112102
00010000
62
00211111
10111110
01211100
12111120
12222212
11202202
00112222
00010000
46
00211111
10111110
01211100
12111120
12211212
12112202
20112222
00010000
68
00211111
10111110
01211100
12111120
12211112
12212102
20221122
00210100
28
00211111
10111110
01211100
12111120
12211112
12212102
20121222
01110120
27
00211111
10111110
01222220
11111120
11211112
11112102
21121222
01110120
22
02211111
11211110
01122220
11111120
11211112
11112102
21121222
01110120
83
02211111
12211110
21111111
22111110
21211112
21112102
21121222
01110120
11
11111111
11211110
21111111
22222222
21211112
21112102
21121222
01110120
18
11111111
11211110
11111111
12222222
11211222
11112222
11121222
11110120
88
11111111
11222222
11111121
12222221
11211221
11112121
11121211
11110111
58
