00000000
00000000
00000000
00012000
00022200
00000000
00000000
00000000
66
00000000
00000000
00000000
00222000
00021200
00000100
00000000
00000000
53
00000000
00000000
00001200
00222000
00021200
00000100
00000000
00000000
35
00000000
00000000
00001200
00212000
00221200
00200100
00000000
00000000
64
00000000
00000200
00002200
00221100
00221100
00200100
00000000
00000000
24
00000000
00000200
02002200
01211100
00221100
00200100
00000000
00000000
26
00000000
00000200
02002200
01222220
00121100
01200100
00000000
00000000
33
00000000
00000200
02102200
01112220
00122200
01202100
00000000
00000000
84
00000000
00200200
02202200
01211111
00222200
01202100
00000000
00000000
42
00000000
00210200
02101200
01211111
00222200
02202100
20000000
00000000
27
00000000
00210200
02101220
01211211
00212200
02102100
21000000
00000000
72
00000000
00210210
02101110
01211211
00212200
02222100
21000000
00000000
37
00000000
00210210
02101110
01111111
00111200
02112100
22100000
02000000
52
00000020
00211210
02102110
01121111
00211200
02112100
22100000
02000000
47
00000020
00211210
02102110
01121111
00211100
02222220
22110000
02000000
43
00000020
00211210
02111110
01111111
00211100
02222220
22222000
02000000
18
00000020
00211210
22111110
02111111
00211100
02122220
21222000
12000000
77
00002020
00222210
22212110
02112111
00212100
02122120
21222010
12000000
48
00002020
00222210
22212110
02112111
00212100
02112220
21211020
12010002
21
01002020
00122210
22212210
02112121
00212102
02112220
21211020
12010002
87
01002022
00122220
22212210
02112121
00212102
02112210
21211021
12010002
83
01002022
00122220
22212211
02112111
00212102
02122210
21212021
12010202
61
01002122
00122222
22212122
02112212
00212102
02122210
21212021
12010202
12
01002122
10122222
21222122
02212212
02212102
02122210
21212021
12010202
75
01002122
10122222
21222122
02212212
02212212
02122220
21222221
12010202
41
01011122
12222222
22212122
02212212
02212212
02122220
21222221
12010202
14
01011122
12122222
11212122
11112212
01212222
02122222
21222222
12010202
11
11011122
11122222
11122122
11212212
02212222
22122222
21222222
12010202
58
11011122
11121222
11221122
12211212
22211222
22121222
21211222
12011202
31
11111122
11111222
11221122
12211212
22211222
22122222
22221222
12222202
78
