00000000
00000000
00020000
00022000
00021000
00000000
00000000
00000000
33
00000000
00000000
02220000
00012000
00021000
00000000
00000000
00000000
53
00000000
00000000
02221000
00012000
00022200
00000000
00000000
00000000
42
00000000
00010000
02211000
00222000
00022200
00000000
00000000
00000000
76
00000000
00010000
02211000
00221000
00022220
00000010
00000000
00000000
46
00000000
00010000
02211000
00211000
00012220
00010020
00000002
00000000
24
00000000
00010000
02222200
01111000
00012220
00010020
00000002
00000000
52
00000000
00011000
02211200
01111000
00012220
00020020
00200002
00000000
56
00002000
00021000
02211200
01111000
00011220
00021020
00200002
00000000
31
00102000
00011000
02211200
01112000
00021220
00221020
00200002
00000000
47
00102000
00011000
02211200
02112000
02011220
00211020
00210002
00000000
15
00102200
00012000
02121200
01212000
12011220
00211020
00210002
00000000
62
00102200
00011100
02121200
22212000
12011220
00211020
00210002
00000000
85
00102200
00011100
02121200
22212000
12021111
00212020
00210202
00000000
58
00102200
00011100
02121200
22212000
22021111
20212010
00210102
00001000
32
00102200
00111100
02111200
22211000
22021111
20212010
00222102
00001000
74
00122200
00221100
02121100
22221010
22021111
20212010
00222102
00001000
13
00122200
02221100
12221100
22221010
22021111
20212010
00222102
00001000
68
00122200
02221100
12221100
22221010
22021111
20212010
00221202
00001120
71
00111110
02221100
12221102
22221020
22021211
20212010
00221202
00001120
11
12111110
02221100
12121102
22211020
22021211
20212010
00221202
00001120
27
12111110
02221100
12122102
22222220
22011211
20112010
01111202
00001120
73
12111110
02221100
12122112
22222110
22021211
20212010
02111202
20001120
66
12111110
02222220
12122212
22222110
22021111
20211110
02111102
20001120
26
12111110
02222220
12122222
22222120
22022121
21111220
02222222
20001120
17
12222222
02222220
12122222
12222120
12022121
11111220
12222222
20001120
12
12222222
12222220
11222222
12222120
12222121
11221220
12222222
20001120
88
12222222
11222220
11122222
12212120
12221121
11221120
12222212
20001111
82
12222222
11111211
11122222
12212122
12221121
11221120
12222212
20001111
86
12222222
11111211
11122222
12212122
12221111
11221111
12222211
20001111
28
12222222
11111211
11122222
12212122
12221111
11211111
11222211
22201111
48
