00000000
00000000
00000000
00222000
00021000
00000000
00000000
00000000
35
00000000
00000000
00000000
00222000
00121000
00020000
00000000
00000000
53
00000000
00000000
00001000
00211000
02221000
00020000
00000000
00000000
47
00000000
00000200
00002000
00221000
02211000
00010000
00010000
00000000
23
00000000
00000200
01002000
02221000
02211000
00010000
00010000
00000000
14
00000000
00000200
01022000
11211000
02211000
00010000
00010000
00000000
15
00000000
00000200
01022000
11212000
11122000
00012000
00010000
00000000
67
00000000
00000200
01022000
11122000
11212000
02011000
00010100
00000000
65
00000000
00000200
01022000
11122000
11221100
02211000
00010100
00000000
27
00000000
00000200
01022000
11122000
11221100
01212000
01010200
00000020
52
00000000
00001200
01011000
11121000
11221100
02212000
21010200
00000020
66
00000000
00001200
01211000
11221000
11221100
02211100
21010200
00000020
71
00000010
00001100
01211000
11221000
11221100
02221100
21020200
00020020
37
00000010
00001100
01211000
11221020
11221200
01212100
21120200
00020020
75
00000210
00002100
01221000
11221020
11221110
01212100
21120200
00020020
68
00000210
00002200
01222200
11222020
11221110
01212100
21120100
00020120
72
00000210
00002210
22222100
12221020
11211110
01112100
21120100
00020120
32
00000210
00102210
21112100
12121020
11111110
01112100
21120100
00022220
51
00001110
02101210
22211100
12121020
11111110
01112100
21120100
00022220
42
00001110
02111210
22111100
12121020
11211110
01122100
21122100
00022220
38
00001110
02111210
22111200
12122220
11212210
01121200
21112200
00122220
84
00001110
02111210
22111200
12111121
11212222
01121200
21112200
00122220
12
02001110
12211210
12121200
12112121
11212222
01121200
21112200
00122220
88
02001110
12211210
12121200
12212121
12212222
22221200
21112200
00111111
76
02001110
12211210
12121200
12212121
12212222
22221110
22112100
20111111
73
02001110
12211110
12121110
12212111
12212212
22222222
22112100
20111111
11
12001110
11211110
12122222
12212122
12212212
22222222
22112100
20111111
41
12011112
11111120
11122222
12212122
12212212
22222222
22112100
20111111
31
11111112
11111120
11122222
12212122
12212212
22222222
22212100
22111111
87
11111112
11111120
11112222
12211122
12212122
22222222
22212221
22111111
82
