00000000
00000000
00000000
00012000
00022200
00000000
00000000
00000000
66
00000000
00000000
00000000
00012000
00021200
00000200
00000200
00000000
64
00000000
00000000
00020000
00022100
00021200
00000200
00000200
00000000
77
00000000
00000000
00020000
00022220
00021200
00000100
00000210
00000000
75
00000000
00000000
00020000
00022220
00022210
00002100
00000210
00000000
57
00000000
00000000
00020000
00022220
00022210
00002200
00001120
00000002
63
00000000
00000000
00020100
00022120
00022222
00002100
00001120
00000002
86
00000000
00000000
00020100
00022120
00022212
00002101
00002120
00002002
33
00000000
00000000
00120100
00012120
00021222
00002221
00002220
00002002
35
00000000
00000000
02220100
00012120
00111222
00002221
00002220
00002002
22
00000000
01002000
02120200
00012120
00111222
00002221
00002220
00002002
62
00000200
01002200
02120200
00012220
00111222
00002221
00002220
00002002
46
00000200
01002200
02120200
00012220
02222222
00011111
00002220
00002002
73
00000200
01002200
02120210
00012110
02221212
00022111
00022220
00002002
41
00010200
01001200
02120112
00012120
02221212
00022111
00022220
00002002
15
00010200
01001200
02120122
00012122
11111222
00022211
00022220
00002002
36
00010200
01001200
02120122
00012222
11112222
00121111
00222220
00002002
38
00010200
01001200
02120122
00012222
11112222
00121111
00122220
00122002
24
00010200
01001200
01122222
01012222
11112222
00121111
00122220
00122002
71
20010210
02001100
01221222
01022222
11112222
00121111
00122220
00122002
87
20010210
02021100
01222222
01022222
11112222
00121111
00111111
00122002
21
21010210
01022220
01222222
01022222
11112222
00121111
00111111
00122002
51
21011110
01011220
01121222
21021222
12111222
00221111
00121111
00122002
68
21011110
01011220
01121222
21021222
12111222
00221111
02221111
00111102
28
21011110
01011220
22221222
21021222
12111222
00211111
02121111
01111102
17
22211110
02021220
22222222
21021222
12111222
00211111
11121111
01111102
32
22211110
02111220
22212222
22221222
12211222
00211111
11121111
01111102
81
22211111
02111222
22212122
22221222
12211222
00211111
11121111
01111102
26
22211111
02111122
22211222
22212222
12121222
01211111
12121111
21111102
12
22211111
11111122
11211222
12112222
12111222
01211121
12121121
22222222
16
