00000000
00000000
00020000
00022000
00021000
00000000
00000000
00000000
35
00000000
00000000
00020000
00022000
00121000
00020000
00000000
00000000
53
00000000
00000000
00021000
02011000
00221000
00020000
00000000
00000000
26
00000000
00000000
00021000
02011000
02221000
01020000
00000000
00000000
37
00000000
00000000
00021000
02012000
02222200
01010000
00100000
00000000
33
00000000
00000000
00111000
02012000
02222200
01020000
00120000
00000000
76
00000000
02000000
00211000
02021000
02222100
01020010
00120000
00000000
57
00000000
02000200
00212000
02021000
02222100
01020010
00111000
00000000
63
00000000
02000200
00211100
02021000
02222100
01020010
00121000
00020000
61
00000100
02000100
00211100
02021000
22222100
02020010
00221000
00020000
34
00000100
02000120
00211200
02112000
22222100
02020010
00221000
00020000
27
00000100
02000120
00211200
02112000
22222100
02020010
02211000
02020000
16
00000100
02020120
00221200
02122000
21222100
12020010
02211000
02020000
36
00000100
02020120
00221200
02122000
21122100
11120210
02212000
02020000
81
00000101
02022110
00222100
02122000
21112100
11120210
02212000
02020000
32
00000101
02111110
00112100
02121000
21212100
22120210
22212000
02020000
77
00000101
02111110
00212100
02121000
21212100
22120210
22212020
02020002
67
00002101
02122110
00212100
02121000
21212100
22120110
22211120
02020002
13
00002101
02122110
10212200
01121020
21112100
22110110
22211120
02020002
23
00002101
02122110
11112200
01122220
21112100
22110110
22211120
02020002
21
01002221
01122210
11112200
01122220
21112100
22110110
22211120
02020002
38
01002221
01122210
11112200
01122220
21112200
22110120
22111122
02120002
41
01011111
01112210
11112200
01122220
21112200
22110220
22111222
02120202
58
01011111
01112222
11112200
01122220
21112200
22110220
22111222
02111202
78
01211111
01122222
11112200
01122220
21112200
22110220
22111222
02111112
73
22211111
02122112
11211110
01122120
21111200
22110220
22111222
02111112
12
22211111
11122112
11211110
01122120
21112200
22222220
22111222
02111112
84
22211111
11122112
11211210
01122121
21112202
22222220
22111222
02111112
86
22211111
11122112
11212210
01122221
21112221
22222221
22111212
02111112
83
22211111
21122111
21212211
22222211
22112121
22221221
22111212
02111112
18
