00000000
00000000
00000000
00021000
00012000
00000000
00000000
00000000
34
00000000
00000000
00200000
00121000
00012000
00000000
00000000
00000000
32
00000000
00100000
00100000
02221000
00012000
00000000
00000000
00000000
35
00000000
00100000
00100000
02121000
02222000
00000000
00000000
00000000
16
00000000
00100000
02100000
02221000
01222000
10000000
00000000
00000000
14
00000000
00100000
01102000
11122000
01222000
10000000
00000000
00000000
65
00000000
00100000
01102000
11122000
01121100
10200000
00000000
00000000
37
00000000
20100000
02102000
11222000
01121100
10100000
00100000
00000000
63
00000000
20100000
02102100
11221000
01211100
10200000
00200000
00200000
52
00000000
22101000
02201100
11221000
01211100
10200000
00200000
00200000
26
00000000
22101000
02201100
11222200
01111100
11200000
00200000
00200000
48
00000000
22101000
02201100
11222200
01122100
11220000
00100000
00210000
74
00000000
22221000
02201100
11111110
01122100
11220000
00100000
00210000
56
00000000
22221000
02201100
12111110
21111100
11111000
00100000
00210000
31
00120000
22211000
02101100
12111110
21111100
11111000
00100000
00210000
28
00120000
22211000
02101100
12111110
21111100
21111000
20100000
01110000
13
00120000
21211000
11101100
11111110
22222220
21111000
20100000
01110000
51
00111000
21211000
11121100
11222110
22222220
21111000
20100000
01110000
76
00111000
21211000
11121100
11222110
22222210
21111020
20100002
01110000
18
02111000
22211000
12121100
12222110
12222210
11111020
10100002
11110000
66
02111000
22211000
12121100
12212110
12221110
12211120
12100002
11110000
86
02111000
22211000
12121100
12212110
12221110
12221111
12220002
11110000
57
02111000
22211000
12121100
11212110
12121110
12212111
11111202
11110000
77
02111000
22211020
12121200
11212110
12121110
12212111
11111112
11110000
11
11111000
11211020
12121200
11212110
12121110
12212111
11111212
11110020
73
11111000
11211020
12122222
11212120
12121210
12212111
11111212
11110020
85
11111200
11212020
12122122
11212110
12121211
12212111
11111212
11110020
81
11111201
11212010
12122122
11212222
12121212
12212112
11111212
11110020
58
11111201
11212010
12122122
11212222
12121212
12212212
11111222
11111220
62
11111221
11211220
12122122
11222222
12221212
12212212
11111222
11111220
88
11111221
11211220
12122122
11222222
12221212
12212112
11111212
11111111
82
