00000000
00000000
00000000
00021000
00012000
00000000
00000000
00000000
43
00000000
00000000
00012000
00012000
00012000
00000000
00000000
00000000
66
00000000
00000000
00012000
00022000
00211000
00000100
00000000
00000000
25
00000000
00200000
00022000
00022000
01111000
00000100
00000000
00000000
52
00000200
00202000
00021000
00021000
01111000
00000100
00000000
00000000
51
00001200
00201200
00022000
00021000
01111000
00000100
00000000
00000000
34
00001200
00201200
00022000
00112000
01111200
00000100
00000000
00000000
63
00001200
00201200
00022220
00111000
01111200
00000100
00000000
00000000
76
00001200
00201200
00022220
00112000
01112100
00002110
00000000
00000000
72
00001200
00201110
00022120
00121000
01212100
02002110
00000000
00000000
57
00001200
00201110
00022120
00122000
01212100
02002110
00002000
00002000
46
00001200
00201110
00022120
00122000
01222100
02021110
00022000
00002000
21
01001200
00101110
00012120
00121000
01222100
02022110
00022200
00002000
84
01001200
00101110
00012110
00121001
01222220
02022210
00022200
00002000
27
01001220
00101210
00012110
00121001
01222220
01022210
01022200
00002000
81
01001111
00101222
00012110
00121001
01222220
01022210
01022200
00002000
48
01001111
00101222
00012110
00111001
01212210
01012222
01011200
00012000
74
01001111
00122222
00012110
00111011
01212110
01011222
01011200
00012000
83
01001111
00122211
00012111
00111011
01212110
02011222
21011200
00012000
24
01001111
00122211
00222111
01121011
01112110
02011222
21011200
00012000
77
01001111
00122211
00222211
01122211
01112220
02011212
21011110
00012000
85
01001111
00122211
00222211
01122211
01111111
02011212
21011120
00012002
41
01211111
00221211
00212111
01112211
01111111
02011212
21011120
00012002
68
01211111
00221211
00212111
01112211
01111111
02011212
22011120
02011102
22
01211111
01211211
00212111
01212211
01221111
02222212
22011120
02011102
23
01211111
01111211
01112111
01112211
01211211
02221222
22011122
02011102
18
01211111
01111211
01112111
22222211
01211211
02121222
21011122
12011102
78
01211111
02111211
22222111
22222211
01211211
02121212
21011112
12011112
15
01211111
02111211
22122111
21222211
11211211
02221212
22222222
12011112
38
22211111
02111211
22122111
21122211
11111211
02121212
22112222
11111112
12
