00000000
00000000
00000000
00012000
00022200
00000000
00000000
00000000
64
00000000
00000000
00020000
00022100
00022200
00000000
00000000
00000000
34
00000000
00000000
02020000
00211100
00022200
00000000
00000000
00000000
66
00000000
00000000
02020000
00222220
00021100
00000100
00000000
00000000
83
00000000
00000000
02020001
00222210
00022100
00020100
00000000
00000000
32
00000000
00100000
02010001
00221210
00022100
00020200
00000020
00000000
67
00000000
00100000
02010001
00221210
00022220
00020100
00000120
00000000
14
00000000
00100000
01010201
10222210
00022220
00020100
00000120
00000000
88
00000000
20100000
02010201
10222210
00022220
00020100
00000110
00000001
33
02000000
20200000
02120201
10212210
00021220
00020100
00000110
00000001
76
02000000
20200000
02120201
10212210
00022210
00022110
00000110
00000001
53
02000000
20200000
02111201
10212110
00022210
00022110
00000210
00000021
31
02100000
20100000
02111201
10212120
00022222
00022120
00000210
00000021
11
11100000
20100000
02111221
10212220
00022222
00022120
00000210
00000021
25
11120000
20200000
02111221
10112220
01022222
00022120
00000210
00000021
84
11120000
20202000
02112221
10112111
01022212
00022120
00000210
00000021
62
11120000
20202100
02111111
12222111
01022212
00022120
00000210
00000021
87
11120000
20202102
02111122
12221212
01022112
00022110
00000211
00000021
13
11120000
10202222
11111222
12222212
01022112
00022110
00000211
00000021
15
11120000
10222222
11122222
11222212
11022112
00022110
00000211
00000021
47
11120000
10222222
11122222
11222212
11022122
00022210
00012211
00000021
68
11120000
10222222
11122222
11222212
11022122
00022222
00012111
00000111
51
11111000
10212222
11122222
11222212
12022122
20022222
00012111
00000111
22
11111000
11112222
11122222
11222212
12022122
20022222
00022111
00200111
61
11111120
11112222
11122122
11222112
12022122
20022222
00022111
00200111
58
11111120
11111222
11121122
11221112
12021122
20021222
00022111
00221111
37
11111120
11111222
11121122
11221212
12022122
20021222
00211111
02221111
17
11111120
11111222
11121122
11221212
12022122
10021222
10211111
02221111
36
11111120
11111222
11121222
11222212
11022122
10211222
12211111
02221111
26
11111120
11111222
11121222
11222212
11222122
11211222
12211111
02221111
81
11111111
11111221
11121221
11222211
11222121
11211221
12211111
02221111
18
