00000000
00000000
00000000
00222000
00021000
00000000
00000000
00000000
35
00000000
00000000
00000000
00222000
00122000
00002000
00000000
00000000
65
00000000
00000000
00000000
00222000
00121100
00022000
00000000
00000000
37
00000000
00000000
00000000
00222000
00122220
00012000
00100000
00000000
43
00000000
00002000
00020000
00212000
00112220
00012000
00100000
00000000
23
00000000
00002000
01020000
00112000
00112220
00022000
00200000
02000000
64
00000000
00002000
01020000
02111100
00212220
00022000
00200000
02000000
42
00000000
00222000
01020000
02112100
00212220
00022000
00200000
02000000
47
00000000
00222000
01020000
02112100
00212220
00012000
00220000
02200000
13
00000000
00222000
11020000
01112220
00112220
00012000
00220000
02200000
61
00000100
20221000
12010000
01212220
00122220
00012000
00220000
02200000
85
00000100
20221000
22010000
22212220
00111111
00012000
00220000
02200000
83
00000100
20221000
22010001
22212222
00111111
00012000
00220000
02200000
57
00000100
20222200
22010001
22212222
00111111
00011000
00221000
02200000
41
00010100
20212200
22010001
22212222
00221111
00211000
00221000
02200000
48
00010100
20212200
22010001
22212222
00221111
00221000
00212000
02210200
72
00010100
20211110
22010001
22212222
00221221
00222200
00212000
02210200
77
00010100
20222222
22010002
22212222
00221221
00222100
00212010
02210200
21
01010100
22222222
22010002
22212222
00221221
00222100
00212010
02210200
81
01010101
22222221
22010001
22212221
00221221
00222102
00212020
02210200
87
01010101
22222221
22010001
22212221
00221221
00222221
00212021
02210200
25
01010101
21222221
21010001
21112221
01111221
02222221
00212021
02210200
53
01010101
21222221
21021001
21211121
02111211
22222221
00212021
02210200
17
01010101
21222221
21021001
21211121
22111211
22222221
10212021
02210200
18
01010101
21222221
21021021
21211221
22112211
22222221
10212021
11110200
71
01010111
21222111
21022211
21212211
22122211
22222221
10212021
11110200
88
01010111
21222111
22222211
22212211
22121211
22222121
10212011
11110201
27
01010111
21222111
21222111
21211211
21111211
21122221
11112211
11110201
78
01210111
22222111
21222111
21211211
21111211
21121221
11112111
11110211
11
11210111
11222111
11122111
11211211
11111211
11121221
11112211
11112211
51
