00000000
00000000
00000000
00021000
00012000
00000000
00000000
00000000
43
00000000
00000000
00010000
00011000
00222000
00000000
00000000
00000000
66
00000000
00000000
00012000
00021000
00221000
00000100
00000000
00000000
36
00000000
00000000
00012000
00021000
00212000
00100200
00000020
00000000
56
00000000
00000000
00012000
00022200
00211000
00101200
00000020
00000000
88
00000000
00200000
00022000
00022200
00211000
00101100
00000010
00000001
73
00000000
00200000
00022010
00022100
00211000
00201100
00200010
00000001
52
00000000
00201000
00021010
00022220
00211000
00201100
00200010
00000001
27
00000200
00202000
00021010
00022220
00211000
00101100
01200010
00000001
38
00000200
00202000
00021010
00022220
00212000
00102100
01102010
00100001
46
00000200
00202000
00021010
00022120
00222200
00111100
01102010
00100001
48
00000200
00202000
00021010
00022120
00222200
00112200
01101210
00110001
42
00000200
00212200
00012010
00022120
00212200
00112200
01101210
00110001
34
00000200
00212200
00012010
00111120
00112200
00112200
01122210
00110001
78
00000200
00212202
00012020
00111220
00112200
00111200
01122110
00110011
83
00000200
00212202
00012021
00111220
00112220
00111200
01122110
00110011
85
00000200
00212202
00012021
00111220
00111111
00111200
01122210
00110211
81
00000201
00212201
00012021
00111222
00111121
00111200
01122210
00110211
58
00000201
00212201
00022021
00112222
00111221
00111220
01111210
00111111
72
00000201
00211111
00022011
00112212
00121211
00211210
02111210
20111111
25
00000201
00211111
00022011
00112212
01121222
00111222
02111210
20111111
17
00000201
00211111
02022011
00212212
01121222
00111222
11111210
20111111
12
00000221
10211221
01022021
00112222
01111222
00111222
11111210
20111111
22
00000221
11111221
01022021
02222222
01111222
00111222
11111210
20111111
13
00200221
11121221
11022021
01222222
01111222
00111222
11111210
20111111
63
00200221
11121211
11022111
01221122
01211122
02222222
11111110
20111111
41
00210221
11111211
11012111
22211122
02211122
02222222
11111110
20111111
33
00210221
11111211
11112111
22111122
02111122
02122222
12211110
22111111
51
00211111
11111111
11112111
22111122
02111122
02122222
12222222
22111111
21
01111111
11111111
11112111
22111122
02111122
22122222
22222222
22111111
15
