00000000
00000000
00000000
00012000
00022200
00000000
00000000
00000000
64
00000000
00000000
00200000
00021100
00022200
00000000
00000000
00000000
66
00000000
00000000
00200000
00021100
00022100
00000200
00000020
00000000
56
00000000
00000000
00200000
00021100
00021100
00002200
00000220
00000000
47
00000000
00000000
00200000
00022220
00021100
00001200
00010220
00000000
43
00000000
00020000
00220000
00021220
00021100
00001200
00010220
00000000
32
00000000
00120000
00210000
00021220
00021200
00002200
00020220
00200000
52
00000000
00111000
00222000
00022220
00022200
00002200
00020220
00200000
24
00020000
00121000
00122000
01022220
00022200
00002200
00020220
00200000
76
00020000
00121000
00112000
01021220
00022220
00002220
00020220
00200000
46
00020000
02221000
00212000
01021220
00012220
00012220
00020220
00200000
78
00020000
02221000
00212000
01021220
00012220
00011220
00020220
00202010
86
00020000
02221000
00212000
01021220
00012220
00012211
00022220
00202010
51
00021000
02212000
00112200
01021220
00012220
00012211
00022220
00202010
12
00022200
11112000
00112200
01021220
00012220
00012211
00022220
00202010
84
00022200
11112000
00112202
01021121
00012220
00012211
00022220
00202010
88
00022200
11112000
00112202
01021121
00222220
00022111
00022210
00202011
73
00022200
11112000
00121112
01221111
00222210
00022111
00022210
00202011
37
00022200
11112000
00121112
01221111
00221210
00022211
00112210
00202211
36
00022200
11122000
00221112
02121111
20111210
00111111
00112210
00202211
13
02022200
11222000
10221112
01121111
20111210
00111111
00112210
00202211
82
02022200
11222001
10221111
22221111
20111210
00111111
00112210
00202211
48
02022200
11222001
10221211
22221121
20111222
00111121
00111210
00211111
31
22122200
22112001
20221211
22121121
20111222
00111121
00111210
00211111
87
22122200
22112001
20221211
22122121
20121122
00211111
02222211
00211111
62
22122200
22222221
20221221
22122121
20121122
00211111
02222211
00211111
23
22122200
22222221
21111221
22122121
20221122
02211111
02222211
00211111
17
22122200
22222221
21121221
22212121
22221122
01211111
11111111
00211111
28
22122200
22222221
21121221
22212121
22221122
01211111
12111111
21111111
71
22222222
22222122
21121212
22212112
22221112
01211111
12111111
21111111
16
