00000000
00000000
00000000
00222000
00021000
00000000
00000000
00000000
53
00000000
00000000
00001000
00221000
00022200
00000000
00000000
00000000
56
00000000
00000000
00001000
00221000
00021200
00002000
00000200
00000000
36
00000000
00000000
00001000
00222200
00011200
00102000
00000200
00000000
63
00000000
00000000
00001100
00221200
00222200
00102000
00000200
00000000
24
00000000
00000020
00001200
01112200
00222200
00102000
00000200
00000000
66
00000000
00000020
00201200
01212200
00221200
00102100
00000200
00000000
46
00000000
00000020
00201200
01212200
00212200
00221100
00200200
00000000
57
00000000
00002020
00202200
01212200
00112200
00211100
00201200
00000000
32
00200000
00202020
00202200
01212200
00212200
00211100
00201200
00000000
81
00200001
00202010
00202100
01211200
00212200
00212100
00222200
00000000
43
00200001
00202010
00211100
01211200
00212220
00212200
00222200
00000000
25
00200001
00202010
00211100
22222200
02112220
00212200
00222200
00000000
51
00201001
00201010
00211100
22222200
02212220
02212200
00222200
00000000
13
00201001
00201010
10211100
22222200
22112220
02212200
00222200
00000000
17
00201001
00201210
10212200
22222200
22112220
01212200
10222200
00000000
71
00201211
00202210
10221200
22212200
22112220
01212200
10222200
00000000
85
00201211
00202210
10221200
22212200
22111211
01212220
10222200
00000000
22
00201211
01202210
10121200
22212200
22111221
01212222
10222200
00000000
58
00201211
01202210
10121200
22212200
22111221
02211212
12221100
00001000
28
00201211
01202220
10121202
22212200
22111221
02211212
12121100
01001000
21
01201211
01102220
10111202
22211200
22111121
02211212
12222100
01021000
23
22201211
02102220
11211202
21121200
21112121
01211212
11222100
01021000
42
22201211
02112220
11111202
21121202
21112122
01211212
11222100
01021000
73
22201211
02112110
11111212
21122222
21111222
01212212
11222100
01021000
16
22201211
02112110
11111212
11122222
11111222
11212212
11222200
01022200
78
22201211
02112222
11111222
11122222
11111222
11211212
11222100
01022210
87
22201211
02112221
11111221
11122221
11111221
11211211
11222101
01022222
12
22201211
11112221
11111221
11122221
11111221
11211221
11222221
01022222
41
22211211
21111221
21111121
21122211
21111221
21211221
22222221
21022222
38
