00000000
00000000
00000000
00222000
00021000
00000000
00000000
00000000
33
00000000
00000000
00100000
00212000
00022000
00002000
00000000
00000000
64
00000000
00000000
00102000
00212100
00022000
00002000
00000000
00000000
66
00000000
00000000
00102000
00212100
00021000
00002220
00000000
00000000
46
00000000
00200000
00202000
00212100
00011000
00012220
00000000
00000000
52
00002000
00202000
00202000
00212100
00012000
00012220
00000000
00000000
42
00002000
00212000
00201000
00212100
00012000
00022220
00200000
00000000
63
00002000
00212000
00221100
00221100
00022000
00022220
00200000
00000000
62
00002000
00211200
00222220
00221200
00022000
00022220
00200000
00000000
47
00022000
00212200
00212220
00211200
00012000
00012220
00210000
00000000
21
01222000
00222200
00212220
00211200
00012000
00012220
00210000
00000000
65
01222000
00222200
00212220
00212200
00012100
00012220
00222000
00000000
22
01222000
22222200
00112220
00212200
00012100
00012220
00222000
00000000
61
01111100
22222220
00112220
00212100
00012100
00012220
00222000
00000000
68
01111100
22222220
00112220
00212100
00012100
00012220
00222000
00002100
71
01111110
22222120
02222220
00212100
00012100
00012220
00222000
00002100
87
01111110
22222120
02222220
00212100
00022100
00222210
00222001
00002100
26
01111110
22222120
02222220
00212100
02022100
01211110
00222001
00002100
14
01111110
22122120
22222220
10212100
02022100
01211110
00222001
00002100
28
01111110
22122120
22222220
10212100
02022100
01211110
00122001
01002220
84
01111110
22122120
22222210
10222101
02222100
01221110
00122001
01002220
82
01111110
22122111
22222210
10222101
02222100
01221210
00122021
01002220
67
01111110
22122111
22222210
10222101
02222100
01222222
00111121
01002220
27
01111110
22122111
22222110
10221101
02212100
01122222
01111122
01002222
16
01111110
22121111
22212110
10122221
01212200
11122222
01111122
01002222
24
01111112
21111121
21112210
11122221
01112200
11112222
01111122
01002222
83
01111112
21111111
21112211
11122211
01112220
11111222
01111122
01002222
85
01111112
21111111
21112211
11122211
01211111
12111212
22222222
01002222
18
01111112
21111111
21112211
21122211
22211111
12111212
11222222
11002222
11
11111112
11111111
11112211
11122211
12211111
12111212
11222222
11002222
48
