00000000
00000000
00000000
00021000
00012000
00000000
00000000
00000000
65
00000000
00000000
00000000
00021000
00012100
00000200
00000000
00000000
43
00000000
00000000
00012000
00012000
00012100
00000200
00000000
00000000
63
00000000
00000000
00011100
00011200
00012200
00000200
00000000
00000000
67
00000000
00000000
00211100
00021100
00012100
00000100
00000100
00000000
35
00000000
00000000
00222220
00011200
00112100
00000100
00000100
00000000
32
00000000
00100000
00212220
00011200
02222100
00000100
00000100
00000000
83
00000000
00120000
00222111
00021200
02222100
00000100
00000100
00000000
52
00000000
00111000
00221111
00022200
02222200
00000120
00000100
00000000
87
00000000
00111002
00211121
00021200
02222100
00000110
00000101
00000000
74
00020000
00121002
00221121
00021110
02222100
00000110
00000101
00000000
34
00020000
00121002
00111121
00111110
02222100
00000210
00000121
00000000
88
00020000
00121002
00111121
00111210
02222100
00020110
00000111
00000001
47
00020000
00122202
00112221
00121210
02212100
00010110
00010111
00000001
61
00020100
00122102
00112221
00121120
02212102
00010110
00010111
00000001
15
00020100
00122222
00112221
00121120
11112102
00010110
00010111
00000001
51
00021100
00111222
00111221
00121120
11112102
00020110
00210111
00000001
28
00021100
00111222
00111221
00121120
11211102
02010110
00110111
01000001
36
00021100
00111222
00111221
00121220
11111202
02110210
00110211
01000201
31
00111100
00111222
00111221
00121220
11111202
02222210
00110211
01000201
17
00111100
00111222
00111221
00121220
11111202
01222222
10110221
01000201
71
00111110
02222222
00211221
00121220
11111202
01222222
10110221
01000201
11
10111110
01222222
00211221
02222220
11211202
01222222
10110221
01000201
57
10111110
01222222
00211221
02222220
11212202
01222222
10122211
01002201
84
10111110
01222122
00211211
02222221
11212201
01222221
10222211
01202201
23
10111110
01122122
01111211
01122221
11212201
01222221
10222221
01202221
75
10111110
22222122
02111211
01222111
11221111
01222221
10222221
01202221
27
10111110
22222122
02111211
22222111
12221111
01222221
11111111
01202221
13
10111110
11222122
11111211
11222111
12121111
01212221
12111111
22202221
16
12111110
12222122
12111211
12122111
12121111
12212221
12111111
22202221
48
