00000000
00000000
00000000
00021000
00012000
00000000
00000000
00000000
34
00000000
00000000
00000000
00111000
00222000
00000000
00000000
00000000
46
00000000
00000000
00000000
00111000
00212000
00020000
00200000
00000000
65
00000000
00000000
00000000
00111000
00222220
00020000
00200000
00000000
76
00000000
00000000
00002000
00122000
00222120
00020010
00200000
00000000
85
00000000
00000000
00002000
02222000
00222111
00020010
00200000
00000000
25
00000000
00000000
00002000
02222000
02211111
02020010
00200000
00000000
23
00000000
02000000
02002000
02122000
02211111
02020010
00200000
00000000
28
00000000
02000000
02202000
02222000
02211111
02010010
00100000
01000000
63
00000000
02000000
02202220
02221000
02211111
02010010
00100000
01000000
11
10000000
01200000
02202220
02211000
02211111
02010010
00100000
01000000
12
12000000
12200000
02202220
02111000
02211111
02010010
00100000
01000000
15
12000000
12200000
02202220
02212000
11122111
01012010
00100000
01000000
43
12000000
12200000
02212220
02121000
11222111
02012010
20100000
01000000
83
12000000
12200000
02211111
02121000
11222111
02012010
20200000
01020000
47
12000000
12202000
02212111
02122000
11222111
02011010
20210000
01020000
51
12001000
12201000
02221111
02122000
11221211
02011020
20210002
01020000
31
11101200
12102000
02121111
02122000
11221211
02011020
20210002
01020000
13
11101200
11102000
11121111
01122000
11121211
02012020
20220002
01220000
57
11101200
11102200
11122111
01122000
11121211
02011020
20221002
01220000
64
11101200
11102200
11122121
01111102
11121211
02011020
20221002
01220000
67
11122200
11102200
11122121
01111102
11121211
02011010
20221102
01220000
58
11122200
11102200
11122121
01211102
12121211
22011010
20221102
01111000
82
11122200
11202201
12122111
22211102
22121211
22011010
20221102
01111000
74
11122200
11202201
12122111
22211212
22121122
22011012
20221102
01111000
27
11122200
11202201
11122111
21211212
22221122
22211012
21111102
01111000
18
11122200
11202201
11122111
11211212
12221122
12221012
11112102
11111200
71
11111110
11202101
11121111
11211212
12221122
12222012
11112202
11111220
66
11111110
11202101
11121111
11211212
12221122
11111122
11111222
11111220
88
11111110
11222221
11122221
11212221
12221121
11111121
11111211
11111111
81
