00000000
00000000
00020000
00022000
00021000
00000000
00000000
00000000
33
00000000
00000000
00120000
00012000
00022200
00000000
00000000
00000000
64
00000000
02000000
00220000
00021100
00022200
00000000
00000000
00000000
46
00000000
02000000
00220200
00022200
00021200
00010000
00000000
00000000
11
10000000
01000000
00120200
00222200
00021200
00010000
00000000
00000000
42
10000000
01210000
00220200
00212200
00011200
00010000
00000000
00000000
53
10002000
01220000
00221200
00211200
00011200
00010000
00000000
00000000
31
10102000
01222000
00221200
00211200
00011200
00010000
00000000
00000000
41
10112000
01212000
00212200
00212200
00022200
00012000
00000000
00000000
76
12222000
01212000
00212200
00211200
00022100
00012010
00000000
00000000
66
12222000
01212000
00212200
00211200
00021100
00021110
00020000
00000000
72
12222000
01212010
00212100
00221200
00022100
00021210
00020020
00000000
67
12222002
01212020
00212200
00222200
00022100
00021110
00020120
00000000
88
12222002
01212020
00212200
00222200
00022200
00021120
00020112
00000001
61
11111102
22211020
00212200
00222200
00022200
00021120
00020112
00000001
75
11111102
22211020
00211200
00222100
00022210
00022110
00020212
00000021
23
11111102
21111020
01111200
00222100
00022222
00022120
00020212
00000021
73
11111102
21111022
01111120
00222200
00022222
00022120
00020212
00000021
86
11111102
21111022
01111120
00222220
00022222
00022121
00020221
00000021
68
11111102
21111022
01111120
00222220
00022222
00022121
00020211
00002111
13
11111102
11111022
11111120
00222220
00022222
00022221
00022211
00002111
36
11111102
11111022
11111120
00221220
02012222
00211111
00022211
00002111
71
11111112
11111012
11111110
00221210
02222212
00221111
00022211
00002111
48
11111112
11111012
11111112
00211220
02212212
00211111
00011211
00011111
14
11111112
11111022
11111212
10212220
01222212
00211111
02011211
00011111
24
11111112
11111022
11111212
11112220
22222212
00211111
02011211
00011111
37
11111112
11111022
11111212
11112220
22122212
00121111
02211211
02011111
62
11111112
11111122
11111112
11112120
22122112
02221111
02211211
02011111
84
11111112
11111122
11111112
11112121
22122211
02222111
02221211
02211111
16
11111112
11111122
11111112
11112121
11122211
11111111
02221211
02211111
18
