00000000
00000000
00000000
00012000
00022000
00002000
00000000
00000000
46
00000000
00000000
00000000
00012000
00012000
00022000
00200000
00000000
66
00000000
00000000
00000000
00012000
00011000
00022220
00200000
00000000
53
00000000
00000000
00201000
00021000
00012000
00022220
00200000
00000000
35
00000000
00000000
00201000
00011000
02222000
00022220
00200000
00000000
36
00000000
00000000
00221000
00021000
02222000
00122220
00200000
00000000
34
00000000
00000000
00221000
00111000
02122000
00222220
00220000
00000000
27
00000000
00000000
00222200
00111000
02112000
00122220
01220000
00000000
72
00000000
00000010
00222220
00111000
02112000
00122220
01220000
00000000
86
00000000
00000010
00222220
00111000
02112000
00111111
22220000
00000000
32
00000000
00100010
00112220
00111000
02112000
00112111
22222000
00000000
67
00000000
00120010
00122220
00121000
02122000
00121111
22222100
00000000
65
00000000
02220010
00222220
00121000
02111100
00121111
22222100
00000000
74
00000000
02220010
00222222
00121020
02111200
00122111
22222100
00000000
41
00010000
02210010
02212222
00211020
02121200
00122111
22222100
00000000
15
00010000
02210010
02212222
00221020
11122200
00122211
22222220
00000000
24
00010000
02210010
02112222
01111020
11122220
00122221
22222220
00000000
88
00010000
02210010
02112222
01111020
11121220
00122121
22222220
00000021
11
10010002
01210020
02112222
01111020
11121220
00122121
22222220
00000021
13
10010002
01222020
11112222
01111020
11121220
00122121
22222220
00000021
58
10010002
01222020
11112222
01111220
11122220
00121121
22211220
00001021
51
10011002
01211020
11111222
01111220
11122220
02221121
22211220
00001021
87
10011002
01222220
11112222
01121220
11222120
02221111
22211111
00001021
82
10011002
21111111
12112222
01221220
11222120
02221111
22211111
00001021
38
10011202
21111221
12112222
01121220
11122120
02121111
22111111
00101021
71
10011112
21111111
12111212
01111210
11122110
02121111
22221111
00121021
84
10011112
21111111
12111211
01111211
11122110
02121111
22221111
02221021
68
12011112
22111111
12111211
01111211
11122110
02121111
22221111
02221111
31
11111112
21111111
22111211
22222211
12122110
02221111
22221111
02221111
18
11111112
21111112
22111112
22221212
12112222
02121111
21221111
11111111
16
