00000000
00000000
00000000
00021000
00012000
00000000
00000000
00000000
65
00000000
00000000
00000000
00021000
00012100
00000200
00000000
00000000
56
00000000
00000000
00000000
00021000
00021100
00022200
00000000
00000000
67
00000000
00000000
00000000
00021000
00022220
00022100
00000100
00000000
76
00000000
00000000
00000000
00021000
00022120
00022110
00000200
00000020
58
00000000
00000000
00000000
00021000
00022120
00022220
00000120
00001020
87
00000000
00000000
00002000
00022000
00022120
00022210
00000111
00001020
85
00000000
00000000
00002000
00022002
00022121
00022210
00000111
00001020
74
00000000
00000000
00002000
00022012
00022112
00022222
00000111
00001020
83
00000000
00000000
00002021
00022021
00022121
00022221
00000111
00001020
72
00000000
00000010
00002011
00022211
00022211
00022211
00000111
00001020
57
00000000
00000012
00002021
00022211
00022211
00022111
00001111
00001020
36
00000020
00000022
00002021
00022211
00022211
00111111
00001111
00001020
35
00000020
00000022
00002022
00022212
00112112
00111212
00001122
00001022
63
00000020
00000022
00002122
00021112
00112112
00121212
00201122
00001022
34
00000020
00000022
00002122
00111122
00112212
00122212
00222222
00001022
81
00000021
00000222
00002222
00111222
00112212
00122212
00222222
00001022
48
00000021
00000222
02002222
00211222
00122212
00112112
00211222
00011022
26
00000021
00000222
02002222
00221222
00222212
02112112
20111222
00011022
61
00000111
00000122
02022122
00222122
00222212
02112122
20111222
00011022
42
00200111
00020122
02012122
00212222
00212222
02112122
20111222
00011022
52
00200111
00021122
02011222
00212222
00221222
02211122
22222222
00011022
41
00210111
00011122
02222222
00222222
00222222
02211222
22222222
00011022
12
00210111
10011122
01222222
02222222
00212222
02211222
22222222
00011022
18
00210111
10011122
22222222
02222222
00212222
02111222
21222222
10011022
68
00222111
10022222
22222122
02222122
00212122
02111122
21221122
10011122
28
00222111
10022222
22222122
02222122
02212122
02211122
21121122
11011122
38
20222111
20022222
22222122
02222122
02212122
02211122
21111122
11111122
21
21111111
20022222
22222122
02222122
02212122
02211122
21111122
11111122
22
21111111
21022222
21122122
22212122
02211122
01211122
21111122
11111122
32
21111111
21122222
21112122
22211122
02211122
22211122
21111122
11111122
15
