00000000
00000000
00000000
00012000
00022000
00002000
00000000
00000000
64
00000000
00000000
00000020
00011200
00022000
00002000
00000000
00000000
57
00000000
00000000
00000020
00011200
00022200
00001000
00001000
00000000
46
00000000
00000000
00000020
00011200
00012200
00012000
00002000
00002000
67
00000000
00000000
00000020
00011200
00012200
00011000
00002220
00002000
82
00000000
00000001
00002010
00012100
00012200
00012000
00002220
00002000
63
00000000
00000001
00002110
00021100
00222200
00022000
00002220
00002000
34
00000000
00000201
00002210
00111200
00222200
00022000
00002220
00002000
72
00000000
00000211
02002110
00211200
00222200
00022000
00002220
00002000
61
00000100
00000111
02022110
00222200
00222200
00022000
00002220
00002000
36
00000120
00000211
02022110
00221200
00212200
00122000
00002220
00002000
37
00000120
00000211
02022120
00221102
00211200
00112000
00102220
00002000
75
00000120
00000211
02022120
00221202
00211120
00112002
00102220
00002000
78
00000120
00000211
02022120
00222202
00211220
00111022
00102220
00002010
25
00000120
00000211
02022120
00222202
01211220
02111022
00102220
00002010
83
00000120
00000211
02022111
00222202
01211220
02211022
00202220
00202010
81
00000111
00000211
02022111
00222202
22211220
02211022
00202220
00202010
51
00001111
00000111
02022111
00222202
22221220
02222022
00222220
00202010
66
00001111
00000111
02022111
00222222
22221220
02222122
00222220
00202010
27
00001111
00000111
02022111
00221222
22211220
22122122
02222220
00202010
33
00001111
02000111
02211111
00121222
22112220
22122222
02222220
00202010
14
00001111
02000111
02211111
12221222
22212220
22122222
02222220
00202010
12
00001111
12002111
01222211
12222222
22212220
22122222
02222220
00202010
17
00001111
12002111
22221211
12212222
12112220
11122222
12222220
00202010
48
00001111
12002111
22221211
22212222
22112220
21112222
22112220
20212010
85
20001111
22002111
22221211
22212221
22111111
21112222
22112220
20212010
32
20021111
22202111
22111211
22111221
22111111
21112222
22112220
20212010
31
22111111
22202111
22121211
22112221
22111211
21112222
22112220
20212010
42
22111111
22211111
22111211
22112221
22112211
21122222
22212220
22212010
87
22111111
22211111
22111211
22111221
22112111
21122211
22211121
22212012
68
