00000000
00000000
00000000
00021000
00012000
00000000
00000000
00000000
65
00000000
00000000
00000000
00022200
00011100
00000000
00000000
00000000
33
00000000
00000000
00100000
00012200
00011200
00000020
00000000
00000000
75
00000000
00000000
00100000
00012200
00011210
00000220
00000000
00000000
74
00000000
00000000
00100000
00011110
00222210
00000220
00000000
00000000
25
00000000
00000000
00120000
00012110
01111210
00000220
00000000
00000000
56
00000000
00000000
00120000
00022110
01121110
00022220
00000000
00000000
53
00000000
00200000
00121000
00012110
01121210
00022220
00000000
00000000
47
00000000
00200000
00121000
00012110
01112110
00012220
00012000
00000000
31
00100000
00100000
00121000
00022110
01122110
00022220
00022000
00020000
38
00100000
00100000
00121000
00022110
01122110
00021220
00222000
00120000
67
00100000
00100000
00121000
00022110
22222110
00021120
00222100
00120000
87
00100000
00100000
00122200
00022110
22222110
00021110
00222101
00120000
52
02100000
00201000
00121100
00021110
22221110
00021110
00222101
00120000
27
02100000
00201000
00121100
00022222
22221120
00021210
01112101
00120000
34
02100200
00202000
00121100
00222222
22211120
00021210
01112101
00120000
77
02100200
00202000
00122220
00222222
22211120
00021110
01112111
00120000
11
11100200
00202000
00122220
00222222
22211120
00021110
01212111
02220000
85
11100200
00202000
00122220
00222222
22211111
00021110
22212111
02220000
72
11100200
00202210
00122220
00221212
22211111
00021110
22212111
02220000
36
11100200
00202210
00122220
00121222
22111121
00111120
22212121
02220020
88
11100202
00202220
00122220
00121222
22111121
00111120
22212111
02220021
51
11101202
00201220
00121220
00121222
22111122
00111122
22212111
02220021
16
11101202
00201220
00121220
00121222
21111122
10111122
22212211
02222021
14
11101202
00201220
02221220
10221222
11121122
10112122
22212211
02222021
71
11122222
00202110
02221210
10221212
11121112
10112112
22212211
02222021
18
11122222
00202110
02221210
10221212
11121112
10112112
11212221
12222221
42
11122222
00211110
02211210
12211212
11211112
10122112
11212221
12222221
26
11122222
00211120
02211222
12211222
11111212
11122112
11212221
12222221
82
11122222
00211111
02211211
12211121
11111211
11122111
11212221
12222221
22
11122222
21111111
02111211
11211121
11111211
11122111
11212221
12222221
13
