00000000
00000000
00000000
00021000
00012000
00000000
00000000
00000000
56
00000000
00000000
00000000
00021000
00012000
00001200
00000000
00000000
65
00000000
00000000
00000000
00022200
00011200
00001200
00000000
00000000
43
00000000
00200000
00020000
00012200
00011200
00001200
00000000
00000000
53
00000000
00200000
00021000
00011200
00011200
00002200
00020000
00000000
67
00000000
00200000
00221000
00021200
00012200
00001200
00020100
00000000
38
00000000
00202000
00222000
00022200
00012200
00001200
00010100
00100000
51
00001000
00221000
00222000
00021200
00011200
00001200
00010100
00100000
41
00011000
00222200
00212000
00011200
00011200
00001200
00010100
00100000
24
00011000
00212200
00112000
01011200
00012200
00022200
00010100
00100000
74
00011000
00212200
02222000
01011110
00012100
00021200
00010100
00100000
76
00211000
00222200
02222000
01011110
00012100
00021110
00010100
00100000
63
00222200
00222200
02222100
01011110
00012100
00021110
00010100
00100000
37
00222200
00222200
02222100
02011110
20011100
00011110
00110100
00100000
13
00222200
00222200
11112100
02021110
20211100
00011110
00110100
00100000
21
01222200
00122200
11112200
02021210
20211200
00011210
00110200
00100200
58
01222200
00222200
11222200
02221210
20211200
00011210
00110100
00101200
14
01222200
20222200
21222200
21111210
20211200
00011210
00110100
00101200
77
01222200
20222200
21222200
21111220
20211202
00011110
00110110
00101200
26
01222200
20222200
21222200
21111220
20111202
01011120
00110112
00101200
75
01222200
20222200
21222200
21211220
22222222
01011110
00110112
00101200
73
01222200
20222200
21111110
21211110
22221212
02021110
00220112
00122200
57
01222200
20222200
21111110
21211110
22121212
02011110
00221112
02222200
36
01222200
20222200
21112110
21211210
22111222
02222222
00221122
02222200
71
01111110
20222100
22222222
21211220
22111222
02222222
00221122
02222200
82
01111110
20222101
22222212
21211120
22111222
02222222
00221222
02222220
22
01111112
21111102
21122212
21211120
22111222
02222222
00221222
02222220
16
01111112
21111102
21112212
21111120
21111222
22222222
20221222
02222220
27
01111112
22222222
21112222
21111120
21111222
21122222
21111222
02222220
84
01111112
22222122
21112212
21112111
21121212
21222122
22111222
22222220
11
11111112
21222122
21112212
21112111
21121212
21222122
22111222
22222220
88
