00000000
00000000
00000000
00021000
00012000
00000000
00000000
00000000
56
00000000
00000000
00000000
00021000
00012000
00001200
00000000
00000000
76
00000000
00000000
00002000
00022000
00012000
00001110
00000000
00000000
43
00000000
00000000
00222000
00022000
00012000
00001110
00000000
00000000
42
00000000
00210000
00222000
00012000
00012000
00001110
00000000
00000000
64
00000000
00210000
00221000
00011100
00222000
00001110
00000000
00000000
24
00000000
00210000
00122200
01012100
00222000
00001110
00000000
00000000
62
00000000
00210120
00121200
01012100
00222000
00001110
00000000
00000000
31
00100000
00110120
00121200
01222100
00222000
00001110
00000000
00000000
46
00100000
00110120
00111200
01212100
00221000
00211110
00000000
00000000
37
00100000
00110120
00111200
01112200
00122200
00111110
00100000
00000000
75
00100000
00112220
00112200
01112100
00111110
00111110
00100000
00000000
51
00101000
00111220
00112200
01121100
00211110
02111110
00100000
00000000
25
00101000
00111220
02222200
02121100
02111110
02111110
00100000
00000000
15
00101000
00111220
02122200
22221100
11111110
01111110
00100000
00000000
12
00101000
10111220
01122200
22122100
11212110
01122110
00102000
00000000
13
02101000
10211220
11122200
12122100
11212110
01122110
00102000
00000000
81
02101001
10211210
11122100
12121100
11212110
01222110
00202000
00200000
71
02101011
10211110
11121100
12211100
12112110
22222110
00202000
00200000
48
02101011
10211110
11121100
12211100
12112110
21222110
00102000
00222000
17
02101011
10211110
11121100
12211100
12112110
11222210
10102020
00222000
11
11101011
10211110
11121100
12211100
12112110
11222222
10102020
00222000
88
11101011
10222222
11121100
12211100
12111110
11222122
10102010
00222001
73
11101011
10222112
11121110
12211100
12111110
11222122
10202010
02222001
22
11101011
11111112
11121110
12211100
12111110
11222122
10202020
02222201
83
11101011
11111111
11121111
12211100
12222222
11222122
10202020
02222201
87
11101011
11111111
11121111
12211100
12222122
12222112
12202021
02222201
84
11101011
11111111
11121111
12222221
12222221
12222121
12202021
02222201
47
11101011
11111111
11111111
12212211
11222121
12211121
12112021
22222201
78
11101211
11112211
11121211
12212211
11222111
12211111
12112011
22222211
41
