00000000
00000000
00000000
00021000
00012000
00000000
00000000
00000000
34
00000000
00000000
00002000
00112000
00012000
00000000
00000000
00000000
65
00000000
00000000
00002000
00112000
00012100
00002000
00000000
00000000
47
00000000
00000000
00002000
00112000
00022100
00201000
00010000
00000000
66
00000000
00000000
02002000
00212000
00021100
00201100
00010000
00000000
35
00000000
00000000
02002000
00222000
00211100
02201100
00010000
00000000
52
00000000
00001000
02001000
00221000
00221100
02221100
00010000
00000000
12
00000000
10001000
01001000
00121000
00211100
02222220
00010000
00000000
33
00000000
10201000
01201000
00211000
00211100
02222220
00010000
00000000
41
00010000
10101200
01202000
00221000
00211100
02222220
00010000
00000000
27
00010000
10101200
01202000
00221000
00211100
02122220
01020000
00020000
25
00010000
10101200
01202000
00221020
01111200
01122220
01020000
00020000
77
00010000
10101200
01202000
00221020
01111200
01122120
01020020
00020020
37
00010000
10101200
01202000
00222220
01111200
01112120
01120020
00020020
63
00010000
10101200
01222100
00222120
01111200
01112120
01120020
00020020
67
00210000
10201200
01222100
00222120
01111200
01111120
01120120
00020020
83
00210200
10202200
01222101
00222110
01111100
01111120
01120120
00020020
22
00210200
11202200
01122101
00212110
01112100
01112120
01122220
00020020
88
00210200
11202200
01122201
00212120
01112102
01112120
01122210
00020021
71
00210210
12202100
22221201
00212120
01112102
01112120
01122210
00020021
86
00210210
12202100
22221201
00212120
01122102
01212111
02122210
20020021
73
00210210
12202100
22221111
00212120
01122102
01212111
02222210
20220021
68
00210210
12202100
22221111
20212120
02122102
01212111
02221110
20220111
51
00211110
12201102
22221121
20212220
02122102
01212111
02221110
20220111
21
21111110
22101102
22211121
20211220
02122102
01212111
02221110
20220111
75
21111110
22101122
22211221
20212120
02122112
01212111
02221110
20220111
15
21111110
22101122
22211221
20212120
11122112
01212121
02222210
20222111
87
21111110
22222222
22221221
20222120
11122112
01212111
02222211
20222111
17
21111110
22222222
22221222
20222122
11122122
01212211
11112111
20222111
81
21111111
22222211
22221121
22221121
11212121
01122211
11112111
20222111
28
