00000000
00000000
00000000
00021000
00012000
00000000
00000000
00000000
34
00000000
00000000
00002000
00112000
00012000
00000000
00000000
00000000
66
00000000
00000000
00002000
00112000
00012000
00002100
00000000
00000000
65
00000000
00000000
00002000
02222000
00011100
00002100
00000000
00000000
47
00000000
00000000
00002000
02222000
00021100
00002100
00010200
00000000
52
00002000
00002000
00002000
02222000
00022100
00002100
00010200
00000000
35
00002000
00002000
00002000
02222000
00111100
00002100
00020200
00200000
62
00002000
00002100
00001000
02212000
00211100
00022100
00020200
00200000
57
00002000
00002220
00001000
02212000
00211100
00021100
00021200
00200000
26
00002000
00002220
00021000
02222000
00121100
01021100
00021200
00200000
32
00002000
00102220
00011000
02221000
00121100
01021100
00022200
00200200
61
00002100
00122220
00021000
02221000
00121100
01021100
00022200
00200200
14
00002100
00122220
20021000
12111000
00221100
01021100
00022200
00200200
33
00002220
00122220
20111000
12111000
00221100
01021100
00022200
00200200
41
00012220
00112220
20111000
12222200
00222200
01021200
00022200
00200200
63
02012220
00211220
20121100
12222200
00222200
01021200
00022200
00200200
48
02012220
00211220
20111100
22212200
20212200
01011200
00012200
00210200
23
02012220
20111220
22111100
22212200
20222200
01012200
00012200
00210200
74
02012220
20111220
22111100
22211110
20222100
02011200
20012200
00210200
78
02222220
20211220
22211100
22211110
20222100
02011200
20012100
00210210
25
02222220
20211220
22211200
22212110
22221100
02222200
20012100
00210210
73
02222220
20211220
22211110
22212110
22221100
02222200
20012100
00210222
37
02222220
20211220
22211110
22212110
22221100
02212200
22222100
00210222
75
02222220
20211220
22222222
22212120
22221210
02212100
22221100
00210222
22
02222220
21111220
22122222
22212120
22221222
02212100
22221100
00210222
16
02222220
21111220
22112222
22112120
21221222
11112100
22222100
00222222
11
12222220
11111220
12112222
12112120
11221222
11112100
22222220
00222222
76
12222220
11111220
12112222
12111120
11221122
11112222
22222220
00222222
84
12222220
11111220
12112222
12111111
11221122
11112222
22222220
00222222
81
11111111
11111222
12112122
12111111
11221122
11112222
22222220
00222222
18
11111111
11111222
12112122
12111111
12221122
12112222
12222220
12222222
87
