00000000
00000000
00000000
00222000
00021000
00000000
00000000
00000000
53
00000000
00000200
00002000
00221000
00021000
00000000
00000000
00000000
35
00000000
00000200
00002000
00221000
00211000
02000000
00000000
00000000
24
00000000
00000200
00202000
01211000
00211000
02000000
00000000
00000000
71
00000010
00000100
20201000
02211000
00211000
02000000
00000000
00000000
22
00200010
02000100
20101000
02211000
00211000
02000000
00000000
00000000
17
00200010
02000100
20101000
02211000
00211000
01200000
10000000
00000000
15
00200010
02000100
20101000
01211000
10221000
01202000
10000000
00000000
46
00200010
02000100
20101000
02211000
10211000
01122000
10002000
00000000
67
00200010
02002100
20102000
02212000
10212000
01122000
10002100
00000000
47
00200010
02002100
20102000
02212000
10222000
01212000
12011100
00000000
65
00200010
02022100
20202000
02212000
10222100
01211000
12011100
00000000
43
00200010
02022100
20212000
02222200
10222100
01211000
12011100
00000000
73
00200010
02222100
20222010
02222100
10221100
01211000
12011100
00000000
21
01200010
02122100
20212010
02221100
10221100
01221000
12012100
00000200
51
01201010
02111100
20111010
01221100
12221100
02221000
12012100
00000200
58
01201010
02111100
20111010
01221100
12222100
02222200
12011200
00001200
77
01201010
02222220
20111010
01211100
12221100
02222100
12011110
00001200
23
01201010
01222220
21111010
01111100
12211100
02221102
12011120
00001200
88
01201010
01222220
21112010
01111200
12222220
02221102
12011110
00001201
85
01201010
01222220
21112020
01111202
11111112
02221102
12011110
00001201
78
01201010
01222220
22112020
22222202
12111112
02221102
12011110
00001111
61
01201110
22221220
22112020
22222202
12111112
02221102
12011110
00001111
18
01201110
22221220
22112020
22222202
12111212
02122222
11011110
10001111
37
01201110
22221220
22112020
22222222
12111222
01112222
11111110
10001111
87
01201110
22221220
22112020
22221222
12121122
01122212
11122111
10021111
16
01201110
22221220
22112220
22122222
11121122
11122212
11122111
10021111
38
22201110
22221220
22112220
22122222
11121122
11121212
11112111
10111111
83
22201112
22221220
22111211
22122211
11121121
11121211
11112111
10111111
41
22211112
22211220
22111211
22122211
12121121
12121211
12212111
12111111
82
