00000000
00000000
00000000
00021000
00012000
00000000
00000000
00000000
56
00000000
00000000
00000000
00021000
00021000
00021000
00000000
00000000
35
00000000
00000000
00000000
02021000
00211000
00021000
00000000
00000000
25
00000000
00000000
00000000
02021000
01112000
00022200
00000000
00000000
53
00000000
00000000
00021000
02021000
01122000
00022200
00000000
00000000
33
00000000
00000200
00112000
02021000
01122000
00022200
00000000
00000000
23
00000000
00000200
01112000
01021000
22222000
00022200
00000000
00000000
36
00000000
00000200
01112000
01022200
22212000
00122200
00000000
00000000
34
00000000
00000200
01112000
01122200
22212000
02222200
00000000
00000000
37
00000000
00000200
01112000
01122200
22112000
02122200
00200000
00020000
74
00000000
00000200
01112000
01111210
22112020
02122200
00200000
00020000
63
00000000
00002200
01122100
01212210
22112020
02122200
00200000
00020000
38
00000000
00202200
01222100
01212210
22112020
02122200
00100000
00120000
27
00000000
00202200
01222200
01212220
21112022
01122200
01100000
00120000
58
00000000
00202200
01222200
01222220
21212022
02122200
21100000
00111000
31
00100000
00102200
22222200
02122220
21212022
02122200
21100000
00111000
47
00100000
00102200
22222200
02122220
21212022
02122200
22222000
00111000
18
00100000
00102200
22222200
02122220
21212022
02122200
22222000
12111000
76
00120000
00202200
22222200
02122220
21212022
02111110
22222000
12111000
68
00120000
00202200
22222200
02222220
22212022
22111110
22221000
12111100
84
00120000
00202200
22222200
02222221
22212022
22111220
22221020
12111100
72
00120000
00202210
22222220
02221221
22212022
22111220
22221020
12111100
21
01120020
00102220
22212220
02221221
22212022
22111220
22221020
12111100
86
01120020
00102220
22212220
02221221
22222021
22112111
22222210
12111100
82
01120020
00122221
22222210
02221121
22221021
22112111
22222210
12111100
51
01111020
00121121
22221210
02222221
22222221
22112211
22222210
12111100
83
01111020
00121121
22221211
02222211
22222221
22111221
22212222
12111100
14
01111220
00122221
21221211
11111111
11222221
12111221
12212222
12111100
12
01111220
10122221
11221211
11111111
11222221
12111221
12212222
12222220
88
22222220
10122221
11221211
11111111
11221221
12111121
12212211
11111111
22
22222220
11122221
11121211
11111111
11221221
12111121
12212211
11111111
81
