00000000
00000000
00000000
00012000
00022000
00002000
00000000
00000000
46
00000000
00000000
00000000
00012000
00222000
00012000
00000000
00000000
24
00000000
00000000
00020000
01022000
00122000
00012000
00000000
00000000
66
00000000
00000000
00020000
01022000
00122000
00012100
00000200
00000000
68
00000000
00000000
00020000
01022000
00222000
02012100
00000100
00000100
42
00000000
00010000
20010000
02012000
00212000
02012100
00000100
00000100
64
00000000
00010000
20012000
02022100
00212000
02012100
00000100
00000100
25
00000000
00010000
20012000
02222100
01122000
02012100
00000100
00000100
27
00000000
00010000
20012000
02222100
02122000
21012100
01000100
00000100
65
00000000
00010000
20012000
02221100
02112100
21012200
01000120
00000100
15
00000000
00010000
20012000
02221200
11112220
21012200
01000120
00000100
52
00000000
00011000
20011000
02221200
12112220
22012200
02000120
02000100
87
00000000
00211000
20021000
02222200
12112220
22012200
02000111
02000100
33
00000000
00211000
20111000
02112200
12211220
22022200
02002111
02000100
31
00100000
00111000
20111000
02112200
12221220
22222200
02002111
02000100
63
00100000
00111000
20111100
02112220
12221220
22222100
02002111
02000100
73
00102000
00122000
20212110
02112120
12221220
22222100
02002111
02000100
22
00102000
01122020
20112220
02112120
12221220
22222100
02002111
02000100
76
00102000
01122020
20112220
02111120
12221120
22222120
02002221
02000120
61
00102220
01121020
20112220
02111120
12221120
22222120
02002221
02000120
37
00102220
01121020
20112220
22111120
22121120
21112120
02102221
02000120
23
00102220
01121020
21112220
21111120
22121120
21222120
02222221
02000120
86
00122220
01222020
22112220
21111120
22121110
21222111
02222211
02000120
12
20122220
21222020
21112220
21111120
22121110
21222111
02222211
02000120
38
20122220
21222020
21112220
21111120
22122222
21121121
02112211
02100120
83
20122220
21222022
21111121
21111210
22122122
21121121
02112211
02100120
21
21122220
21122022
21111121
21111210
22122122
21221121
02122211
02102220
84
21122220
21122222
21111221
21111211
22122111
21221121
02122211
02102220
17
21122220
21122222
21111222
21111212
22122112
21221222
11122222
02102222
81
21111111
21122212
21111122
21111212
22122112
21221222
22122222
22102222
48
