00000000
00000000
00000000
00012000
00022000
00002000
00000000
00000000
64
00000000
00000000
00000200
00012100
00022000
00002000
00000000
00000000
46
00000000
00000000
00000200
00012200
00011200
00012000
00000000
00000000
57
00000000
00000000
00000200
00012200
00012200
00021000
00201000
00000000
75
00000000
00000000
00000200
00012200
00021110
00221000
00201000
00000000
74
00000000
00000000
00020200
00021110
00021110
00221000
00201000
00000000
26
00000000
00000000
00020200
00022222
00021110
01111000
00201000
00000000
35
00000000
00000000
00020200
00022222
00121110
01211000
02201000
00000000
34
00000000
00000000
00020200
00122222
00111220
01211020
02201000
00000000
42
00000000
00010000
00010200
00112222
02222220
02211020
02201000
00000000
17
00020000
00020000
00020200
00122222
02122220
01211020
12201000
00000000
85
00020000
00020000
00020200
00122222
02112221
01222220
12201000
00000000
53
00020000
00020000
00021200
00111222
22111221
02221220
12201000
00000000
38
00020000
00020000
00021200
00111222
22111221
02121220
12202000
00120000
73
00020000
00020000
00021110
02222222
22211221
02121220
12202000
00120000
58
00020000
00020000
00021110
02222222
22211222
02121222
12201000
00111000
18
00020000
00020000
00022222
02222222
22211222
02121222
11201000
10111000
33
00020000
00020000
00122222
02112222
22111222
02121222
11202000
10111200
51
00021000
02010000
00222222
02122222
22112222
02121222
11202000
10111200
32
00021000
02110000
00122222
02122222
22112222
02121222
12202000
12222200
78
00022200
02110000
00122222
02122222
22112222
02121222
12202000
11111110
11
10022200
01210000
02222222
02122222
22112222
02121222
12202000
11111110
77
12022200
02210000
02122222
02112222
22111222
02121122
12202010
11111110
47
12222200
02220000
02122222
02112222
22111222
02111122
11112010
11111110
71
11111110
02220000
02222222
02122222
22112222
02111222
11112020
11111112
12
11111110
12220000
22222222
02122222
22112222
02111222
11112020
11111112
67
11111110
12220000
22222222
02122222
22112222
02111222
11111120
11111112
52
11111110
11111200
22212222
02121222
22111222
02111222
11111120
11111112
87
11111110
11111200
22212222
02121222
22111122
02111212
11111111
11111112
16
11111110
11111200
22212222
02121222
21111122
11111212
11111111
11111112
14
11111110
11111200
11212222
11121222
11111122
11111212
11111111
11111112
82
11111112
11111202
11212212
11121122
11111122
11111212
11111112
11111112
72
