00000000
00000000
00000000
00021000
00012000
00000000
00000000
00000000
43
00000000
00000000
00010000
00011000
00222000
00000000
00000000
00000000
46
00000000
00000000
00210000
00021000
00212000
00010000
00000000
00000000
64
00000000
00020000
00220000
00021100
00211000
00010000
00000000
00000000
32
00000000
00120000
00210000
00021100
00222200
00010000
00000000
00000000
56
00000000
00120000
00210000
00022220
00221200
00011000
00000000
00000000
52
00000000
00111000
00210000
00022220
00222200
00022000
00002000
00000000
34
00000000
00111000
00110000
02222220
00222200
00022000
00002000
00000000
47
00000000
00111000
00110000
02212220
00212200
00022000
00222000
00000000
67
00000200
00112000
00120000
02212220
00212200
00021000
00222100
00000000
48
00002200
00122000
00220000
02212220
00212200
00011000
00212100
00010000
83
00002200
02222000
00220001
02212210
00212100
00011000
00212100
00010000
58
00002200
02222000
00220001
02212210
00212200
00011200
00211100
00011000
53
00002200
02222000
00221001
02211210
00211200
00222200
00211100
00011000
23
00002200
02222000
02111001
22111210
00211200
00222200
00211100
00011000
21
01202200
02222000
02211001
22211210
00211200
00222200
00211100
00011000
27
01202200
02222000
02211001
22211210
00211200
00122200
01112200
00011200
12
01202200
12222000
01221001
22211210
02211200
00122200
01112200
00011200
11
11202200
11222000
01121001
22211210
02211200
00222200
01222200
00222200
15
11202200
11222000
01121001
21211210
22111200
20222200
02222200
00222200
26
11202200
12222000
22221001
22211210
21211200
21222200
02222200
00222200
77
11202200
12222000
22221001
22221210
21212200
21222200
02222220
00222202
41
11112200
12212000
22222201
22212210
21222200
21222200
02222220
00222202
71
11111110
12212000
22222201
22212220
21222202
21222200
02222220
00222202
28
11111110
12212000
22222201
22212220
21222202
21222200
02222220
22222202
17
11111110
12212000
12222201
12212220
11222202
11222200
12222220
22222202
62
11111110
12222220
12221201
12212220
11222202
11222200
12222220
22222202
73
11111110
12222222
12221121
12212220
11222202
11222200
12222220
22222202
87
11111110
12222222
12221121
12212220
11222202
11222202
11111122
22222202
75
11111110
12222212
12221122
12212222
11111122
11222202
11112122
22222202
76
11111112
12222222
12221212
12212212
11111112
11111112
11112122
22222202
78
