00000000
00000000
00000000
00021000
00012000
00000000
00000000
00000000
56
00000000
00000000
00000000
00021000
00012000
00001200
00000000
00000000
34
00000000
00000000
00002000
00112000
00012000
00001200
00000000
00000000
62
00000000
00000100
00201000
00122000
00012000
00001200
00000000
00000000
65
00000000
00000100
00201000
00122000
00012100
00002200
00002000
00000000
43
00000000
00000100
00211000
00111000
00012220
00002200
00002000
00000000
58
00000000
00000100
00222200
00111000
00011220
00001200
00001000
00001000
42
00000000
00010100
00212200
00111000
00011220
00002200
00021000
00001000
85
00000000
00010100
02212200
00211000
00021111
00002200
00021000
00001000
13
00000020
00010200
11112200
00211000
00021111
00002200
00021000
00001000
64
00000020
00010200
11111200
00211100
00021111
00002200
00022200
00001000
46
00000020
02010200
11211200
00221100
00012111
00012200
00022200
00001000
31
00100020
01010200
11211200
00221102
00012121
00012200
00022200
00001000
83
00100020
01010200
11211201
00222221
00012221
00012200
00022200
00001000
78
00102020
01020200
11211201
00222221
00012221
00011200
00022100
00001010
25
00102020
01020200
11211201
00122221
01012221
00021200
00222100
00001010
41
00112020
01012200
11212201
00122221
01012221
00021200
00222100
00001010
32
00112020
01122200
11212201
02222221
01012221
00021200
00222100
00001010
35
00112020
01122200
11112201
01122221
01112221
00021200
00222220
00001010
86
00112020
01112200
11111201
22222121
01112211
00021201
00222220
00001010
48
00112020
01112200
11111221
22222221
01112211
00011101
00211220
00011010
26
00112020
22222200
22111221
22222221
01112211
01011101
00111220
00011010
72
02222020
22222210
22111111
22221211
01112211
01011101
00111220
00011010
87
02222020
22222222
22111121
22221211
01112211
01011101
00111111
00011010
76
02222020
22222222
22111121
22221211
01212111
02011111
20111111
00011010
27
02222020
22222222
22111121
22221211
02212111
21011111
21111111
00011010
36
02222020
22222222
22111121
22121211
02212211
21121211
21112211
00011210
15
02222020
22222222
22111221
21122211
11122211
21221211
22112211
20011210
81
02222021
22222221
22111221
21122211
11122211
21222211
22222211
20222210
11
12222021
11222221
12111221
11122211
11122211
21222211
22222221
20222222
61
11111111
11221211
12111221
11122211
11122211
21222211
22222221
20222222
28
