00000000
00000000
00000000
00012000
00022200
00000000
00000000
00000000
46
00000000
00000000
00000000
00222000
00012200
00010000
00000000
00000000
23
00000000
00000000
01000000
00122000
00222200
00010000
00000000
00000000
43
00000000
00000000
01010000
02222000
00212200
00010000
00000000
00000000
63
00000000
00020000
01020100
02221000
00212200
00010000
00000000
00000000
13
00000000
20020000
12020100
01221000
00112200
00010000
00000000
00000000
56
00000000
20020000
12020100
01222200
00111200
00011000
00000000
00000000
33
00000000
20020000
11120100
01122200
00121200
00022000
00020000
00000000
57
00000000
20020000
11120100
01122200
00121200
00012000
00022200
00000000
11
10000000
10020020
11120200
01122200
00121200
00012000
00022200
00000000
74
10000000
10020020
11220200
02111110
20121200
00012000
00022200
00000000
62
10000200
10020220
11220200
02111210
20121200
00012000
00022200
00000000
14
10000200
10020220
11220200
11211210
20221200
00222000
00022200
00000000
78
10000200
10020220
11220200
11111222
20211200
00221000
00022100
00000010
37
10000200
10020220
11220200
11112222
20121200
00211000
02111100
00000010
41
10010200
10010220
11210200
11112222
20121200
00221000
02121100
00020010
73
10010200
10010220
11222210
11112122
20121200
00221000
02121100
00020010
71
10010210
10010112
11221220
11112222
20122200
00221000
02121100
00020010
16
10010210
10010112
11221220
11112222
10122200
10221000
02122220
00020010
18
10010210
10010112
11221120
11111222
10112200
12221000
01222220
10020010
52
10010210
10011112
11211120
11111222
10112200
12221000
02222220
12020010
75
10010222
10011122
11211210
11112112
10121110
12221000
02222220
12020010
76
10012222
10022222
11212220
11112112
10121110
12221010
02222210
12020010
31
10112222
10012222
11211222
11112122
10121210
12222010
02222210
12020010
66
10112222
10012222
11211222
11122122
10122110
11111210
02222220
12020012
38
10112222
10012222
11211222
11122122
10122110
11111210
01112220
11120222
85
10112222
10011222
11211122
11122112
10222111
12111210
22222220
11120222
58
10112222
10222222
11221122
11122112
10222111
12111210
22211120
11111222
25
10112222
10222222
11221122
11122112
11111211
11111220
21211122
11111222
22
12222222
11222222
11121122
11112112
11111211
11111220
21211122
11111222
86
