00000000
00000000
00000000
00222000
00021000
00000000
00000000
00000000
33
00000000
00000000
00120000
00222000
00021000
00000000
00000000
00000000
35
00000000
02000000
00220000
00122000
00111000
00000000
00000000
00000000
63
00000000
02000000
00220100
00122200
00111000
00000000
00000000
00000000
11
10000000
01000000
02220100
00112200
00111000
00000000
00000000
00000000
53
10000000
01000000
02222220
00111200
00111000
00000000
00000000
00000000
12
10000000
11000000
01222220
00112200
00112000
00002000
00000000
00000000
67
10000000
11000000
01222220
00212200
00222000
00201000
00000100
00000000
62
10000000
11000100
01221220
00212200
00222000
00202000
00002100
00000000
83
10000000
11000102
01221121
00212200
00222000
00202000
00002100
00000000
84
10000000
11000102
01221112
00212202
00222002
00202000
00002100
00000000
74
10002000
11000202
01221122
00211112
00222002
00202000
00002100
00000000
66
10002000
11000202
01221122
00211122
00221022
00202200
00002100
00000000
61
10002100
11000122
01221222
00212122
00221022
00202200
00002100
00000000
86
10002100
11000122
22221222
00212122
00221012
00202201
00002100
00000000
47
10002100
11002222
22222222
00212122
00221012
00202201
00011100
00000000
81
10002101
11002221
22222221
00212121
00221011
00202201
00011200
00000200
26
10002101
11002221
22222221
00212121
00121011
01202201
00222200
00000200
25
10022101
11002221
22212221
00112121
01121011
01202201
00222200
00000200
14
10022101
11002221
12212221
10112121
01121021
01202221
00222200
00000200
71
10022111
11002121
12211221
10112121
22221021
02202221
00222200
00000200
17
12022111
12002121
12211221
10112121
22121021
01202221
10222200
00000200
42
12022111
12222221
12221221
10112121
22121021
01202221
10222200
00000200
48
12022111
12222221
12221221
10112221
22122211
01202221
10121200
00010200
31
11111111
11112221
12121221
10112221
22122211
02202221
12221200
00010200
24
11111111
11112221
11121221
11112221
22122211
02202221
12222200
00012200
78
11111111
11112221
11121221
11112221
22112211
02201221
12222220
00011110
46
11111111
11112221
11121211
11112121
22111211
02212221
12221220
00211110
28
11111111
11112221
11121211
11212121
22111211
22212221
11121220
01111110
87
