00000000
00000000
00000000
00021000
00012000
00000000
00000000
00000000
65
00000000
00000000
00000000
00021000
00012100
00000200
00000000
00000000
67
00000000
00000000
00002000
00022000
00012100
00000100
00000100
00000000
33
00000000
00000000
00102000
00222000
00011100
00000100
00000100
00000000
63
00000000
00000000
00102220
00221000
00011100
00000100
00000100
00000000
43
00000000
00000000
00112220
00212000
00021100
00200100
00000100
00000000
25
00000000
00000000
00112220
20112000
02021100
00200100
00000100
00000000
16
00000000
00000000
00112220
20112000
01022100
10202100
00000100
00000000
83
00000000
00000000
00111111
22222000
01022100
10202100
00000100
00000000
47
00000000
00000000
00111111
22222000
01022200
10101120
00010100
00000000
85
00000000
00000000
00111111
22222000
01022201
10102110
00012100
00000000
64
00000000
00000000
00111111
22222100
02022101
10202110
00022100
00002000
46
00000000
00000000
00111111
22212100
02011201
10211120
00022102
00002000
26
00000000
00000000
00111111
22212100
02021201
11112120
00022202
00002020
68
00000000
00020000
00221111
22222100
02021201
11112120
00021102
00002120
48
00000000
00020000
00222111
22222200
02021221
11112120
00011102
00011120
22
00000000
01020000
00122111
22222200
02221221
11112120
00011102
00011120
15
00000000
01020000
00122111
21222200
11121221
11212120
02011102
00011120
18
00000000
01220000
00222111
21221200
11111221
11112120
01011102
10011120
88
00000000
01220200
00222211
21221200
11111221
11112120
01011102
10011111
51
00201000
01220100
00122211
21221200
11111221
11112120
01011102
10011111
74
20201000
02220100
00222211
21221110
11111121
11111120
01011102
10011111
52
20201000
02221100
00211111
21122222
11111121
11111120
01011102
10011111
41
20211000
02211100
00211111
21222222
11212121
11221120
01211102
10011111
77
20211000
02211100
00211111
21222212
11212122
11222222
01211112
10011111
13
20211020
02211200
10212111
11222212
11212122
11222222
01211112
10011111
23
20211020
22111200
12112111
11222212
11222122
11222222
01211112
10011111
72
20222220
22112210
12122211
11222212
11222122
11222222
01211112
10011111
21
21222220
21112222
11122222
11222212
11222122
11222222
01211112
10011111
81
21111111
21112211
11122121
11221211
11212121
11122221
01221111
10211111
28
