00000000
00000000
00000000
00021000
00012000
00000000
00000000
00000000
34
00000000
00000000
00002000
00112000
00012000
00000000
00000000
00000000
66
00000000
00000000
00002000
00122000
00211000
00000100
00000000
00000000
52
00000000
00001000
00001000
02221000
00211000
00000100
00000000
00000000
43
00000000
00001000
00011000
02211000
00221000
00002100
00000000
00000000
25
00000000
00001000
00011000
02111000
01111000
00002220
00000000
00000000
67
00000000
00001000
00011000
02111000
01111000
00001220
00000200
00002000
77
00000000
00001000
00011000
02111000
01211000
00022220
00000210
00002000
14
00000000
00021000
00021000
11121000
01221000
00022220
00000210
00002000
26
00000200
00022000
00021000
11111000
01121000
01022220
00000210
00002000
75
00000200
00022000
20021000
12111000
01221010
01022210
00000210
00002000
51
00001200
00021000
20021000
12111002
01221020
01022210
00000210
00002000
32
00001200
00111000
20011200
12112002
01221020
01022210
00000210
00002000
64
00001200
00111000
20011200
12111102
01221020
01022210
00000222
00002000
12
00001200
10111000
10011200
12111102
22221020
01022210
00000222
00002000
16
00001200
10111000
10222200
12221102
11222020
11022210
00000222
00002000
37
00001200
10111000
10222200
12221102
12221020
12012210
02100222
00002000
88
02001200
10211000
10222200
12221102
12221020
12012110
02100212
00002001
71
02201110
10221000
10222200
12221102
12221020
12012110
02100212
00002001
38
02201110
10221000
10222200
12222222
12221020
12012110
01100212
00102001
86
02201110
10221000
10222200
12222222
12221022
12012121
01100211
00102001
68
02201110
10221000
10222200
12222222
12221022
12222121
01100111
00102101
47
02201110
10222200
10222200
12222222
11221022
12122121
01110111
00102101
73
02201110
10222100
10222210
12222112
11221012
12122111
02210111
02102101
83
02201110
10222100
10222211
12222111
11221011
12122111
02222111
02102101
23
02201110
10222102
11111121
11122211
11212011
12121111
02222111
02102101
17
02201110
10222222
11111221
11112211
11112011
11121111
11111111
02102101
18
02201110
10222222
11111221
11112221
11112021
11121121
11111121
11102221
81
02201111
12222211
11211121
11121221
11112021
11121121
11111121
11102221
48
02201111
12222211
11221121
11122221
11112221
11121121
11111121
11111111
41
02211111
12111211
11211121
11112221
11112221
11121121
11111121
11111111
11
