00000000
00000000
00020000
00022000
00021000
00000000
00000000
00000000
35
00000000
00000000
00020000
00022000
00121000
00020000
00000000
00000000
57
00000000
00000000
00020000
00022000
00122000
00010200
00001000
00000000
42
00000000
00010000
00010000
00222000
00112000
00010200
00001000
00000000
75
00000000
00010000
00010000
00222000
00222010
00210100
00001000
00000000
65
00000000
00012000
00020000
00221000
00222110
00210100
00001000
00000000
26
00020000
00022000
00020000
00221000
00222110
01110100
00001000
00000000
24
00020000
00022000
00022000
01112000
00122110
01110100
00001000
00000000
56
00020000
00022000
00022000
01112000
00112222
01111100
00001000
00000000
74
00020000
00022000
00022000
01112010
00112122
01111200
00001020
00000000
84
00020000
00022000
00022000
22222011
00112112
01111100
00001020
00000000
32
00020000
00122000
00012000
22221011
00212112
01221100
00201020
00000000
88
00020000
00122000
00012000
22221011
00222112
01222100
00201210
00000001
47
00020000
00122000
00012000
22211011
00212112
01211100
00211222
00000001
62
00020000
00111100
00011002
22211012
00212112
01211100
00211222
00000001
68
00020000
00111100
00211002
22221012
00212112
01211100
00211122
00000101
64
00020020
00111200
00212002
22221112
00211112
01211100
00211122
00000101
48
00020020
00111200
00212002
22221112
00221112
01212100
00111222
00010121
15
00020020
00111200
20112002
22221112
10221112
01212100
00111222
00010121
63
00020020
00111220
20111202
22222112
10221112
01212100
00111222
00010121
61
00020120
00111120
20111102
22222112
10221212
01212220
00111222
00010121
27
02020120
00211120
20121102
22222112
10211212
01112220
01111222
00010121
12
02020120
10211120
10122222
12222122
10211222
01112220
01111222
00010121
23
02020120
10211120
11122222
12222122
12211222
01112220
01111222
00010121
22
02020120
11111120
11122222
12222122
12211222
22222220
01111222
00010121
82
02020120
11111111
11122212
12222122
12211222
22222220
22222222
00010121
58
02020120
11111111
11122212
12222122
11211222
22122220
22221222
00222221
18
02020120
11111111
11122212
12222122
11211222
12122220
12221222
12222221
81
22020111
12111111
11222212
12222122
11211222
12122220
12221222
12222221
86
22220111
12221111
11222211
12222121
11211211
12111111
12221221
12222221
51
