00000000
00000000
00000000
00021000
00012000
00000000
00000000
00000000
56
00000000
00000000
00000000
00022200
00011000
00001000
00000000
00000000
53
00000000
00000000
00001000
00021200
00022000
00021000
00000000
00000000
34
00000000
00000000
00021000
00121200
00022000
00021000
00000000
00000000
52
00000000
00001000
00011000
02221200
00022000
00021000
00000000
00000000
25
00002000
00002000
00012000
02122200
01022000
00021000
00000000
00000000
14
00002000
00002000
00012000
11122200
01022000
00022000
00002000
00000000
61
00002100
00001000
00222000
11122200
01022000
00022000
00002000
00000000
74
00002100
00001000
02222000
11211110
01022000
00022000
00002000
00000000
47
00002100
00001000
02222000
11222222
01012000
00012000
00012000
00000000
73
00002100
00001200
02222020
11222122
01011000
00012000
00012000
00000000
67
00002100
00001200
02222020
11222122
01021000
00211000
00011100
00000000
22
00002100
01201200
01222020
11212122
01021000
00211000
00011100
00000000
71
00002110
01201100
01221020
11222122
01022000
00222200
00011100
00000000
35
20002110
02201100
01221020
11212122
01122000
00212200
00011100
00000000
42
20002110
02211100
01111020
11212122
01122000
00212200
00022100
00002000
21
21002110
01111100
01111020
11212122
01122000
00222200
00222100
00002000
41
21011110
01111100
21111020
12212122
01222000
00222200
00222100
00002000
28
21011110
01111100
21111020
12212122
02221000
02212200
00122100
01002000
77
21011110
01111100
22222220
12212122
02221000
02212100
00122110
01002000
68
21011110
01111100
22222220
12212122
02221000
02212220
00121210
01002100
27
21011110
01111100
21222220
22212122
22221000
01212220
01121210
01002100
16
21011110
01111100
21212220
22112122
21221000
11212220
01121222
01002100
75
21011110
01111100
21212220
22112122
21221020
12212220
01222222
01022100
83
21011110
21111100
22211111
22212122
21221020
12212220
01222222
01022100
65
21011110
21111100
22211111
22211112
21221120
12212120
02222122
21022100
17
21011110
21111100
22211111
22211112
21121120
11212120
11111222
21022220
88
21011110
21111100
22211111
22211112
21121120
11212122
11111222
21022221
38
22211110
22221100
22212111
22211212
21121120
11212122
11111222
21111111
85
22211110
22221102
22212121
22211211
21121111
11212111
11111121
21111111
72
