00000000
00000000
00000000
00222000
00021000
00000000
00000000
00000000
35
00000000
00000000
00000000
00222000
00211000
02000000
00000000
00000000
23
00000000
00000000
01000000
00122000
00212000
02000200
00000000
00000000
65
00000000
00000000
01000000
00122000
00221100
02200200
00000000
00000000
64
00000000
00000000
01000200
00112200
00221200
02200200
00000000
00000000
73
00000000
20000000
02000210
00212100
00221200
02200200
00000000
00000000
62
00000200
20000200
02000210
00212200
00221200
02200200
00000000
00000000
53
00000200
20000202
02001120
00211200
00221200
02200200
00000000
00000000
83
00000200
20000202
02001111
00211200
00222200
02220200
00000000
00000000
74
00000200
20000202
02201111
00221110
00222200
02220200
00000000
00000000
24
00000200
20000222
02201211
01112110
00222200
02220200
00000000
00000000
37
00000200
20000222
02201211
01212110
00221200
02210200
00200000
00200000
81
00000201
20002221
02202211
01212110
00221200
02210200
00200000
00200000
51
00001201
20001121
02201211
01211110
00221200
02220200
00202000
00200000
27
00001201
20001121
02201211
01211110
00211200
02120200
22202000
00200000
56
00001201
20022221
02201211
01211110
00211100
02111200
22202000
00200000
16
00001201
20022221
02222211
01211110
00211100
11111200
22202000
00200000
68
00001201
20022221
02222211
01211120
00211102
11111200
22201000
00200100
18
00001201
20022221
02222211
01212120
00212102
11112200
11202000
10202100
32
00001201
20111111
02112211
01111120
20112102
12112200
11202000
10202100
77
00001221
20111221
02112221
01111120
20111102
12112100
11202010
10202100
13
00022221
20112221
11112221
01111120
20111102
12112100
11202010
10202100
11
10022221
10112221
11112221
01111220
20111122
12112200
11202010
10202100
31
10111111
12222221
11212221
01121220
20112122
12112200
11202010
10202100
84
10111111
12222121
11212211
01121111
20122122
12122200
11222010
10202100
67
10111111
12222121
11212211
01121111
20112122
12121100
12211110
12202100
76
10111111
12222121
11222211
01122111
20112212
12121120
12222222
12202100
48
10111111
12222121
12222211
22222111
20112212
12111120
12211222
11111100
86
10111111
12222121
12222221
22222121
20112221
12111121
12211222
11111120
25
10111111
12221121
12212221
22122121
21112221
11111121
11211222
11111120
88
10111111
12221121
12212221
22122121
21112221
11111121
11211211
11111111
21
