00000000
00000000
00000000
00021000
00012000
00000000
00000000
00000000
34
00000000
00000000
00200000
00121000
00012000
00000000
00000000
00000000
32
00000000
00100000
00100000
02221000
00012000
00000000
00000000
00000000
14
00000000
00100000
00102000
11112000
00012000
00000000
00000000
00000000
65
00000000
00100000
00102000
11112000
00011200
00000020
00000000
00000000
52
00000000
00101000
00121000
11112000
00011200
00000020
00000000
00000000
42
00000000
00111000
00111000
11112000
00222200
00000020
00000000
00000000
46
00000000
02111000
00211000
11122000
00112200
00010020
00000000
00000000
63
00020000
02121000
00221100
11121000
00112200
00010020
00000000
00000000
23
00020000
02121000
01112100
11122200
00112200
00010020
00000000
00000000
74
00022000
02122000
01112100
11111110
00112200
00010020
00000000
00000000
31
00122000
02112000
01111200
11111120
00112202
00010020
00000000
00000000
75
02222000
02212000
01121200
11112120
00111212
00010020
00000000
00000000
12
02222000
12112000
02121200
12212120
02222212
00010020
00000000
00000000
62
02222020
12111200
02122100
12222120
02222212
00010020
00000000
00000000
72
02222020
12111220
02122220
12222220
02222212
00010020
00000000
00000000
87
02222020
12111220
02112220
12221220
02222212
00010210
00000001
00000000
13
02222020
12111220
11112220
11221220
02122212
00020210
00200001
00000000
11
12222020
11111220
11112220
11221220
02122222
00020220
00200021
00000000
83
12222020
11111220
11111111
11221220
02222222
00220220
00200021
00000000
82
12222220
11112211
11121211
11221220
02222222
00220220
00200021
00000000
27
12222220
11122211
11221211
12221220
22212222
00120220
01200021
00000000
81
11111111
11122211
11221211
12222220
22222222
00220220
02200021
20000000
84
11111111
11122211
11221211
11111111
22222222
00220220
02200021
20000000
57
11111111
11122211
11222211
11111211
22122222
00210122
02201021
20000000
47
11111111
11122211
11222211
11111211
21122222
00110122
02211022
20000002
17
11111111
11122211
11222211
11111211
21122222
00120122
11211022
22000002
56
11111111
11122211
11222211
11211211
22111122
20111122
21211022
22000002
26
11111111
11122211
11222211
11211211
21111122
21111122
22211022
22200002
78
11111111
11122211
11222211
11211211
21111112
21111112
22211022
22200222
48
11111111
11122211
11222211
11211211
21121212
21112222
22222222
22210222
58
