00000000
00000000
00000000
00222000
00021000
00000000
00000000
00000000
53
00000000
00000000
00001000
00221000
00022000
00000200
00000000
00000000
24
00000000
00000000
00001200
01112000
00022000
00000200
00000000
00000000
73
00000000
00000000
00001110
22222000
00022000
00000200
00000000
00000000
35
00000000
00000000
00001110
22212000
02222000
00000200
00000000
00000000
77
00000000
00000000
00021110
22222000
02221000
00000100
00000010
00000000
36
00000000
00000000
00022222
22221000
02211000
00100100
00000010
00000000
32
00000000
00102000
00022222
22221000
02211000
00100100
00000010
00000000
42
00000000
00112000
00012222
22212000
02221000
00200100
02000010
00000000
26
00000000
00112000
00012222
22212000
02121000
22200100
02000010
00000000
46
00000000
00112000
00222222
22212000
02111000
22210100
02000010
00000000
15
00000000
00112000
02222222
22212000
12111000
22210100
02000010
00000000
62
00000000
00111100
02221222
22222000
12121000
22220100
02020010
00000000
65
00000200
00112200
02221222
22221000
12121100
22220100
02020010
00000000
51
02001200
00211200
02221222
22221000
12121100
22220100
02020010
00000000
57
02001200
00211200
02221222
22221000
12121100
22210100
02022210
00000000
37
02001200
00211200
02221222
22221000
12121100
21110100
02222222
00000000
22
02001200
01111200
01121222
21211000
11122220
21110200
02222222
00000000
38
02201200
01211200
01221222
21211000
11122220
21110200
02122222
00100000
76
02201200
01211200
01221222
21211000
11122122
21110220
02122222
00100000
72
02201200
02211110
22221122
22211000
11222122
21120220
02122222
00100000
58
02201200
02211110
22221122
22211000
11222122
22120220
22112222
00101000
88
02201200
02211110
22221122
22211000
11221122
22120120
22112222
00101021
48
02201200
02211110
22221122
22211000
11221122
22120120
22211222
02111021
18
02201200
02222222
22221122
22211000
11221122
12120120
11211222
11111021
86
02222200
02222222
22221122
22211000
11221122
12120111
11211221
11111021
64
02222200
02222222
22222122
22212100
11222112
12122111
11211221
11111021
12
02222200
12222222
12222222
12212220
11222222
12122121
11211221
11111021
68
02222200
12222222
12222222
12212220
11222222
12122121
11211111
11111111
84
02222200
12222222
12222222
12211111
11222211
12122121
11211111
11111111
81
02222221
12222221
12222121
12211111
11222211
12122121
11211111
11111111
11
