00000000
00000000
00000000
00222000
00021000
00000000
00000000
00000000
53
00000000
00000000
00001000
00222200
00021000
00000000
00000000
00000000
75
00000000
00000000
00001000
00222100
00022010
00002000
00000000
00000000
35
00000000
00000000
00001020
00212200
00122010
00002000
00000000
00000000
66
00000000
00000000
00001020
00212200
00122010
00022100
00000000
00000000
57
00000000
00020000
00002020
00211200
00121010
00011100
00001000
00000000
33
00000000
00020000
00202020
02222200
00121010
00011100
00001000
00000000
22
00000000
01020000
00102020
02212200
00122210
00011100
00001000
00000000
23
00000000
01020000
01102020
02112200
00112210
00012100
00021000
00000000
63
00000000
01020000
01102120
02121100
00212110
02012100
00021000
00000000
52
00000000
01021000
01122220
02121100
00212110
02012100
00021000
00000000
13
00000000
01021000
11122220
01122220
00112210
02012100
00021000
00000000
41
00010000
01011000
11112220
01112220
00112220
02012102
00021000
00000000
48
00010000
01011000
11112220
01112220
00112220
02012102
00012000
00012000
17
00010000
01011000
11112220
22222220
00112220
01012102
10012000
00012000
82
00010000
01011021
11112220
22222120
00111220
01012102
10012000
00012000
15
00010000
01011021
11112220
11222120
12222220
01012102
10012000
00012000
83
00010000
21011021
12111111
11222110
12222120
01011102
10012000
00012000
68
00010000
21011021
12111111
11222110
12222120
01021102
10211000
00011100
71
00010210
21012011
12121111
11222110
12222120
01021102
10211000
00011100
32
00010210
21112011
11111111
11221110
12222120
01021202
10211020
00011100
11
10010210
11112011
11111211
11221120
12222122
01021202
10211020
00011100
84
10010210
11112011
11111211
11221211
12222212
01022202
10222220
00011100
78
10010210
11112011
11111211
11121211
12212212
02021202
12222120
00011110
88
10010222
11112022
11111212
11111212
12211212
02021102
12222110
00011111
62
10210222
11221122
11212112
11211212
12211122
02021102
12222110
00011111
21
11110222
11121122
11212112
11211212
12211122
02022222
12222110
00011111
38
11110222
11121122
11212212
11212212
12221122
02221222
12212110
00111111
28
11112222
11122222
11212222
11212212
11221122
01211222
11112110
01111111
87
11112222
11122222
11212222
11212212
11221122
01211212
12112111
21111111
16
