00000000
00000000
00000000
00021000
00012000
00000000
00000000
00000000
34
00000000
00000000
00200000
00121000
00012000
00000000
00000000
00000000
32
00000000
00100000
00100000
02221000
00012000
00000000
00000000
00000000
43
00000000
00100000
00110000
02211000
00022000
00002000
00000000
00000000
25
00000000
00100000
00112000
02112000
01022000
00002000
00000000
00000000
14
00000000
00120000
00122000
11122000
01022000
00002000
00000000
00000000
64
00000000
00120000
02222000
11211100
01022000
00002000
00000000
00000000
22
00200000
01220000
01222000
11211100
01022000
00002000
00000000
00000000
21
01200000
01120000
01212000
11221100
01222000
00002000
00000000
00000000
57
01200000
01120000
01212200
11222100
01221000
00001000
00001000
00000000
41
01110000
21110000
02212200
11222100
01221000
00001000
00001000
00000000
13
01110000
21110000
11112200
11222100
01222000
00001200
00001000
00000000
77
01110000
22222000
11122200
11212100
01221000
00001100
00001010
00000000
11
11110000
11222000
11122200
11212200
01222200
00001100
00001010
00000000
73
11110000
11222200
11112210
11222200
01222200
00001100
00001010
00000000
72
11110000
11111110
11112210
11222200
01222200
00002100
00021010
00000000
75
11110000
11111110
11111210
11222100
01112110
00002200
00021020
00000002
37
11110000
11111112
11111220
11222200
01112110
00002200
00111020
00000002
74
11110000
11111112
11111112
11111120
01112210
00002200
00111020
00000002
76
11110000
11111112
11111112
11111120
01112110
00002210
00121020
00200002
46
11110000
11111112
11111122
11111220
01112110
00021110
00221020
02200002
48
11110000
11111112
11111122
11111220
01112110
00012110
00212020
02222002
68
11110000
11111112
11111122
11111220
01112222
00012110
00211020
02222102
84
11110020
11111122
11111122
11111121
01112222
00012120
00211020
02222102
81
11110021
11111111
11111121
11111121
01112222
00222120
00221020
02222102
87
11110021
11111211
11112121
11121121
01212122
02222110
00221021
02222102
18
11110021
11111211
11112121
11121121
01212122
02222222
00221022
11111102
78
11110021
11111211
11112111
11121111
22212112
02222212
00221012
11111112
61
11110111
11111111
11112111
11121111
22212112
02222222
00222222
11111112
27
11112111
11122111
11212111
12121111
21212112
01122222
01222222
11111112
16
