00000000
00000000
00000000
00021000
00012000
00000000
00000000
00000000
65
00000000
00000000
00000000
00021000
00021100
00020000
00000000
00000000
34
00000000
00000000
00000200
00112000
00021100
00020000
00000000
00000000
56
00000000
00000000
00000200
00112000
00012100
00022000
00002000
00000000
43
00000000
00000000
00010200
00111000
00222100
00022000
00002000
00000000
72
00000000
00000010
00010100
00111000
00222220
00022000
00002000
00000000
36
00000000
00200010
00020100
00112000
00112220
00122000
00002000
00000000
68
00000000
00200010
00020100
00112000
00112220
00112000
00002000
00002100
85
00000000
00200010
00020100
00112000
00121111
00212000
02002000
00002100
48
00000000
00200010
00020100
02222000
00221111
00222000
02002000
00011100
37
00000000
00200010
00020100
02222020
00221211
00212000
02102000
00011100
66
00000000
00200010
00020100
02222020
00221211
00211100
02201000
00211100
64
00000000
00200010
00020100
02222120
00221111
00211100
02201000
00222220
14
00000000
00200010
02020100
11211120
00221111
00211100
02201000
00222220
18
00000000
00200010
02020120
11211220
00212111
00121100
01201000
10222220
26
00000000
00200010
22020120
12211220
00212111
01121100
01201000
10222220
84
00000000
00200010
22020120
12211111
00222111
01122100
01201200
10222220
82
00000000
00200011
22022110
12222111
00222111
01122100
01201200
10222220
42
00000000
00210011
22021110
12222111
00222111
02122100
22201200
10222220
28
00000000
00210011
22022222
12222121
00221211
02112100
22101200
11222220
15
00000000
00210011
22022222
12222121
10221221
01112220
22101200
11222220
88
00000000
00210011
22022222
22222121
20221221
22222220
22101200
11111111
25
00000000
00210011
22022222
22222121
21111221
21222220
22222200
11111111
33
00000200
00210021
22122222
22112121
21111221
21222220
22222200
11111111
22
00200200
02220021
21222222
21212121
21211221
21222220
22222200
11111111
52
00202200
02222021
21212122
21112111
21212221
21222220
22222200
11111111
62
00202200
02222111
21211112
21112112
21212222
21222222
22222200
11111111
77
00202220
02222211
21212112
21122112
21211212
21222112
22222210
11111111
41
02212220
02211211
21222112
21122112
21211212
21222112
22222210
11111111
12
02212220
11111211
11222112
11122112
11211212
11222122
12222222
11111111
11
