00000000
00000000
00000000
00012000
00022200
00000000
00000000
00000000
64
00000000
00000000
00002000
00012100
00022200
00000000
00000000
00000000
46
00000000
00000000
00002000
00222100
00011200
00010000
00000000
00000000
24
00000000
00000000
00002000
01112100
00012200
00012000
00000000
00000000
63
00000000
00000200
00002200
01111200
00012200
00012000
00000000
00000000
74
00000000
00000200
00002200
01111210
00012220
00012000
00000000
00000000
67
00000000
00000200
00002200
01112210
00022220
00211000
00000100
00000000
73
00000000
00000200
00002210
01112110
00021220
00212000
00000200
00000020
26
00000000
00000200
00002210
22222110
00021220
01112000
00000200
00000020
42
00000000
00010200
00001210
22222110
00021220
01122000
00020200
00000020
71
00000010
00010100
00001210
22222110
02021220
01222000
00020200
00000020
33
00000010
00010102
00101220
22212210
02022220
01222000
00020200
00000020
23
00000010
00012102
01102220
21212210
01022220
01222000
00020200
00000020
35
00000010
00012102
01102220
21122210
01222220
02222000
20020200
00000020
37
00000010
00012102
01102220
21122220
01122222
02122000
20120200
00000020
16
00000010
00012102
21102220
22122220
01222222
11122000
20120200
00000020
57
00000010
00012222
21102220
22122220
01222222
11122000
20111200
00000020
86
00000010
00012222
21101220
22122120
01222212
11122001
20211200
02000020
48
00000010
00012222
21101220
22122120
02222212
12222001
22222200
02010020
43
00000010
00222222
22221220
22212120
02212212
12212001
22212200
02010020
41
00010010
00212222
22211220
22212120
02212222
12212021
22212200
02010020
84
00010010
00212222
22211222
22212121
02212221
12212021
22212200
02010020
58
00010010
00212222
22211222
22211122
02211222
12211022
22211102
02011020
81
00010011
00212212
22211122
22221122
02212222
12222222
22211102
02011020
51
00011011
00211212
22211122
22221122
02212222
12222222
22221102
02211020
22
00011011
01111212
22211122
22221122
02212222
12222222
22222202
02222220
61
02011111
02211112
22221122
22222122
02212222
12222222
22222202
02222220
88
02211111
02221111
22222121
22222221
02212221
12222221
22222201
02222221
15
02211111
02211111
22122121
21222221
11112221
12222221
22222201
02222221
18
02211111
02211111
22122121
21222221
11112221
12122221
11222201
11111111
12
22211111
12111111
11222121
11122221
11112221
12122221
11222201
11111111
77
