00000000
00000000
00000000
00222000
00021000
00000000
00000000
00000000
35
00000000
00000000
00000000
00222000
00121000
00020000
00000000
00000000
33
00000000
00000000
00100000
02222000
00221000
00020000
00000000
00000000
53
00000000
00000200
00102000
02221000
00221000
00020000
00000000
00000000
37
00000000
00000200
00102000
02221000
00222000
00010200
00100000
00000000
14
00000000
00000200
00102000
11111000
00222000
00020200
00102000
00000000
56
00000000
00000200
00122000
11121000
00221000
00021200
00102000
00000000
25
00000000
00000200
00122000
11122000
01111200
00021200
00102000
00000000
64
00000000
00000200
20122000
12111100
01211200
00021200
00102000
00000000
23
00000000
00000200
21122020
11111200
01212200
00021200
00102000
00000000
74
00000000
00000200
21122220
11111210
01212200
00021200
00102000
00000000
76
00000000
02000200
21222220
11121210
01212100
00021110
00102000
00000000
83
00000000
02000200
22111111
12121210
02212100
02021110
00102000
00000000
32
00000000
02100200
21111111
22121210
22212100
02021110
00102000
00000000
27
00000000
02100200
21111121
21121222
21212100
01021110
01102000
00000000
85
00000000
02100200
21111121
21121211
21212101
01021210
01102020
00000000
47
00000000
02100200
21111121
21121211
21212101
02011210
22222020
00000000
38
00000000
02100200
21111121
21121211
22212101
02222210
22212020
00100000
67
00000000
02100200
21111121
21121211
22212201
02221210
22212220
00100200
58
00000000
02220200
21222121
22121211
22212201
02221210
22211120
00101200
61
00000120
02220200
21222121
22121211
22212201
02221210
22211120
00101200
16
00000120
02220200
21222121
22121221
21212221
11111220
21211120
00101200
86
00002220
02220200
21222121
22121221
21212221
11111111
21211120
00101200
12
00002220
12222200
11222221
12121221
11212221
11111111
21211120
00101200
41
02012220
12211200
11222121
12112211
11212221
11111111
21211120
00101200
72
02012220
12211110
11222111
12112211
11212221
11111121
21211122
00101200
81
02011111
12222222
11222122
12112212
11212222
11111122
21211122
00101200
88
22011111
22222221
21222121
22112211
21212221
21111121
21211111
00101201
48
22011111
22222221
21222121
22112211
22212221
22121121
22211111
02222201
31
22111111
22112221
22121121
22212111
22222211
22122121
22211221
02222221
18
