00000000
00000000
00000000
00021000
00012000
00000000
00000000
00000000
43
00000000
00000000
00210000
00021000
00012000
00000000
00000000
00000000
56
00000000
00000000
00222000
00021000
00011000
00001000
00000000
00000000
22
00000000
01000000
00122000
00021000
00211000
00001000
00000000
00000000
34
00000000
01200000
00222000
00211000
00211000
00001000
00000000
00000000
25
00000000
01200000
00222000
00211000
02111000
20001000
00000000
00000000
52
00000000
01201000
00221000
00222200
02111000
20001000
00000000
00000000
75
00000000
22201000
00221000
00222100
02111010
20001000
00000000
00000000
63
00000000
22201000
00221100
00221100
02112010
20001200
00000000
00000000
65
00000200
22202000
00221100
00221100
02111110
20001200
00000000
00000000
23
00000200
22202000
02111100
20121100
02111110
20001200
00000000
00000000
51
00001200
22201200
02112200
20121200
02111210
20001200
00000000
00000000
31
00101200
22101200
02112200
20122200
02112210
20002200
00002000
00000000
77
02101200
22201200
02122200
20112200
02111210
20002100
00002010
00000000
48
02101200
22201200
02222200
20122200
02112210
20002200
00001020
00010002
74
02222200
22201200
02222100
20111110
02112210
20002200
00001020
00010002
11
12222200
22201200
22122100
20111110
02112210
20002200
00001020
00010002
71
11111110
22201100
22121100
20111112
02112220
20002200
00001020
00010002
15
11111110
12201100
12122220
10111222
11112220
20002200
00001020
00010002
24
11111110
11201100
11122220
11111222
11112220
20002200
00002020
00012002
76
11111110
11201100
11122220
11111222
11112120
20002210
00002020
00222002
47
11111110
11201100
11122220
11121222
11122120
20022210
00022020
00222002
85
11111110
11201100
11122120
11121212
11122122
20022222
00022020
00222002
36
11111110
11201100
11122122
11121222
11112222
20122222
00022020
00222002
68
11111110
11201100
11122122
11121222
11112222
20112222
00022220
00222102
82
11111112
11201102
11122112
11121122
11111222
20112222
00022220
00222102
78
11111112
11201102
11222122
11221212
11212212
20221212
00222110
00222112
28
11111112
11201102
11222122
11221212
11212212
20221212
00222110
22222222
17
11111112
11201122
11222222
11222212
11222212
10221212
10222110
22222222
27
11111112
11222222
11222222
11222212
11222212
10221212
11111110
22222222
26
