00000000
00000000
00000000
00021000
00012000
00000000
00000000
00000000
34
00000000
00000000
00200000
00121000
00012000
00000000
00000000
00000000
56
00000000
00000000
00200000
00121000
00012000
00001200
00000000
00000000
65
00000000
00000000
00200000
00121000
00021100
00022200
00000000
00000000
67
00000000
00000000
00200000
00121000
00012100
00021200
00000120
00000000
32
00000000
00100000
00100000
00122200
00012200
00021200
00000120
00000000
36
00000000
02100000
00200000
00122200
00012200
00111200
00000120
00000000
87
00200000
02200000
00200000
00122200
00012200
00111200
00000111
00000000
73
00200000
02200000
00200010
00122100
00021200
00211200
02000111
00000000
74
00200000
02200000
00200210
00122210
00021200
00211200
02000111
00000000
35
00200000
02200000
00200210
00122210
00112200
00212200
02002111
00000000
62
00200000
02200100
00200110
00122110
00212100
02212100
02002111
00000000
47
00200000
02200120
00200210
00122110
00212100
02211100
02011111
00000000
18
00200000
02200120
00200222
00122110
00212100
02111100
01011111
10000000
52
00200000
02201120
00200122
02222110
00212100
02111100
01011111
10000000
23
00200000
02201120
01200122
02122110
00212200
02222220
01011111
10000000
71
00200010
02201110
01200112
02122110
00212200
02222220
01011221
10000020
14
00200210
02201220
01200212
11122210
00212200
02222220
01011221
10000020
43
00200210
02201220
01110212
11111220
00212102
02222220
01011221
10000020
75
00200210
02201220
21110212
12111210
00212112
02222120
01011221
10000020
12
00200210
12201220
11110212
12111210
00212112
02222120
02011221
12000020
11
10200210
11201220
11110212
12111210
00212112
02222120
02012221
12000220
81
10200211
11201210
11112222
12122210
00212112
02222120
02012221
12000220
17
10202211
11202210
11112222
12112210
00112112
01222120
12012221
12000220
42
10202211
11111110
11111222
12112222
00112122
01222220
12012221
12000220
86
12202211
12211110
12121222
12112122
00112112
01111111
12012221
12000220
15
12202211
12222222
12121222
11112122
10112112
01111111
12012221
12000220
37
12202211
12222222
12121222
12212122
12222112
02111111
12112221
12000220
16
12202211
12222222
12121222
12212122
12222112
11121111
12122221
12020220
38
12202211
12222222
12121222
12212122
12222112
11221111
11122221
11122220
41
