00000000
00000000
00000000
00021000
00012000
00000000
00000000
00000000
34
00000000
00000000
00002000
00112000
00012000
00000000
00000000
00000000
63
00000000
00000000
00002220
00111000
00012000
00000000
00000000
00000000
52
00000000
00001000
00001220
00112000
00022000
00200000
00000000
00000000
46
00000000
00001000
00201220
00122000
00012000
00210000
00000000
00000000
32
00020000
00102000
00101220
00122000
00012000
00210000
00000000
00000000
72
00020000
00102010
00101120
00121000
00022000
00220000
00020000
00000000
35
00020000
00102010
00101120
02111000
00222000
00220000
00020000
00000000
66
00020000
00202010
02101120
02211000
00221000
00220100
00020000
00000000
74
00020000
00202010
02101210
02211020
00221002
00220100
00020000
00000000
37
00020000
00202010
02101222
02111020
00121002
00110100
00120000
00000000
51
00021000
00201010
02201222
02211020
00221002
00210100
00220000
00200000
26
00021000
00201010
02201222
02211020
00221002
01120100
00222000
00200000
22
00021000
01201010
02101222
02211020
00221002
01220100
02222000
00200000
18
02021000
02201010
02101222
02211020
00211002
01120100
01222000
10200000
25
02021000
02201010
02101222
02211020
02111002
02120100
02222000
12200000
12
02021000
12201010
01101222
02111020
02222202
02120100
02222000
12200000
11
12021000
11201210
01102222
02121020
02222202
02120100
02222000
12200000
48
12021000
11201210
01102222
02122220
02222202
02120100
02221000
11110000
14
12022200
11201220
01102222
11122220
01222202
02120100
02221000
11110000
15
12022200
11201220
01102222
11122220
11222202
22220100
02121000
11110000
43
12022200
11201220
01112222
11112220
11212202
22222100
02111000
11110000
31
11122200
11101220
01112222
11112220
11212202
22222100
02112000
11110200
58
11122200
11101220
01111222
11111220
11211202
22222220
02111000
11111200
17
11122200
11101220
22222222
12111220
11211202
11222220
11111000
11111200
78
11122200
11122220
22222222
12111220
11211202
11222220
11111000
11111110
86
11122200
11122220
22222222
12121220
11212202
11111211
11111020
11111110
75
11122200
11112220
22221222
12221220
11221212
11112221
11111220
11111110
87
11122200
11112220
22221222
12221222
11221122
11112211
11111111
11111110
81
11122201
11112210
22221122
12221222
11221122
11112212
11111122
11111112
71
