00000000
00000000
00000000
00222000
00021000
00000000
00000000
00000000
35
00000000
00000000
00000000
00222000
00121000
00020000
00000000
00000000
37
00000000
00000000
00000000
00222000
00221000
00210000
00100000
00000000
26
00000000
00000000
00000000
00222000
00222000
01112000
00100000
00000000
66
00000000
00000000
00000000
00222000
00222000
02111100
20100000
00000000
43
00000000
00002000
00020000
00212000
00212000
02111100
20100000
00000000
63
00000000
00002000
00020100
00222200
00212000
02111100
20100000
00000000
25
00000000
00002000
00020100
00222200
01112000
02121100
20200000
02000000
27
00000000
00002000
00020100
00222200
01112000
01122100
21202000
02000000
48
00000000
00002000
00020100
00222200
01112000
01122100
22221000
02010000
38
00000000
00002000
00020100
00222200
02112000
22222100
22121000
02110000
23
00000000
00002000
01220100
00222200
02212000
22222100
22121000
02110000
18
00000000
00002000
01220200
00222220
02212000
22122100
21121000
11110000
22
00000000
01002000
01120200
00212220
02211000
22122100
21122000
11112000
42
00020000
01022000
01120200
00222220
02221000
22122100
21122000
11112000
72
00020000
21022010
02120100
00221220
02211000
22122100
21122000
11112000
73
00020020
21022020
02120120
00221120
02211000
22122100
21122000
11112000
67
00020020
21022020
02220120
02221120
02211000
22121100
21111100
11112000
81
20020021
22022010
02220120
02221120
02211000
22121100
21111100
11112000
21
21020021
21022010
01220120
01221120
01211000
21122220
21111200
11112000
77
21020021
21022010
01220120
01221120
01211000
21122120
21112110
11112200
65
21020021
21022010
01220120
22221120
02211100
21221120
21122110
11112200
61
22220111
21022010
01220120
22221120
02211100
21221120
21122110
11112200
83
22220111
21022012
01220121
22221210
02212100
21221120
21122110
11112200
53
22220111
21022012
01111121
22211210
02112100
21221122
21122120
11112200
88
22220111
21022012
01111121
22211210
02112100
21221122
21122222
11112201
51
22221111
21012012
01111221
22211220
02112102
21221122
21122222
11112201
84
22221111
21012222
01112221
22221111
02212101
22221121
21122221
11112201
78
22221111
22222222
02222221
22222111
02212201
22221121
21122121
11111111
75
22221111
22222222
02222221
22222111
02211111
22221111
21122111
11111111
15
