00000000
00000000
00020000
00022000
00021000
00000000
00000000
00000000
33
00000000
00000000
00120000
00012000
00022000
00002000
00000000
00000000
53
00000000
02000000
00211000
00022000
00022000
00002000
00000000
00000000
65
00000000
02002000
00212000
00022000
00022100
00002000
00000000
00000000
61
00000100
02001000
00212000
00022020
00022200
00002000
00000000
00000000
46
00000100
02001000
00212000
00012020
00012200
00022000
00200000
00000000
66
00000100
02201000
00222000
00012020
00011200
00022100
00200000
00000000
62
00000100
02201100
00221000
00012220
00012200
00022100
00200000
00000000
36
00000100
02201100
00221000
00022220
00022200
00122100
00220000
00000000
38
00000100
02221100
00222000
00022220
00022200
00122100
00120000
00100000
57
00000100
02221100
00221000
00021220
00021200
00121100
00112000
00100200
11
10000100
01221100
00121000
00011220
00021220
00121200
00112000
00100200
35
10000100
01222220
00121000
00011220
00111220
00121200
00112000
00100200
34
10002100
01222220
00112000
00112220
00112220
00122200
00112000
00100200
82
10002100
01111111
00112000
00122220
00212220
02222200
00112000
00100200
27
12002100
01211111
00122000
00122220
00212220
02122200
01112000
00100200
77
12002100
01211111
00122000
00112220
00211220
02122220
01112010
00100200
58
12002100
01211111
00122000
00112220
00211220
02121220
02211010
02101200
78
12002100
01211211
00122020
00112220
00211220
02121220
02211010
02101110
16
12002100
01221211
00222020
02222220
00211220
11121220
01211010
02101110
18
12002100
01221211
00222020
02222220
20211220
12121220
01211010
11101110
25
12002100
01221211
00212020
02122220
21111220
11121220
01222210
11101110
84
12002100
01221211
00212022
02111121
21111220
11121220
01222210
11101110
71
12002110
02221111
02211022
02211121
21121220
11122220
01222210
11101110
85
12002110
02221111
02222222
02212221
21121211
11122210
01222110
11101110
12
12002110
11111111
22222222
02112221
21111211
11121210
01222110
11101110
48
12002110
11111111
22222222
02122221
21211211
22111110
21111110
11111110
31
11102222
11111122
22222222
02122221
21211211
22111110
21111110
11111110
14
11122222
11122122
11222222
11122221
11211211
12111120
11111112
11111110
86
