00000000
00000000
00020000
00022000
00021000
00000000
00000000
00000000
53
00000000
00000000
00022200
00022000
00021000
00000000
00000000
00000000
35
00000000
00000000
00022200
00022000
00121000
00200000
00000000
00000000
62
00000000
00002100
00022200
00012000
00121000
00200000
00000000
00000000
42
00002000
00012100
00012200
00012000
00121000
00200000
00000000
00000000
65
00002000
00012220
00012200
00011000
00121100
00200000
00000000
00000000
71
00002210
00012220
00011200
00011000
00121100
00200000
00000000
00000000
37
00002210
00012220
00011200
00011000
00121100
00200000
02100000
00000000
18
00002210
00012220
00012200
00021000
00211100
02100000
01100000
10000000
41
00011110
00012220
00012200
00021000
00211100
02100000
02100000
12000000
81
00011111
00012210
00012200
00021020
00211100
02100000
02100000
12000000
85
00211111
00021210
00012100
00021010
00211101
02100000
02100000
12000000
25
00211111
00021210
00012100
00021010
01121101
02220000
02200000
12000000
57
00211111
00021210
00012100
00021010
01122221
02210000
02201000
12000000
33
00211111
00011210
00112200
00022210
01122221
02210000
02201000
12000000
76
00211111
00011210
00112200
20021210
02122111
02210010
02201000
12000000
73
00211111
00011110
00111110
20022222
02121111
02210010
02201000
12000000
16
00211111
00011110
00111110
20022222
22121111
12110010
02201000
12000000
83
00211111
00011110
00111111
20222211
22221111
12210010
02201000
12000000
21
01111111
02011110
00211111
20222211
22221111
12210010
02201000
12000000
13
01111111
01011110
10211111
10222211
12221211
12210020
02201002
12000000
48
01111111
01011110
10211111
10222211
12222211
11222020
02101002
12010000
24
01111111
01011110
10111111
11111111
11122211
11222020
02221002
12010000
66
01111111
01011112
10111121
11111211
11122111
11121120
02221002
12010000
67
01111111
01011112
12222221
12211211
12122111
12121110
02221102
12010000
12
01111111
11011112
11222222
12111212
12112122
12122222
02221102
12010000
88
01111111
11011111
11222221
12111211
12112121
12122221
02222221
12010001
58
01111111
11011111
11222221
12111211
12111121
12121211
02212221
12011201
17
01111111
11011111
11222221
12211211
12211121
11221211
11212221
12222201
32
21111111
12111111
11212221
12211211
12211121
11221211
11212221
12222201
78
