00000000
00000000
00000000
00021000
00012000
00000000
00000000
00000000
56
00000000
00000000
00000000
00021000
00012000
00001200
00000000
00000000
34
00000000
00000000
00000000
00111000
00012000
00002200
00002000
00000000
77
00000000
00000000
00000000
00111000
00011000
00002220
00002010
00000000
58
00000000
00000000
00000000
00111000
00011000
00001220
00002010
00021000
75
00000000
00000000
00000000
00111000
00011010
00001210
00002020
00021002
38
00000000
00000000
00000000
00111000
00011010
00022210
00002020
00111002
78
00000000
00000000
02000000
00211000
00021010
00022210
00002010
00111012
24
00000000
00000000
02002000
01112000
00022010
00022210
00002010
00111012
62
00000000
00000100
02001000
01112000
00022010
00022210
00002010
00111222
47
00000000
00000100
02001000
01112000
00012010
00012222
00012020
00111222
64
00000000
00002100
02002000
01112100
00012010
00012222
00012020
00111222
51
00001000
00001100
02001000
02111100
02011010
00011222
00011020
00111222
12
00001000
10001100
01001000
02111100
02011010
00011222
00011020
02222222
16
00001000
10001100
01001000
02111102
01011020
10011222
00011020
02222222
14
00001000
10001100
01001000
11111102
01011220
10012222
00021020
02222222
85
00001000
10021100
01002000
11111202
01011121
10012222
00021020
02222222
83
00001000
10021102
01002002
11111202
01011122
10012222
00021020
02222222
63
00001000
10021102
01002102
11111102
01011122
10222222
00021020
02222222
37
00001000
10021102
01002102
11121102
01222222
10222222
00112020
02222222
67
00001000
10021102
01202102
11221102
01212122
10221122
00111120
02222222
26
00001000
10021102
22201102
12211102
01212122
11121122
00112120
02222222
43
00001000
10021102
22222222
12111202
01212122
11121122
00112120
02222222
87
20001000
20021102
22222222
12111202
01212122
11121112
00112111
02222222
22
20001000
21021102
21122222
11111202
01212122
12121112
20112111
02222222
15
20201000
22021102
21122222
11111202
11212122
11121112
20112111
02222222
32
20201020
22111202
21112222
11111202
11212122
11121112
20112111
02222222
74
20201020
22111202
22112122
12111112
12212112
12121112
22222111
02222222
18
20201220
22112202
22122122
12211112
12212112
12121112
11222111
12222222
41
22211220
22211202
22122122
12211112
12212112
12121112
11222111
12222222
72
22211220
22211112
22122112
12211112
12212112
12121112
11222111
12222222
81
