00000000
00000000
00000000
00012000
00022200
00000000
00000000
00000000
66
00000000
00000000
00000000
00222000
00021200
00000100
00000000
00000000
75
00000000
00000000
00000000
00222000
00021210
00000120
00000000
00000000
86
00000000
00000000
00000000
00222000
00022210
00000211
00000020
00000000
35
00000000
00000000
00000000
00222000
00221110
00200211
00000020
00000000
43
00000000
00000000
00010000
00221000
00222222
00200211
00000020
00000000
46
00000000
00000000
00010000
00211000
00212222
00220211
00002020
00000000
88
00000000
00200000
00020000
00212000
00211222
00220111
00002010
00000001
47
00000000
00200000
00020000
00212000
00211222
00210111
00222010
00000001
53
00000000
00200000
00021000
00211000
00211222
00210221
00222210
00000001
25
00000000
00200000
00021000
00211000
01121222
00222221
00222210
00000001
58
00000000
00200000
00021000
00222200
01122222
00121221
00211210
00001001
23
00000000
20200000
02021000
00222200
01122222
00122221
00211210
00001001
74
00000000
20200000
02021000
02222210
01222112
00121211
00211210
00001001
33
00000000
20200000
02111000
02112210
01121212
00121122
00211222
00001001
38
00000000
20202000
02112000
02112210
01121212
00121122
00111222
00101001
31
00100000
20122000
02222000
02122210
01121212
00121122
00111222
00101001
78
00100000
20122000
02222002
02122220
01121212
00121112
00111112
00101011
61
00100100
20121000
02212002
02122220
01121212
00121112
00121112
00121011
73
00120100
20221000
02212012
02122110
01121212
00121112
00121112
00121011
21
01120100
20122000
02212222
02122220
01121212
00121112
00121112
00121011
72
01120100
20122010
02212112
02121210
22222212
00121112
00121112
00121011
51
01111100
20121010
02211112
02121210
22222212
00121112
00221112
02221011
18
01111100
20121010
02211112
02121210
22222212
02221112
00221112
11111011
14
01111100
20122210
01212212
11121210
21222212
02121112
00211112
11111011
22
01111100
21122210
01112212
11111210
21221212
02121212
00212222
11111211
27
01111100
21122222
01112222
11111210
21221212
01121212
01112222
11111211
16
01111100
21122222
22222222
12111210
11221212
11121212
01112222
11111211
71
01111110
21122112
22221212
12111222
11221222
11121212
01112222
11111211
81
