00000000
00000000
00000000
00012000
00022000
00002000
00000000
00000000
66
00000000
00000000
00000000
00222000
00021000
00002100
00000000
00000000
53
00000000
00000000
00001000
00221000
00022200
00002100
00000000
00000000
64
00000000
00002000
00002000
00222100
00022100
00002100
00000000
00000000
33
00000000
00002000
00102000
00212200
00022220
00002100
00000000
00000000
35
00000000
02002000
00202000
00122200
00122220
00002100
00000000
00000000
85
00000000
02002000
00202000
00122200
00111211
00002220
00000000
00000000
57
00000000
02002000
00202000
00122200
00112211
00001220
00001020
00000000
67
00000000
02002000
00202000
00122200
00112211
00002210
00002120
00002000
74
00000000
02002000
00202000
00111110
00112211
00002220
00002122
00002000
78
00000000
02002000
00202000
00111112
00112221
00002210
00002112
00002010
11
10000000
01002000
00102020
00111222
00112221
00002210
00002112
00002010
62
10002000
01002200
00101020
00111222
00112221
00002210
00002112
00002010
71
10002010
01002100
00101020
00111222
02222221
00002210
00002112
00002010
26
10002010
01002100
00101020
00111222
02122222
01002222
00002112
00002010
15
10002010
01002100
02101020
00211222
11122222
01002222
00002112
00002010
72
12002010
02002110
02101010
00211212
11122212
01002212
00002112
00002010
43
12002010
02002110
02111012
00111222
11122212
01002212
00002112
00002010
46
12002010
02002110
02111012
00111122
11111212
01011212
00002222
00002210
12
12002210
12002120
01111012
00111122
11111212
01011212
00002222
00002210
32
12002210
11122120
01112012
00111222
11111222
01011212
00002222
00002210
88
12002210
11122120
01112012
00111222
11112222
01021112
00202212
00002211
31
11102222
11122120
01112012
00111222
11112222
01021112
00202212
00002211
28
11102222
11122220
01112222
00111222
11111222
01011112
00102212
01002211
41
11112222
11112220
01112222
00121222
11211222
02011112
20102212
01002211
82
11112222
11111111
01112211
00121121
11211221
02011111
20202211
01022211
38
11112222
11112111
01122211
00221121
12211221
22011111
20202211
01111111
24
11112222
11112111
01122211
22222221
22111221
22011111
20202211
01111111
13
11112222
11112111
11122211
21222221
22121221
22022111
20222211
01111111
36
11112222
11112121
11122211
21222221
22121221
22211111
22222211
01111111
18
