00000000
00000000
00000000
00021000
00012000
00000000
00000000
00000000
65
00000000
00000000
00000000
00021000
00012100
00000200
00000000
00000000
43
00000000
00000000
00210000
00021000
00012100
00000200
00000000
00000000
34
00000000
00000000
00210000
00211000
00222100
00000200
00000000
00000000
56
00000000
00000000
00210000
00211000
00221100
00002200
00000200
00000000
36
00000000
00002000
00220000
00211000
00211100
00102200
00000200
00000000
23
00000000
00002000
01220000
00111000
00222220
00102200
00000200
00000000
22
00000000
01002000
01120200
00112000
00222220
00102200
00000200
00000000
26
00000000
01002000
01120200
00212000
02222220
01102200
00000200
00000000
24
00000000
01002000
01120200
01112000
01222220
01202200
02000200
00000000
28
00000000
01002000
01120200
22222000
02222220
01202200
01000200
01000000
77
00000000
01002000
01120200
22212000
02221220
02202100
21000210
01000000
57
00000000
01002000
01122200
22222000
02221220
02201100
21001110
01000000
15
00000000
01002000
01122200
21222000
11111220
02201200
21001210
01000200
74
00000000
21002000
02122200
21222010
11111120
02201200
21001210
01000200
32
00000000
21102000
02112200
21221010
11111120
02201200
21001222
01000200
51
00001000
21101000
02111220
21221020
11111120
02201200
21001222
01000200
88
00021000
21202000
02111220
21221020
11111120
02201100
21001212
01000201
86
00021000
21202000
02111220
21221020
11111120
02201101
22001211
21000201
61
00021100
21201200
02112220
21221020
11111120
02201101
22001211
21000201
42
00021100
21111200
02112220
21222220
11111220
02201201
22001211
21000201
37
02021100
22211200
02122220
21222220
11111220
01101201
22101211
21000201
76
02021100
22211200
02122220
21222220
12111220
01202111
22222211
21000201
46
02022220
22211200
02122220
21222220
12111220
01111111
22122211
21000201
48
02022220
22211200
22122220
22222220
12211220
01121111
22112211
21010201
78
02022220
22211200
22122220
22222220
12211220
01221111
22122111
21012211
38
02022220
22211200
22122220
22222220
12211222
01221121
22112211
21112211
82
02022220
22211201
22122222
22222120
12211222
01221121
22112211
21112211
16
02222220
22221201
22112222
22122120
11211222
11221121
21112211
21112211
84
02222220
22221201
22112221
22122111
11211211
11221121
21112211
21112211
72
02222222
22221121
22112211
22122111
11221211
11221121
21112211
21112211
11
