00000000
00000000
00020000
00022000
00021000
00000000
00000000
00000000
33
00000000
00000000
00120000
00012000
00022000
00002000
00000000
00000000
64
00000000
00000000
00120000
00012100
00022200
00002000
00000000
00000000
42
00020000
00020000
00120000
00022100
00022200
00002000
00000000
00000000
53
00020000
00022000
00112000
00022100
00022200
00002000
00000000
00000000
66
00020000
00022000
00112000
00012200
00022220
00002100
00000000
00000000
63
00020000
00022000
00211100
02012100
00022120
00002100
00000000
00000000
51
00022200
00021000
00211100
02012100
00022120
00002100
00000000
00000000
31
00122200
00011000
00211100
02012100
00022120
00002200
00000020
00000000
86
00122200
00011000
00211100
02012100
00022210
00002221
00000020
00000000
67
00122200
00012000
00211200
02012220
00022220
00002121
00000120
00000000
85
02222200
00012000
00211200
02012220
00022221
00002111
00000120
00000000
88
02222200
00012000
00211200
02012220
00022221
00002211
00000210
00000201
23
02222200
00012000
22222200
02012220
00022221
00002211
00000210
00000201
57
02222200
00012000
22222200
02012220
00022221
00002211
00002110
00020201
47
02222200
00222000
22222200
02012220
00022221
00002211
00011110
00020201
62
02222200
00222220
22221200
02012120
00022121
00002111
00011110
00020201
46
02222200
00222220
22221200
02012120
00012121
00012111
00012110
00022201
83
02222200
00222220
22221201
02012222
00012121
00012111
00012110
00022201
71
02222210
00222120
22221201
02012222
00012222
00012122
00012222
00022201
11
11111110
00222120
22221201
02012222
00022222
00222122
00022222
00022201
73
11111110
00222222
22221122
02012222
00022222
00222122
00022222
00022201
34
11111110
00121222
22112122
02122222
00222222
00222122
00022222
00022201
12
11111110
12221222
22212122
02122222
00222222
00222122
00022222
00022201
27
11111110
12221222
22212122
02121222
02212222
00222122
01022222
00022201
81
11111111
12221211
22212121
02121221
02212221
00222121
02022221
20022201
37
11111111
12221211
22212111
02121121
02111221
00112121
02111221
20022221
16
11111111
12221211
22212111
02221121
01211221
10212121
02221221
20222221
28
11111111
12221211
22212111
02221121
22211221
10212121
02121221
21111111
26
11111111
11221111
21211111
01211121
21111221
21112121
22221221
21111111
14
