00000000
00000000
00020000
00022000
00021000
00000000
00000000
00000000
33
00000000
00000000
00120000
00012000
00022200
00000000
00000000
00000000
53
00000000
02000000
00211000
00022000
00022200
00000000
00000000
00000000
35
00000000
02020000
00221000
00022000
00122200
00000000
00000000
00000000
23
00000000
02020000
01111000
00022000
02222200
00000000
00000000
00000000
56
00000000
02020000
01111200
00022000
02221200
00001000
00000000
00000000
21
01000000
01020000
01111200
00022000
02222200
00002000
00002000
00000000
41
01010000
01012000
01112200
00022000
02222200
00002000
00002000
00000000
74
21010000
02011000
01212100
00022010
02222200
00002000
00002000
00000000
47
21010000
02011000
22212100
00022010
02222100
00001000
00012000
00000000
67
21010000
02011000
22212100
00022010
02222100
00002000
00011200
00000020
15
21010000
02011000
22212100
00022010
11121100
00022000
00011200
00000020
62
21010000
02011100
22211100
00012210
11122100
00022000
00011200
00000020
36
21010000
02011100
22211100
00011210
11112100
02222000
00011200
00000020
75
21010020
02011200
22212100
00021110
11212110
02222000
00011200
00000020
77
21010020
02011200
22212102
00021120
11212210
02222000
00011110
00000020
84
22210020
02021200
22212102
00021111
11212210
02222000
00011110
00000020
82
22210020
02021201
22212101
00021111
11212222
02222000
00011110
00000020
27
22222020
02022201
22212101
00021111
11212222
01122000
01011110
00000020
86
22222020
02222201
22222101
00022111
11212211
01122001
01011110
00000020
66
22222020
02222201
22222101
00022111
11212211
01111121
01011120
00000020
34
22222020
02222201
22222101
00211111
12112211
22222221
01011120
00000020
88
22222020
02222201
22222221
00211221
12112221
22222121
01011110
00000021
87
22222020
02222201
22222221
00211221
12112121
22222211
01022111
00020021
38
22222020
02222201
22222221
00211221
12112121
22221211
01012211
00120221
37
22222020
02222201
22222211
02211121
12211121
21121211
01112211
00120221
12
22222020
12222201
21222211
02112121
12221121
21221211
02112211
20120221
14
22222020
12222201
11222211
11112121
11221121
22121211
22112211
20120221
61
22222120
12221101
11212111
11112121
11221121
22121211
22212211
22220221
58
22222120
12222221
11212221
11112121
11221121
22121211
22211111
22221111
81
