00000000
00000000
00000000
00012000
00022200
00000000
00000000
00000000
64
00000000
00000000
00000020
00011200
00022200
00000000
00000000
00000000
76
00000000
00000000
00000020
00011200
00022220
00000010
00000000
00000000
36
00000000
00000000
00000020
00011200
00222220
00100010
00000000
00000000
46
00000000
00000000
00000020
00011200
00212220
00110020
00000002
00000000
34
00000000
00000000
00000020
02222200
00112220
00110020
00000002
00000000
23
00000000
00000000
01000020
02122200
00122220
00120020
00020002
00000000
53
00000000
00000000
01021020
02122200
00122220
00120020
00020002
00000000
52
00000000
00001000
01011020
02122200
00122220
00220020
02020002
00000000
13
00000000
00001200
11012020
01122200
00122220
00220020
02020002
00000000
72
00000000
00001110
11222020
01222200
00222220
00220020
02020002
00000000
63
00000000
00201110
11221120
01222200
00222220
00220020
02020002
00000000
41
00010020
00101220
11222120
01222200
00222220
00220020
02020002
00000000
74
00010220
00102220
11222120
01111110
00222220
00220020
02020002
00000000
48
00210220
00202220
11222120
01111110
00212220
00210020
02010002
00010000
26
00210220
00202220
11222220
01111120
00112222
01110020
02010002
00010000
81
00210221
00202210
12222120
22222220
00112222
01110020
02010002
00010000
21
01110221
00202222
12222120
22222220
00112222
01110020
02010002
00010000
42
01110221
00212222
12212120
22222220
00212222
02110020
22010002
00010000
16
01112221
00222222
12212120
22222220
00212222
11110020
22010002
00010000
66
01112221
00222222
12212120
22222120
02212122
12110120
22010002
00010000
86
01112221
00222222
12212120
22222120
02222212
12222111
22010002
00010000
38
01112221
00222222
12212120
22222120
02222212
12222111
22010002
02110000
83
01112221
00222221
12212121
22222120
02222122
12221221
22010022
02110000
37
01112221
00122221
12112121
22122120
02121122
12211221
22120022
02222000
12
01112221
12222221
12212121
22122120
02121122
12211221
22120022
02222000
18
01112221
12222221
12212121
22221120
02121122
12112221
11120222
12222000
68
01112221
12222221
12212121
22221120
02122122
12112221
11120122
11111102
57
22222221
22222221
22212121
22221120
02121122
12111221
11111122
11111102
84
22222221
22222221
22212121
22221111
02121111
12112121
11111222
11111122
15
