00000000
00000000
00000000
00222000
00021000
00000000
00000000
00000000
53
00000000
00000200
00002000
00221000
00021000
00000000
00000000
00000000
33
00000000
00000200
00102200
00212000
00021000
00000000
00000000
00000000
35
00000000
00000200
00102200
00112000
00112000
00002000
00000000
00000000
66
00000000
00000200
02102200
00212000
00121000
00002100
00000000
00000000
24
00000000
00000200
02102200
22222000
00121000
00002100
00000000
00000000
46
00000000
02000200
02202200
22222000
00121000
00011100
00000000
00000000
43
00000000
02000200
02212200
22222000
00112000
00011200
00000020
00000000
65
00000000
02000200
02212200
22221000
00211100
02011200
00000020
00000000
72
00000000
02000210
02212100
22221000
00222220
02011200
00000020
00000000
76
00000000
02000210
02212100
22221000
00222120
02012110
00000220
00000000
74
00000000
02000210
02212200
22222210
00222210
02012210
00000220
00000000
25
00000000
02000210
02212202
22122220
01111210
02012210
00000220
00000000
71
00000210
02000220
02211202
22112220
01111210
02012210
00000220
00000000
78
00000210
02000220
02211202
22112220
01111210
02011220
00000112
00000010
86
00000222
02000220
02211202
22112220
01111210
02011111
00000112
00000010
32
00000222
02220220
02212202
22112220
01111210
02011111
00000112
00000010
84
00000222
02220220
02212202
22111111
22222210
02011111
00000112
00000010
31
02100222
02210220
02121202
22112111
22222210
02011111
00000112
00000010
16
02100222
02210220
02121202
22112111
21222210
22011111
20000112
00000010
82
02100222
02210221
02121201
22112111
21222210
22022111
20020112
00000010
38
02102222
02220221
02221201
22112111
21222110
22021111
20010112
00100010
37
02102222
02220221
02221201
22112211
21221210
22011211
20110212
00100210
27
02222222
02220221
02221201
22112211
21221210
21011211
21110212
00100210
12
02222222
12220221
01221201
22112211
22222210
22021211
22210212
02100210
57
02222222
12220221
22221201
22112211
22222210
22021111
22211112
02100210
88
02222222
12220221
22221201
22112211
22222210
22022111
22212111
02102211
48
02222222
12222221
22222201
22112211
22222210
22022111
22211111
02111111
11
12222222
11222222
22122202
22112222
22222222
22022111
22211111
02111111
18
12222222
11222222
12122202
12112222
12222222
12022111
12211111
11111111
73
