00000000
00000000
00000000
00021000
00012000
00000000
00000000
00000000
56
00000000
00000000
00000000
00021000
00021000
00021000
00000000
00000000
37
00000000
00000000
00000000
00021000
00022000
00011200
00100000
00000000
34
00000000
00000000
00000000
00111000
00012000
00222200
00100000
00000000
65
00000000
00000000
00000000
00111020
00011200
00222200
00100000
00000000
35
00000000
00000000
00020000
00122020
00121200
00122200
00100000
00000000
75
00000000
00000000
00020000
00122020
00121220
00122220
00100000
00000000
33
00000000
00000000
00120000
00112020
00121220
02222220
00100000
00000000
52
00000000
02001000
00210000
00122020
00122220
02222220
00100000
00000000
57
00000000
02021000
00220000
00122020
00122220
02212220
00101000
00000000
64
00000000
02021000
00220000
02222220
00121220
02212220
00101000
00000000
16
00000000
02021000
00220000
02222220
00122220
11122220
00201000
02000000
63
00000000
02022200
00220200
02221220
00112220
11122220
00201000
02000000
38
00000000
02022200
00220200
02221220
00212220
12122220
20101000
02100000
41
00010000
02012200
00210200
02211220
00212220
12122220
20102000
02102000
85
00010000
02011200
00210100
02211210
00211121
12122222
20102000
02102000
11
10010000
01222200
00220100
02212210
00211221
12122222
20102000
02102000
77
10010000
01222200
00220100
02212210
00221211
12222112
22102010
02102000
23
10010000
22222200
02220100
02212210
00221211
12222112
22102010
02102000
15
10010000
22222200
02220100
02212210
10221211
11222112
22102020
02102200
73
10010000
22222200
02220112
02212120
10221211
11222112
22102020
02102200
61
10010100
22222220
02220222
02212120
10221211
11222112
22102020
02102200
51
10011100
22212220
22120222
02212120
10221211
11222112
22102020
02102200
53
10011100
22211220
22111222
02211120
10221211
11222112
22222020
02102200
48
10011100
22211220
22111222
02211120
12211211
12212112
22111020
02112200
71
10211110
22221110
22112212
02211210
12211221
12212112
22111020
02112200
21
11111110
22121110
22112212
02211222
12211222
12212112
22111020
02112200
88
11111110
22121110
22112212
02211222
12211222
12212222
22222210
02112201
18
11111110
22122222
22112222
02211222
12211222
12112222
11222210
11112201
14
11111110
12122222
11112222
11111222
11211222
12112222
11222222
11112201
81
11111111
12122211
11112121
11111221
11211221
12112221
11222221
11112201
78
