00000000
00000000
00000000
00012000
00022000
00002000
00000000
00000000
46
00000000
00000000
00000000
00012000
00022000
00222000
00000000
00000000
66
00000000
00000000
00000000
00012000
00022200
00222100
00000000
00000000
64
00000000
00000000
00000000
00011100
00022100
00222220
00000000
00000000
47
00000000
00000000
00000000
00011100
00012100
00221220
00210000
00000000
28
00000000
00000000
00000200
00012200
00021200
00211220
00110000
01000000
75
00000000
00000000
00000200
00012200
00021110
00212220
00110200
01000000
57
00000000
00000000
00000200
00012200
00021110
00221120
00121200
01020000
68
00000000
00000000
00020200
00022200
00021110
00221120
00121100
01020100
73
00000000
00000000
00020210
00022100
00021110
00222120
00121200
01020120
32
00000000
00100000
00010210
00021100
00022110
00222220
00121220
01020120
62
00000000
00100100
00010110
00021100
00022110
00222220
00221220
01220120
35
00000200
00100200
00010210
00021200
00111210
00212220
00221220
01220120
53
00000200
00100202
00011120
00011200
00112210
00222220
00221220
01220120
27
00000200
00102202
00012120
00012200
00112210
00122220
01111220
01220120
51
00001200
00101202
00011120
00011200
00111210
20121220
02111220
01220120
72
00001200
00101112
00011120
00011200
00111210
22221220
02211220
01220120
87
00001200
00122222
00022120
00021200
00121110
22221210
02211111
01220120
31
00122200
00122222
00021120
00021100
00121110
22221210
02211111
01220120
34
00122200
00122222
00022120
00111200
00111120
22221222
02211111
01220120
84
00122200
00122222
00022220
00111221
00111220
22222122
02221111
01220120
88
02222200
00222222
00022220
00111221
00111220
22222122
02221111
01220111
18
02222200
00222222
00022220
00111221
00111220
22122122
22221111
11220111
85
02222200
00222222
00022220
00211221
02111111
22222111
22221111
11220111
23
02222200
20222222
02022220
00211221
02121111
22222111
22221111
11220111
81
02222201
20222222
02022122
00211221
02121111
22222111
22221111
11220111
15
02222201
20222222
02022122
02211221
12221111
12222111
12221111
11220111
13
02222201
20222222
12022122
01211221
12121111
12212111
12222111
11222111
33
02222201
22222222
12111122
02111221
12121111
12212111
12222111
11222111
11
12222201
11222222
12111122
02111221
12121111
12212111
12222111
11222111
71
11111111
11222112
12111112
02111211
12121111
12212111
12222111
11222111
14
