00000000
00000000
00000000
00012000
00022000
00002000
00000000
00000000
66
00000000
00000000
00000000
00012000
00021000
00002220
00000000
00000000
64
00000000
00000000
00020000
00021100
00021000
00002220
00000000
00000000
34
00000000
00000000
00020200
00112100
00021000
00002220
00000000
00000000
62
00000000
00000100
00020100
00212100
02021000
00002220
00000000
00000000
46
00000000
00000100
00020100
00212100
02021000
00222220
00000000
00000000
47
00000000
00000100
00020100
00212220
02011000
00212220
00010000
00000000
85
00000000
00000100
00020100
00212210
02011001
00212220
00020000
00002000
65
00000000
00000100
00220100
00222110
02012101
00212220
00020000
00002000
26
00000000
00000100
00220100
00222110
02012101
01122220
00220000
00002000
28
00000200
00000200
00220200
00222210
02011201
01112220
00120000
01002000
53
00000200
00000200
00221202
00221220
02011201
01112220
00120000
01002000
75
00000200
00000200
00221202
00222120
02021111
02212220
02220000
01002000
57
00000200
00002200
00222202
00222120
02021111
02211120
02221000
01002000
86
00000200
00002200
00222202
00222120
02021211
02211121
02221002
01002000
22
00000200
01002200
00122202
00212120
02021211
02212221
02222202
01002000
24
00000200
01002200
02222202
01212120
01021211
01212221
01222202
01002000
77
00000200
01002200
02222202
22212120
02021211
01212111
01111112
01002000
71
00000210
01002100
02221202
22212120
02021211
01212211
01111212
01002200
32
00000222
01102100
02211202
22211120
02021111
01212211
01111212
01002200
84
00200222
01202100
02211202
22211111
02021111
01212211
01111212
01002200
42
20200222
02111100
02211202
22211111
02021111
01212211
01111212
01002200
88
20200222
02111100
02211202
22211111
02021111
01212211
02111211
21002201
15
20200222
02111100
02111202
21211111
22021111
22212211
02111211
21002201
82
20200222
02111101
02111201
21211111
22021111
22222211
02222211
21022201
73
20200222
02222221
02111211
21212111
22021111
22222211
02222211
21022201
41
20210222
02211221
02111121
21212121
22021121
22222221
02222221
21022221
51
20211222
02211221
02112111
21222121
22221121
22222221
02222221
21022221
17
20211222
02211221
02112111
21222121
22221121
22222221
12221111
22222221
12
22211222
12211221
02122111
22122121
22211121
22221221
12221111
22222221
13
