00000000
00000000
00000000
00021000
00012000
00000000
00000000
00000000
65
00000000
00000000
00000000
00022200
00011100
00000000
00000000
00000000
53
00000000
00000000
00001000
00021200
00022100
00020000
00000000
00000000
34
00000000
00002000
00002000
00112200
00022100
00020000
00000000
00000000
35
00000000
00002000
00022000
00122200
00121100
00020000
00000000
00000000
33
00000000
00002000
02222000
00212200
00121100
00020000
00000000
00000000
32
00000000
00102000
02112200
00112200
00121100
00020000
00000000
00000000
13
00000000
00102000
11112200
00112200
00122100
00022000
00000000
00000000
67
00000000
00102000
11112200
00112200
00112200
00021020
00000100
00000000
74
00000000
00102000
11112220
00111210
00112100
00021020
00000100
00000000
87
00000000
00102000
11112220
00111210
00112100
00022010
00002101
00000000
66
00000000
00102000
11112220
00121210
00211100
02022110
00002101
00000000
48
00200000
00202000
11212220
00221210
00211100
02022110
00001101
00010000
24
00200000
00202000
11212220
01111210
00111100
02012110
00001201
00010020
58
00200000
00202000
11212220
01111210
00111200
02012210
00001201
00011220
41
00210000
00101200
11212220
01111210
00111200
02012210
00001201
00011220
21
01110000
00101200
11212220
22222210
00111200
02012210
00001201
00011220
83
01110000
00101220
11211211
22222210
00111200
02012210
00001201
00011220
88
01110000
00122220
11222211
22222210
00111200
02012210
00001201
00011111
51
01111000
00121120
11221211
22221220
00111202
02012220
00001201
00011111
71
01111010
20121110
22221211
22221220
00111202
02012220
00001201
00011111
77
01111010
20121110
22221211
22221220
02222202
02012120
00001111
00011111
47
01111010
20121110
22221211
22221210
02222102
02021120
00211111
00011111
17
01111010
20121110
22221211
22211222
02122102
01021120
10211111
00011111
36
01111010
20121110
22221211
22211222
22112102
02111120
10211111
00011111
27
01111210
20122210
22221211
22211222
22112102
02111120
11111111
00011111
75
01111210
20122210
22221211
22211112
22212112
02211110
11211111
00211111
22
01111210
21122210
21121211
21211112
21212112
01211110
12211111
20211111
86
01111210
21122210
21121211
21211111
22212111
22211111
22211111
20211111
28
01111222
21122220
21121211
21211111
21212111
21211111
21111111
21111111
82
