00000000
00000000
00000000
00012000
00022000
00002000
00000000
00000000
64
00000000
00000000
00020000
00021100
00022000
00002000
00000000
00000000
34
00000000
00000000
00020020
00111200
00022000
00002000
00000000
00000000
74
00000000
00000000
00020220
00112110
00022000
00002000
00000000
00000000
46
00000000
00000000
00020220
00112222
00011000
00012000
00000000
00000000
67
00000000
00000000
00020220
00112222
00021000
00211000
00000100
00000000
52
00000000
00001000
00010220
00112222
00022000
00212000
00002100
00000000
85
00000000
00021000
00020120
00122212
00022001
00212000
00002100
00000000
26
00000000
00022200
00020220
00122212
00022001
01112000
00002100
00000000
61
00000100
00021200
00010220
00122212
00022001
01212000
02002100
00000000
47
00000100
00021200
00010220
00122222
00022021
01212000
02011100
00000000
25
00000100
00021200
00010220
00122222
01022021
01122000
02021100
00020000
35
00000100
00021200
00010220
00122222
01122021
01122000
02221100
00020000
53
00020100
00022200
00011220
00111222
01121021
01121000
02221100
00020000
31
00120100
00012200
00011220
00111222
22221021
02121000
02221100
00020000
83
02220100
00012200
00011111
00111221
22221021
02121000
02221100
00020000
66
02220100
00222200
00011111
00111221
22221011
02121100
02221100
00020000
28
02220100
00222200
00012111
00112221
22222011
02112100
02122100
01022000
14
02220100
00222200
00012111
10112221
21222011
02212100
02222100
01222000
18
02220100
00222200
20012111
20111221
21212011
02112100
01222100
11222000
71
02220110
00222100
20011111
20111221
21212021
02112102
01222100
11222000
16
02220110
00222100
20211111
20221221
21212021
11112102
01222100
11222000
65
02220110
00222100
20211111
20221111
21211111
22112102
22222100
11222000
12
02220110
10222220
10211211
10222111
11221111
12212102
12222100
11222000
81
02220111
10222210
10221111
10222111
11211211
12112222
11222200
11222000
87
02220111
10222222
10221121
10222211
11212211
12122221
11222201
11222000
51
02221111
10221122
10221112
10222212
11212212
12122222
11222202
11222002
24
02221111
10211122
12221112
12211112
12222212
12122222
11222202
11222002
77
02221111
10211122
12221112
12211112
12221212
12122212
11112222
11222202
22
22221111
12111122
11221112
11221112
11222212
11122212
11112222
11222202
78
