00000000
00000000
00000000
00021000
00012000
00000000
00000000
00000000
43
00000000
00000000
00012000
00012000
00012000
00000000
00000000
00000000
66
00000000
00000000
00222000
00012000
00011000
00000100
00000000
00000000
42
00200000
00020000
00212000
00012000
00011000
00000100
00000000
00000000
65
00200000
00020000
00212000
00012000
00012100
00002100
00000000
00000000
62
00200000
00022100
00212000
00012000
00012100
00002100
00000000
00000000
64
00200000
00022100
00222000
00211100
00022100
00002100
00000000
00000000
24
00200000
00022100
00222000
01112100
00022200
00002220
00000000
00000000
46
00200000
00022100
00222200
01112200
00011200
00012220
00000000
00000000
86
00200000
00022100
00222200
22222200
00011200
00011111
00000000
00000000
73
00200000
00022220
00222210
22222100
00011200
00011111
00000000
00000000
74
00200000
00022220
00222210
22222110
00011200
00011121
00000002
00000000
88
00200000
00022220
00222210
22222110
00021200
00022121
00020001
00000001
38
00200000
00022220
00222220
22222222
00021100
00021121
00010001
00100001
37
00200000
00022220
00222220
22222222
00022100
00012121
00112001
00100001
61
00200100
00022120
00222120
22222122
00022100
00022121
00212001
02100001
41
00210100
00011120
00212120
22212122
00012100
00012121
00212001
02220001
81
00210101
00011110
00212120
22212122
00022100
00222121
00212001
02220001
23
00210121
00011220
01112120
22212122
00022100
00222121
00212001
02220001
15
00222221
00012220
01112120
21212122
10022100
00222121
00212001
02220001
13
00222221
02012220
11212120
11222122
10022100
00222121
00212001
02220001
26
00222221
02012220
11212220
11222222
10022200
01112221
00212201
02220001
78
00222221
02012220
11212220
11122222
10012200
01111221
00212201
02220211
77
00222221
02012220
11212220
11122222
10012200
01112221
00212211
02222211
32
02222221
02212220
11122220
11122222
10012200
01112221
00212211
02222211
11
11111111
01212220
11122220
11122222
10022200
01212221
02212211
02222211
35
11111111
22212120
12121220
11212222
10122200
01212221
02212211
02222211
25
11111111
22211120
22111220
21112222
21122200
22222221
02212211
02222211
75
11111111
22211110
22111222
21112122
21111210
22222211
02212211
02222211
85
11111111
22222222
22111122
21112112
21111211
22222211
02212211
02222211
18
