00000000
00000000
00000000
00021000
00012000
00000000
00000000
00000000
43
00000000
00000000
00210000
00021000
00012000
00000000
00000000
00000000
34
00000000
00000000
00222000
00112000
00012000
00000000
00000000
00000000
52
00002000
00002000
00212000
00112000
00012000
00000000
00000000
00000000
62
00002000
00002100
00221000
00212000
02012000
00000000
00000000
00000000
56
00002000
00002100
00222200
00211000
02011000
00001000
00000000
00000000
64
00002000
00002100
00222100
00211200
02011020
00001000
00000000
00000000
65
00002000
00002100
00222100
00211100
02021120
00002000
00000200
00000000
86
00002020
00002200
00222100
00211100
02021110
00002001
00000200
00000000
35
00002020
00002200
00222220
00211100
02111110
00002001
00000200
00000000
23
00002020
20002200
02222220
00211100
02121110
00002001
00000200
00000000
32
00002020
20122200
02122220
00121100
02121110
00002001
00000200
00000000
14
00002020
20122200
01122220
10122100
02121210
00002021
00000200
00000000
82
02002020
20222201
01122210
10122100
02121210
00002021
00000200
00000000
77
02002020
20222201
01122210
10122100
02121210
00002021
00000222
00000000
16
02002020
20222201
01122210
10122100
22221210
10002021
00000222
00000000
68
02002020
20222201
01122210
10122100
22221222
10002022
00000212
00000100
66
02002020
20222201
01122210
10122100
22221122
10002222
00002222
00000100
78
02002020
20222201
22222210
20122100
22211122
10001222
00002122
00000110
58
02002020
20222201
22222210
22222100
22211122
10001222
00001122
00001110
22
02002020
21222201
22122210
22222100
22221122
10022222
00001122
00001110
36
02002020
21222201
22122210
22122100
22121122
20122222
20001122
00001110
72
02002020
21111111
22122110
22121100
22211122
22222222
20001122
00001110
84
02002220
21112111
22122110
22121101
22211112
22222122
20001122
00001110
47
02002220
21112111
22122110
22121101
22211112
22211122
20222222
00001110
41
02012220
21111121
22122222
22121102
22211112
22211122
20222222
00001110
48
02222220
22221121
22222222
22221102
22211112
22211122
20211222
00011110
74
02222222
22221122
22222122
22221112
22211112
22211122
20211222
00011110
28
02222222
22221122
22222122
22221112
22211112
22211122
22222222
01011110
38
02222222
22221122
22222122
22221112
22211112
22211122
22212222
01111110
88
02222222
22221122
22222122
22221112
22211112
22211122
22212212
01111111
11
12222222
21221122
22122122
22211112
22211112
22211122
22212212
01111111
18
