00000000
00000000
00000000
00012000
00022200
00000000
00000000
00000000
66
00000000
00000000
00000000
00012000
00022200
00002100
00000000
00000000
46
00000000
00000000
00000000
00012000
00012200
00021100
00200000
00000000
53
00000000
00000000
00001000
00011000
00011200
00022220
00200000
00000000
87
00000000
00000000
00001000
00011000
00011100
00022222
00200001
00000000
67
00000000
00000000
00001000
00011200
00012100
00021122
00200101
00000000
74
00000000
00002000
00002000
00012110
00012100
00021122
00200101
00000000
85
00000000
00002000
00022000
00022110
00022101
00021111
00200101
00000000
33
00000000
00002000
00122000
00022110
00221101
00021111
00200101
00000000
36
00000000
02002000
00222000
00022110
00221101
00111111
00200101
00000000
51
00001000
02001000
00221000
00021110
00221101
00121111
00202101
00000000
38
00001000
02001000
00221020
00021210
00222101
00121111
00102101
00100000
23
00001000
02001000
01111020
00021210
00222101
00221111
02102101
00100000
21
01001000
01001000
01111020
00021220
00222221
00221211
02102101
00100000
72
01001000
01001010
01111010
00021222
00222221
00221211
02102101
00100000
16
01001000
01001210
01112020
00021222
00222221
10221211
01102101
00100000
82
01001000
01001211
01112210
00022222
00221221
10211211
01102101
00100000
58
01001020
01001221
01112220
00022222
00221221
10211211
01101101
00101000
34
01001020
01001221
22222220
00122222
00111221
10111211
01101101
00101000
77
01001020
01022221
22222220
00122222
00111221
10111111
01101111
00101000
24
01001020
01012221
21122220
01122222
00121221
10211111
02101111
20101000
17
01001020
21012221
22122220
01222222
00121221
10211111
11101111
20101000
83
21001020
22012221
22211111
01222211
00121121
10211111
11101111
20101000
81
21021021
22022211
22221111
01222211
00121121
10211111
11101111
20101000
61
21021111
22022111
22221111
01222211
00121121
10211211
11102111
20121000
32
21021111
22111111
22111111
01121211
20121121
20211211
21102111
20121000
31
21111111
22111111
22111111
01121211
20121121
20211211
21102121
20121002
26
21111111
22111111
22111111
22221211
20121121
21111211
21102121
20121002
78
21111111
22111111
22111111
22221211
20121121
21111211
21102211
20122222
25
21111111
21111111
21111111
21121211
21122121
21121211
21202211
22222222
47
