00000000
00000000
00000000
00222000
00021000
00000000
00000000
00000000
35
00000000
00000000
00000000
00222000
00112000
00000200
00000000
00000000
23
00000000
00000000
01000000
02222000
00112000
00000200
00000000
00000000
13
00000000
00000000
11000000
01222000
02222000
00000200
00000000
00000000
56
00000000
00000000
11000000
01122000
02222000
00201200
00000000
00000000
16
00000000
20000000
12000000
01222000
01222000
10201200
00000000
00000000
43
00000000
20000000
12010000
01122000
22222000
10201200
00000000
00000000
14
00000000
20000000
12010000
11122000
12222000
10202200
00000200
00000000
22
00000000
21000000
21010000
21122000
22222000
20202200
20000200
00000000
26
00000000
21000000
22210000
22222000
21222000
21202200
20000200
00000000
53
02000000
22000000
22211000
22212000
21122000
21202200
20000200
00000000
77
02000000
22000000
22211000
22212000
21121000
21202100
20000222
00000000
46
02000000
22000000
22211000
22212000
22222200
21111200
20000222
00000000
32
02020000
22200000
22111000
22112000
22122200
21111200
20000222
00000000
88
02020000
22200000
22111000
22112000
22121200
22222220
20000212
00000001
11
12020000
21200000
22222200
22112000
22121200
22222220
20000212
00000001
62
12020020
21200200
22222200
22122000
22221200
22222220
20000212
00000001
37
12020020
21200200
22222200
22222000
22221200
22212220
20200212
00200001
42
12020020
21120200
22222200
22222000
22221200
22222220
20220212
00200001
27
12020020
21120200
21222200
21222000
21221200
21222220
22220212
20200001
31
11120020
21120200
21222200
21222000
21221200
21222220
22220222
20200021
73
11120020
21122200
21122110
21222000
21221200
21222220
22220222
20200021
72
11120020
21112120
21122220
21222020
21221200
21222220
22220222
20200021
57
11122020
21122220
21222220
22222020
21121200
21211220
22221222
20200021
83
11122020
21122220
21111121
22222020
21122220
21211220
22221222
20200021
85
11122020
21122220
21111121
22222010
21111111
21211220
22222222
20220021
86
11122020
21122220
21111121
22222012
21111121
21211211
22222221
20220021
28
11122020
21122220
21112221
22222222
21111221
21211211
21122221
21220021
61
11111120
21121222
21112222
22222222
21111221
21211211
21122221
21220021
81
11111111
21121211
21112121
22221221
21111221
21211211
21122221
21220021
68
