00000000
00000000
00000000
00021000
00012000
00000000
00000000
00000000
34
00000000
00000000
00200000
00121000
00012000
00000000
00000000
00000000
43
00000000
00000000
00222000
00112000
00012000
00000000
00000000
00000000
63
00000000
00000000
00222100
00221000
00222000
00000000
00000000
00000000
23
00000000
00002000
01122100
00222000
00222000
00000000
00000000
00000000
66
00000000
00002000
01122100
00212000
00222200
00000100
00000000
00000000
46
00000000
20002000
02122100
00212000
00212200
00010100
00000000
00000000
64
00000000
20002000
02122100
00211200
00222220
00010100
00000000
00000000
42
00200000
20022000
02112100
00211200
00222220
00010100
00000000
00000000
61
00200100
20221000
02222100
00212200
00222220
00010100
00000000
00000000
13
00200100
20221000
11111100
00212200
00222220
00010200
00000200
00000000
41
00210100
20111000
11111100
00212200
00222220
00020200
00002200
00000000
26
00210100
20111200
11111200
00212200
00122220
01020200
00002200
00000000
47
00210100
22222200
11211200
00222200
00112220
01010200
00012200
00000000
11
10210100
12222200
11211200
00222200
00212220
02010200
20012200
00000000
76
10210100
12222200
11211200
00221200
00212120
02010220
20012220
00000000
24
10210100
12222200
11211200
01111200
00112120
02020220
20222220
00000000
86
10210100
12222200
11211200
01111100
00112222
02020221
20222220
00000000
28
10210100
12222200
11211200
01111100
00111222
02010221
20222220
01020000
74
10210100
12221200
11211100
01211110
00211222
02210221
20222220
01020000
25
10210100
12221220
11211200
01112110
01121222
02210221
20222220
01020000
27
10210100
12221220
11211200
01112110
01121222
22210221
21222220
01020000
82
10210100
12221111
11211200
01112110
01122222
22222221
21222220
01020000
58
10210100
12221111
11211200
01111110
01121222
22121222
21211222
01021000
73
10210100
12221111
11211110
01111110
01121222
22121222
21212222
01022200
51
10211102
12211121
11111210
01112110
01121222
22121222
21212222
01022200
83
10211102
12211111
11111211
01112110
01121222
22122222
22222222
01222200
88
10222222
12211221
11112221
01122120
01221222
22122122
22222212
01222201
78
10222222
12211221
12112221
22222120
02211222
22221122
22222112
01111111
84
10222222
12211221
12112221
22222111
02211211
22221121
22222111
01111111
15
10222222
12211221
12112221
11222111
11111211
21221121
22122111
01111111
21
11222222
11111221
11112221
11222111
11111211
21221121
22122111
01111111
18
