00000000
00000000
00000000
00021000
00012000
00000000
00000000
00000000
34
00000000
00000000
00000000
00111000
00222000
00000000
00000000
00000000
56
00000000
00000000
00000000
00111000
00222200
00001000
00000000
00000000
76
00000000
00000000
00200000
00221000
00222100
00001010
00000000
00000000
25
00000000
00000000
00200000
00221000
02111100
20001010
00000000
00000000
43
00000000
00000000
00210000
00221000
02112100
20001210
00000000
00000000
24
00000000
00000000
00210000
01111000
02112100
20002210
00002000
00000000
23
00000000
00000000
01110000
01111200
02112200
20002210
00002000
00000000
46
00000000
00002000
01120000
01211200
02112200
20011110
00002000
00000000
63
00000000
20002000
02120100
01211100
02112100
20011110
00002000
00000000
58
00000000
20002000
02120100
01211100
02112100
20011210
00001020
00001000
22
00000000
21002000
01120100
22211100
02112100
20011210
00001020
00001000
26
00000000
21002000
01120100
21211100
01112100
21011222
00001020
00001000
67
00000000
21002000
01120100
21221100
01122100
21021122
00022220
00001000
38
00000000
21002000
01120100
21221100
02222100
22221122
00012220
00101000
37
00000000
21002000
22220100
22121100
02221100
22121122
00112220
00101000
41
00010000
21001020
22220200
22122100
02221100
22121122
00112220
00101000
88
00010000
22201020
22220200
22122100
02221100
22121122
00112210
00101001
53
00010000
22201020
22221200
22122220
02221100
22121122
00112210
00101001
15
00010000
22201020
22221200
22122220
11111100
21121122
00112220
00101201
48
00010000
22221020
22222200
22122220
11111100
21121122
00111220
00111201
83
00010000
22221020
22222201
22122210
11211100
22121122
20111220
00111201
73
00010000
22222220
22222211
22122110
11211100
22121122
20111220
00111201
31
00110000
22112222
22121221
22122210
11212100
22121122
20111220
00111201
61
00110100
22111112
22111121
22122110
11222100
22221122
22222220
00111201
84
00110100
22111112
22111112
22122112
11222102
22221122
22222220
00111201
11
10110100
11111112
12111112
12122112
11222102
22221122
22222220
02222201
18
10110120
11111212
12112112
12121112
11212102
12121122
11222220
12222201
87
12110120
12111212
12112112
12121112
11212102
12121112
11111111
12222201
78
12222220
12122212
12212112
12121112
11212102
12121112
11111111
11111111
81
