00000000
00000000
00000000
00012000
00022200
00000000
00000000
00000000
46
00000000
00000000
00200000
00022000
00012200
00010000
00000000
00000000
75
00000000
00000000
00200000
00022000
00011210
00010020
00000000
00000000
63
00000000
00000000
00200100
00021000
00012210
00010220
00000000
00000000
34
00000000
00000000
00200100
00111000
00012210
00020220
00200000
00000000
47
00000000
00000000
00202100
00112000
00012210
00010220
00210000
00000000
62
00000000
00000100
00201100
00112000
00012222
00010220
00210000
00000000
56
00000000
00000100
00201100
00211000
00222222
00011220
00210000
00000000
26
00000000
00000100
00221100
00222000
00122222
01011220
00210000
00000000
48
00000000
00000100
00221100
00222000
00222222
01222220
00110000
00010000
27
00000000
00000100
00221100
00221000
00212222
02122220
21110000
00010000
42
00002000
00020100
00211100
00211000
00212222
02122220
21110000
00010000
64
00002000
00020100
00211100
00211100
00211222
02212220
21220000
00210000
67
00002000
00220100
00221100
00212100
00211222
02211120
21220100
00210000
24
00002000
00220100
00221100
22222100
00111222
02211120
21220100
00210000
28
00002000
00220100
00221100
22222100
00111222
02211220
21120200
01110200
16
00002000
00220100
00221100
22222100
02222222
11211220
21120200
01110200
31
00102020
00110200
00122100
22122100
02122222
11111220
21120200
01110200
57
00122020
00120200
00122100
22122100
02122222
11111220
21111200
01110200
77
00122020
00120220
00122200
22112100
02121222
11111120
21111110
01110200
84
00122020
00120220
00122200
22112101
02121212
11111120
22222222
01110200
13
00122020
00120220
10122202
21112102
02121212
11111120
22222222
01110200
86
00122020
20120220
20122202
21112102
02121212
11111111
22222222
01110200
73
00122020
20220220
22222222
22212102
02121212
11111111
22222222
01110200
58
00122020
20220220
22222222
22212102
22121212
22111111
22211122
01111200
81
00122021
20220222
22222122
22211102
22111212
22111111
22211122
01111200
88
00122021
20220222
22222122
22211102
22121212
22112111
22211211
01111221
22
02222021
21220222
21122122
21211102
21121212
21112111
21211211
01111221
61
02222111
21222222
21122122
21211102
21121212
21112111
21211211
01111221
74
02222111
21222212
21122112
21211112
21121112
21211111
22211211
22222221
11
