00000000
00000000
00000000
00222000
00021000
00000000
00000000
00000000
53
00000000
00000000
00001200
00222000
00021000
00000000
00000000
00000000
73
00000000
00000000
00001110
00222000
00022200
00000000
00000000
00000000
36
00000000
00002000
00002110
00222000
00012200
00100000
00000000
00000000
41
00010000
00001000
00002110
00222000
00022200
00200000
02000000
00000000
56
00010000
00001000
00001110
00221000
00021200
00202000
02000200
00000000
35
00010000
00001020
00001210
00212000
00121200
00202000
02000200
00000000
33
00010000
00001020
00101210
00112000
02221200
00202000
02000200
00000000
37
00010000
00001020
00101222
00112000
02121200
00102000
02100200
00000000
75
00010000
00001020
00101222
00112020
02121210
00102000
02100200
00000000
85
00010000
00001020
00122222
00222010
02121211
00102000
02100200
00000000
17
00010000
02001020
00222222
00222010
02121211
00102000
11100200
00000000
15
00012000
02002020
00222222
00222010
11121211
00102000
11100200
00000000
11
10012000
01002020
00122222
00212010
11221211
00202000
11200200
00200000
64
10012000
01202020
00222222
00211110
11221211
00202000
11200200
00200000
61
10011100
22201020
00212222
00111110
11221211
00202000
11200200
00200000
62
10011100
22201120
00211122
00111120
11221221
00202020
11200200
00200000
26
10011100
22201120
00211122
00111220
11122221
01222020
11200200
00200000
58
10011100
22222220
00222122
00121220
11122221
01222010
11200100
00201000
81
10011101
22222210
00222122
00121220
11122221
01222020
11200120
00201000
84
10011121
22222220
00222122
00121121
11122221
01222020
11200120
00201000
57
10011121
22222220
00222122
00121121
11121221
01222020
11222220
00201000
66
10011121
22222220
00222122
00121222
11121122
01111122
11222220
00201000
82
10011121
22222221
00222112
20121122
12121122
01211122
11222220
00201000
78
10011121
22222221
00222112
20122112
12121212
01211122
11222222
00201010
88
10011121
22222221
00222111
22222111
12221211
01221121
11222211
00201011
68
10222221
22222221
00222111
22222111
12221211
01221121
11222111
00201111
28
10222221
22222221
00222111
22222111
22221211
22211121
12122111
01201111
48
10222221
22222221
00222111
22222111
22221211
22211121
22111111
21111111
23
10222221
22222221
21111111
22122111
21211211
21211121
21111111
21111111
21
