00000000
00000000
00000000
00222000
00021000
00000000
00000000
00000000
33
00000000
00000000
00120000
00222000
00021000
00000000
00000000
00000000
53
00000000
00002000
00121000
00221000
00021000
00000000
00000000
00000000
51
00001000
00001000
00121000
00222200
00021000
00000000
00000000
00000000
75
00001000
00001000
00121000
00222100
00022010
00000200
00000000
00000000
56
00001000
00201000
00221000
00221100
00021010
00001200
00000000
00000000
76
00001000
00201000
00222200
00222100
00021010
00001110
00000000
00000000
24
00001000
00201000
00222200
01111200
00021020
00001112
00000000
00000000
42
00001000
00211000
00212200
01221200
00221020
00001112
00000000
00000000
36
00001000
00211000
00212200
01221200
00222020
00122222
00000000
00000000
74
00001000
00211000
00212100
01221110
00222020
00222222
02000000
00000000
18
00021000
00221000
00222100
01221110
00212020
00122222
01000000
10000000
67
00021000
00221000
00222100
01221110
00212020
00221222
01200100
10000000
57
00021000
00221000
00222100
01221110
00112020
00211222
01201200
10000200
25
00021000
00221000
00212100
01122222
01112020
00211222
01201200
10000200
47
00021000
00221000
00212100
01222222
01212020
00211222
01211200
10200200
28
00022200
00222000
00222100
01222222
01212020
00211222
01111200
11200200
73
00022200
00222000
00222222
01222122
01211020
00211222
01111200
11200200
26
00022200
00222000
00222222
01222122
02211020
22222222
02111200
11200200
22
00022200
01222000
00122222
01212222
02222220
22222222
02111200
11200200
48
00022200
22222000
00122222
01212222
02222220
22222222
02111200
11110200
15
00022200
22222000
00122222
01212222
12222220
21222222
02122200
11112200
62
00022200
22222100
20121222
02212222
12222220
21222222
02122200
11112200
82
00022202
22222102
20121212
02212122
12221220
21212222
02122200
11112200
31
02222202
22212102
20121212
02212122
12221220
21212222
02122200
11112200
23
02222202
22212222
21121222
01212122
11221220
21212222
02122200
11112200
17
02222202
22212222
22121222
22212122
12221220
11212222
11122200
11112200
78
02222202
22212222
22121222
22212122
12221220
11212222
11122200
11111110
77
02222202
22212222
22221222
22222122
12222220
11212222
11111120
11111112
87
02222202
22212222
22221222
22222122
12222220
11212222
11111111
11111112
11
12222202
11212222
12121222
12212122
12221220
11212122
11111111
11111112
71
