00000000
00000000
00000000
00012000
00022000
00002000
00000000
00000000
46
00000000
00000000
00000000
00222000
00022000
00012000
00000000
00000000
66
00000000
00000000
00000000
00222000
00022000
00011200
00000020
00000000
64
00000000
00000000
00000000
00222100
00021000
00222200
00000020
00000000
53
00000000
00002000
00002000
00222100
00022000
00222200
00000020
00000000
24
00000000
00002000
02002000
01211100
00022000
00222200
00000020
00000000
88
00000000
00002000
02002000
02211100
02021000
00222100
00000010
00000001
47
00000000
00002000
02002000
02211100
02011000
00212220
00010010
00000001
26
00000000
00002000
02002000
02222220
02011000
01112220
00010010
00000001
65
00000000
00002000
02002000
02222220
02011100
01211220
00020010
00002001
73
00000000
00002000
02002010
02222120
02011100
01211220
00020020
00002021
67
00000000
00002000
02002010
02222220
02011120
01211120
00020120
00002021
83
00000000
00002000
02002011
02222210
02011120
02211120
02020120
00002021
43
00000000
00002000
02012011
02211210
02011220
02211220
02020220
00002221
61
00000100
00201000
02022011
02212210
02011220
02211220
02020220
00002221
38
00000100
00201000
02022011
02212210
02012220
02221220
02210220
00102221
62
00000100
00201100
02021011
02212210
02222220
02221220
02210220
00102221
42
00000120
00211200
02012011
02222210
02222220
02221220
02210220
00102221
17
00200120
00221200
02012011
02222210
02222220
02221220
11110220
00102221
72
00200120
00221110
02012011
02222210
02222220
02221220
12110220
20102221
22
02200120
02211110
02022011
02222210
02222220
02221220
12110220
20102221
81
02200111
02211110
02022011
02222222
02222220
02221220
12110220
20102221
12
02200111
12111110
21022011
02122222
02212220
02221220
12110220
20102221
87
02200111
12211110
22222011
02221222
02212120
02221210
12110221
20102221
14
02200111
12211110
12222011
11111222
01212120
02122210
12222221
20102221
11
12200111
11211110
12122211
11112222
01222120
02222210
12222221
20102221
41
11110111
11111112
11122222
11112222
01222120
02222210
12222221
20102221
28
11110111
11111112
11122222
11112222
22222120
02222210
11222221
21102221
16
11110111
11111112
11122222
11112222
11222122
11111120
11222221
21102221
86
