00000000
00000000
00000000
00021000
00012000
00000000
00000000
00000000
56
00000000
00000000
00000000
00022200
00011000
00001000
00000000
00000000
53
00000000
00020000
00002000
00021200
00011000
00001000
00000000
00000000
33
00000000
00020000
00102000
00012200
00012000
00002000
00002000
00000000
51
00001000
00010000
00102000
00022200
00222000
00002000
00002000
00000000
75
00001000
00010000
00101000
00022220
00222010
00002000
00002000
00000000
73
00001000
00010000
00101010
00022210
00222020
00002002
00002000
00000000
46
00001000
00010200
00102010
00022110
00221020
00012002
00002000
00000000
68
00001000
00010200
00102010
00022110
00221020
00022002
00021000
00000100
34
00001000
00010200
00122010
00121110
00221020
00022002
00021000
00000100
36
00021000
00020200
00122010
00121110
00111020
00122002
00021000
00000100
31
00111000
00010202
00121020
00121210
00112020
00122002
00021000
00000100
76
00111000
00010202
00121020
02221210
00212010
00122012
00021000
00000100
84
00111000
00010102
00121010
02221211
00212010
02222012
00021000
00000100
25
00111000
00010102
00121010
02222211
01112210
02222012
00021000
00000100
27
00111000
00010102
00121010
02222211
01112210
01122012
01022000
00002100
38
00111020
00010202
00122010
02222211
01112110
01121012
01012000
00102100
63
00111020
00010202
00111210
02221211
01112210
01122222
01012000
00102100
72
00111020
00010212
00111110
02221211
22222210
01122222
01012000
00102100
14
00111020
00012212
00112110
11112211
21222210
01122222
01012000
00102100
61
00111120
00011112
00112110
11112211
21222210
22222222
01012000
00102100
87
00111120
00011112
00112110
11111211
21222110
22222212
01022001
00122100
67
00111120
00011112
00112110
11111211
21212110
22221112
01022102
00122102
17
00111120
00011112
00112110
11111211
11112222
11221122
11022202
00122102
37
00111120
00222222
00122110
11112111
11111222
11111122
11122202
00122102
81
00111111
00222212
00122120
11112211
11112222
11121122
11222202
02222102
22
00111111
01111112
02222120
12212211
12122222
12122122
12222202
02222102
18
00111111
01111112
02222120
12212211
12122222
12122222
11222222
11111102
78
20111111
02111112
02222120
12212211
12122212
12122212
11222212
11111112
13
20111111
22222222
12111122
11212222
12122212
12122212
11222212
11111112
21
