00000000
00000000
00020000
00022000
00021000
00000000
00000000
00000000
35
00000000
00000000
00020000
00022000
00211000
02000000
00000000
00000000
33
00000000
00000000
00120000
00012000
00222200
02000000
00000000
00000000
17
00000000
00000000
02220000
00012000
00122200
01000000
10000000
00000000
64
00000000
00000000
02220000
00011100
02222200
01000000
10000000
00000000
76
00000000
00000000
02220200
00012100
02222100
01000010
10000000
00000000
62
00000000
00000100
02220100
00012220
02222100
01000010
10000000
00000000
42
00000000
00010100
02210100
00012220
02222200
01000020
10000002
00000000
66
00000000
00010100
02210100
00222120
02221100
01000120
10000002
00000000
46
00000000
00010100
02210100
00212120
02221100
01210120
10000002
00000000
53
00002000
00020100
02211100
00211120
02221100
01210120
10000002
00000000
31
00102000
00010100
02211100
00211120
02221100
02210120
12000002
00000000
83
00102000
00012100
02221101
00211110
02221100
02210120
12000002
00000000
18
00102020
00012200
02222101
00221110
02211100
02110120
11000002
10000000
61
00102120
00012100
02222101
00221110
02211100
02110120
12000002
12000000
15
00102120
00012100
02222101
00221110
11211100
02210120
12200002
12000000
24
00102120
00012100
02122101
21111110
12111100
02210120
12200002
12000000
22
00102120
01012220
01122201
21112110
12121100
02210120
12200002
12000000
86
00102120
01012220
01122201
21112110
12121100
02220111
12220002
12000000
32
00102120
01112220
01112201
22222222
12121100
02220111
12220002
12000000
13
02102120
02212220
12122201
12222222
12121100
02220111
12220002
12000000
58
02102120
02212220
12122201
12222222
11122200
02122111
12210002
12001000
57
02102120
02212220
12122201
12222222
12122200
22112111
12211002
12001000
85
02102120
02212220
12122201
12222221
12122201
22112211
12222202
12001000
75
02102120
22212220
22121201
22222121
22111111
22112211
12222202
12001000
73
02102120
22212220
22121121
22222121
22111121
22112221
12222222
12001000
81
02222111
22222210
22121121
22222121
22111121
22112221
12222222
12001000
11
11111111
11222222
12121122
12222122
12111122
12112222
12222222
12001000
48
11111111
11222222
12121122
12222122
12211122
11212222
12222222
12211000
78
11111111
11222212
12121112
12222112
12211112
11211212
12222122
12211012
68
