00000000
00000000
00000000
00021000
00012000
00000000
00000000
00000000
65
00000000
00000000
00000000
00021000
00012100
00000200
00000000
00000000
34
00000000
00000000
00000000
00111000
00222100
00000200
00000000
00000000
25
00000000
00000000
00200000
00121000
01112100
00000200
00000000
00000000
43
00000000
00000000
00210000
00111200
01112200
00000200
00000000
00000000
56
00000000
00000000
00210000
00111200
01111200
00002200
00020000
00000000
32
02000000
00200000
00120000
00112200
01111200
00002200
00020000
00000000
74
02000000
00200000
00220000
00211110
01211200
00202200
00020000
00000000
67
02000000
00200000
00220000
00211110
01221100
00202100
00020200
00000020
42
02000000
00210000
00210000
00222222
01221100
00202100
00020200
00000020
46
02000000
00210000
00210000
00212222
01222220
00211100
00020200
00000020
24
02000000
00210000
00110000
01112222
01122220
00211200
00020220
00000020
26
02000000
02210000
00210000
01122222
01122220
01111200
00020220
00000020
58
02020000
02220000
00220000
01122222
01122220
01111200
00010220
00001020
73
02020000
02220000
00220010
01222122
02121220
22222200
00010220
00001020
14
02020000
02220000
00220010
11222122
01221220
22222200
00210220
00001020
86
02020000
02220000
00220010
11222122
01221220
22222221
00210220
00001020
51
02021000
02210000
02220010
12222122
02221220
22222221
00210220
00001020
88
02021000
02210000
02220010
12222122
02221220
22222121
00220210
00021021
38
02021000
02210000
02220010
12222122
02221220
22222121
00220222
00111021
57
02021000
02222000
02220010
12222122
02221220
22221121
00221222
00111021
68
02021000
02222002
02220020
12222222
02222220
22221121
00221112
00111111
53
02022200
02222002
02221020
12221122
02221210
22221121
00221112
00111111
13
02022200
02222202
11112020
11221122
02121210
22211121
00221112
00111111
72
02022220
02222222
11112020
11221122
02121220
22211121
00221112
00111111
63
02022220
02222222
11111120
11221122
02121222
22211122
00221112
00111111
11
12022220
01222222
11211120
12221122
22121222
22211122
00221112
00111111
31
11122220
22222222
22111120
22221122
22121222
22211122
00221112
00111111
17
11122220
12222222
12111120
12221122
12121222
12211122
12221112
00111111
81
11111111
12222212
12111120
12221122
12121222
12211122
12221112
00111111
83
11111111
12222211
12111111
12221111
12121121
12211121
12221111
00111111
18
