00000000
00000000
00000000
00021000
00012000
00000000
00000000
00000000
56
00000000
00000000
00000000
00021000
00012000
00001200
00000000
00000000
43
00000000
00000000
00010000
00011000
00012000
00022200
00000000
00000000
47
00000000
00000000
00010000
00011000
00222000
00012200
00010000
00000000
65
00000000
00000000
00010200
00012000
00222100
00011200
00010000
00000000
53
00000000
00000000
00011200
00011000
00221100
00222200
00010000
00000000
67
00000000
00000000
00011200
00011000
00221100
00222100
00020100
00020000
38
00000000
00020000
00021200
00021000
00221100
00221100
00010100
00120000
73
00000000
00020000
00021110
00022000
00221200
00222220
00010100
00120000
27
00000000
00020000
00021110
00021000
00211200
00122220
01010100
02220000
57
00000000
00020200
00022110
00021000
00211200
00121220
01011100
02220000
86
00000000
00020200
00022210
00022200
00212200
00121111
01011100
02220000
72
00000000
00020210
00022120
00021202
00212200
00121111
01011100
02220000
25
00000000
00020210
00022120
02021202
01212200
00121111
01011100
02220000
75
00000020
00020220
00022120
02021202
01211110
00121111
01011100
02220000
33
00000020
00020220
00111120
02222202
01211110
00121111
01011100
02220000
81
00000021
00020210
00111120
02222202
02211110
20121111
02011100
02220000
14
00000021
00020210
02222220
12222202
01211110
20121111
02011100
02220000
13
00000021
00020210
12222220
11222202
01121110
20112111
02011200
02220020
41
00010021
00010210
12212220
12212202
21111110
20112111
02011200
02220020
52
00010221
00012210
12221220
12211202
21111110
20112111
02011200
02220020
77
00010221
00012210
12221220
12211202
21211210
20122211
02012210
02220220
26
00010221
00012210
12221220
12211202
21211210
22222211
02222210
02220220
58
00010221
00012210
12221220
12211222
21211220
22121221
02211120
02221220
12
00012221
10022210
11221220
12111222
21211220
22121221
02211120
02221220
32
00012221
10111120
11111222
12111222
21211220
22121221
02211120
02221220
82
00012221
12111111
12211212
12121122
21212220
22121221
02211120
02221220
31
20112221
22111111
22211212
22121122
21212220
22121221
02211120
02221220
17
22222221
22211111
22221212
22112122
21112220
21121221
11111120
02221220
18
22222221
22211111
22221212
22112122
21112220
21121221
11111120
11111220
85
22222221
22211111
22221111
22112111
21111211
21121221
11111122
11111220
88
