00000000
00000000
00000000
00012000
00022200
00000000
00000000
00000000
64
00000000
00000000
00000020
00011200
00022200
00000000
00000000
00000000
74
00000000
00000000
00000022
00011120
00022200
00000000
00000000
00000000
66
00000000
00000000
00020022
00021120
00021100
00000100
00000000
00000000
33
00000000
00000000
00120022
00222220
00021100
00000100
00000000
00000000
53
00000000
00000000
00111022
00221220
00022220
00000100
00000000
00000000
84
00000000
00020000
00121022
00221111
00022210
00000100
00000000
00000000
76
00000000
00220000
00221022
00221111
00022110
00000110
00000000
00000000
31
00100000
00210000
00221022
00221121
00022210
00002110
00000000
00000000
35
00100000
00110000
02221022
00211121
00121110
00002110
00000000
00000000
46
00100000
00110000
02221022
00211121
00121110
00012110
00000200
00000000
47
00100000
00110000
02221022
00211122
00122222
00011120
00010200
00000000
87
00100000
00112000
02222022
00212122
00122122
00011110
00010201
00000000
72
00100000
00112010
02222012
00212112
00122112
00021110
00020201
00020000
68
00100000
00112010
02222012
00212212
00122122
00022222
00020101
00020100
62
00100000
00111110
02221012
00212212
00122122
00022222
00020201
00020120
82
00100000
00111111
02221011
02212211
00222121
00022221
00020201
00020120
25
00100000
00111111
02211011
02212211
01221121
00222221
00020201
00020120
15
00100000
00111111
22111011
02212211
11221121
00222221
00020201
00020120
57
00100000
00111111
22111011
02212211
12221111
02221121
00021201
00020120
37
00100000
00111111
22111011
02112211
12122111
01212121
00122201
00022220
22
00100000
21111111
22111011
01212211
11122111
01212121
00122201
00022220
77
00100000
21111111
22111011
01212211
11122111
01212111
00221111
00222220
28
00100000
21111111
22111011
22212211
12122111
01212111
00121111
01222220
63
00102000
21122111
22212111
22212111
12122111
01212111
00121111
01222220
61
00122100
21221111
22212111
22212111
12122111
01212111
00121111
01222220
11
10122102
11221121
12212211
12212111
12122111
01212111
00121111
01222220
21
11122102
11121121
12212211
12212111
12122111
22212111
00121111
01222220
88
11122102
11121121
12212211
12212111
12122111
22212111
02221111
01111111
17
