00000000
00000000
00000000
00222000
00021000
00000000
00000000
00000000
33
00000000
00000000
00120000
00222000
00021000
00000000
00000000
00000000
35
00000000
00000000
00120000
00122000
00121000
00200000
00000000
00000000
64
00000000
00000000
00120000
00112100
00122200
00200000
00000000
00000000
42
00000000
00010000
00110000
00112100
02222200
00200000
00000000
00000000
37
00000000
00010000
00110000
00112100
02122200
00200000
00120000
00000000
46
00000000
00010000
00110000
00112100
02112200
00222000
00120000
00000000
57
00000000
00012000
00120000
00212100
02112200
00212000
00111000
00000000
14
00000000
00012000
00120000
10222100
01122200
00122000
00121000
00020000
24
00000000
00012000
00120200
11112200
01122200
00122000
00121000
00020000
67
00000000
00222000
00120200
11112200
01112200
00121000
00121100
00020000
66
00000000
00222000
00120200
11112200
01111200
00121200
00122200
00020200
72
00000000
00222010
00120200
11111220
01111200
00121200
00122200
00020200
21
01000002
00122020
00110200
11111220
01111200
00121200
00122200
00020200
62
01020002
00122120
00120200
11121220
01121200
00121200
00122200
00020200
78
01020202
00122220
00120200
11121220
01121200
00121200
00122100
00020210
84
01020202
00122220
00120220
11121211
01122200
00121200
00122100
00020210
77
01020202
00122220
00120220
11111211
01121200
00121100
00122222
00020210
71
01020212
00222210
02220210
11211211
01121200
00121100
00122222
00020210
22
01020212
01111110
22220210
12211211
01221200
00121100
00122222
00020210
26
01020212
01111110
22220210
12211211
02121200
22221100
00122222
00020210
76
01020212
01111110
22220210
12211211
02121100
22221110
00222212
00220210
51
01021112
01111110
22220210
12211221
02121102
22221120
00222212
00220210
28
01021112
01111112
22220220
12211221
02121102
22211120
00122212
01220210
27
01021112
01111112
21220220
11211221
01111102
21111120
22222212
01220210
83
01021112
22222222
22220221
11211211
01111102
21111120
22222212
01220210
11
11021112
11222222
12122221
11222211
01212102
22112120
22222212
01220210
18
11021112
11222222
12122221
11222211
01212102
22112220
21222222
11220222
86
11021112
11222222
12122221
11222221
01212221
22111221
21222222
11220222
15
11021112
11222222
12122221
11222221
11212221
12111221
11222222
11220222
58
11021112
11222222
12122221
11222221
11212221
12111211
11211122
11111222
31
