00000000
00000000
00000000
00222000
00021000
00000000
00000000
00000000
53
00000000
00000000
00001000
00222200
00021000
00000000
00000000
00000000
75
00000000
00000000
00001000
00222100
00022210
00000000
00000000
00000000
66
00000000
00000000
00001020
00222200
00022110
00000100
00000000
00000000
56
00000000
00000000
00001220
00222200
00021110
00001100
00000000
00000000
23
00000000
00000000
01001220
00122200
00011210
00001200
00000200
00000000
57
00000000
00020000
01002220
00122200
00011210
00001100
00001200
00000000
62
00000000
00020100
01002120
00122100
00021110
00201100
00001200
00000000
35
00000000
00020100
01001120
00112220
00111110
00201100
00001200
00000000
78
00000000
00020100
01001120
00112220
00111210
00201200
00001200
00000210
77
00000000
00020100
01001120
02222220
00111210
00201100
00001110
00000210
58
00000000
02020100
02001120
02222220
00111210
00201100
00001110
00001110
83
00000000
02020100
02001111
02222210
00112110
00201200
00001120
00001112
12
00000000
12020100
01001111
02122210
00112110
00201200
00002120
00022222
43
00000000
12020102
01011121
02111210
00112110
00201200
00002120
00022222
72
00000000
12022222
01012111
02112210
00112110
00201200
00002120
00022222
47
00000000
12022222
01012111
02122210
00212110
02201200
00011120
00022222
31
00100000
12012222
01021111
02222110
02212110
02201200
00011120
00022222
87
00100000
12012222
01021111
02222110
02222110
02222200
00022111
00022222
15
00100000
12012222
01021121
02222120
11111220
02222220
00022221
00022222
81
00100001
12012211
01021121
02222120
12111220
22222220
00022221
00022222
13
00120001
11022211
11021121
01222120
12111220
22222220
00022221
00022222
85
02220001
12022211
12021121
02222110
12111111
22222220
00022221
00022222
33
02220021
12022221
11111121
01112110
12111111
22222220
00022221
00022222
37
02220021
12022221
11111121
01112210
12112111
21122220
00211111
02022222
86
02220021
12022221
11111121
01112210
12122111
22211111
02211111
02022222
51
02221021
12222221
11221121
01212210
12222111
22211111
02211111
02022222
14
02222221
12222221
11221121
11212210
11222111
22111111
02211111
02022222
17
02222221
12222221
11221121
11212210
11222111
11211111
11211111
02222222
11
11111111
11222221
11121121
11212210
11222111
11211111
12211111
22222222
84
