00000000
00000000
00000000
00021000
00012000
00000000
00000000
00000000
34
00000000
00000000
00000000
00111000
00222000
00000000
00000000
00000000
56
00000000
00000000
00200000
00211000
00211000
00001000
00000000
00000000
24
00000000
00000000
00200000
02111000
20211000
00001000
00000000
00000000
22
00000000
01000000
00100000
02111000
20222200
00001000
00000000
00000000
36
00000000
01000000
00120000
02112000
20112200
00101000
00000000
00000000
42
00000000
01210000
00120000
02112000
20112200
00101000
00000000
00000000
63
00000000
01210000
00120100
02211000
22222200
00101000
00000000
00000000
26
00000000
01210000
00122100
02212000
22122200
01101000
00000000
00000000
74
00000000
01210000
00122100
02212010
22222100
02201000
00200000
00000000
17
00000000
01210000
00122100
02212010
22122220
01201000
10200000
00000000
31
00102000
01120000
00222100
02212010
22122220
01201000
10200000
00000000
62
00102000
22220100
00221100
02212010
22122220
01201000
10200000
00000000
46
00102000
22220100
00222100
02212210
22112220
01111000
10200000
00000000
66
00102000
22220100
00222100
02212110
22121120
01112100
10200200
00000000
52
00102000
22222220
00221200
02212110
22121120
01112100
10200200
00000000
47
00102000
22222220
00221220
02212220
22122120
01121100
10210200
00000000
71
00102010
22222120
00221220
02212220
22122120
22221100
10210200
00000000
78
00102010
22222120
00221220
02212220
22122120
22221100
10220100
00020010
23
00102010
22222120
02111220
22112220
22112120
22221100
10220100
00020010
57
00102010
22222120
02111220
22112220
22112120
22211200
10222220
00020010
13
00102210
21222220
11111220
11112220
12112120
12211200
10222220
00020010
76
00102210
21222210
11111210
11112210
12112210
12211120
10222222
00020010
88
00102210
21222210
11111210
11112210
12112220
12211122
10222212
00020011
58
00102210
21222210
11111220
11112222
11112220
12111122
10211212
00021011
28
00102210
21222220
11111222
11112222
11112220
12111122
10111212
01021011
82
00102210
21111111
11111212
11112122
11111220
12111122
10111222
01022211
38
00102210
21111111
11111212
11112122
11121220
12211122
12222222
01111111
41
00111112
21111122
11111212
11112122
11121220
12211122
12222222
01111111
85
20111112
22111122
11211112
11122112
11122111
12211211
12222121
01111111
18
