00000000
00000000
00000000
00021000
00012000
00000000
00000000
00000000
34
00000000
00000000
00002000
00112000
00012000
00000000
00000000
00000000
63
00000000
00000000
00202100
00121000
00012000
00000000
00000000
00000000
32
00000000
00100000
00102100
02221000
00012000
00000000
00000000
00000000
35
00000000
00100000
00102100
02121000
02222000
00000000
00000000
00000000
43
00000000
00120000
00221100
02121000
02222000
00000000
00000000
00000000
31
00100000
00110020
00221200
02122000
02222000
00000000
00000000
00000000
65
00102000
00120020
00211200
02121000
02222100
00000000
00000000
00000000
81
00102001
00120010
00212100
02122200
02222100
00000000
00000000
00000000
14
00102001
00120010
02212100
12222200
02222100
00000000
00000000
00000000
75
00102001
00110010
02211100
12222220
02222110
00000000
00000000
00000000
84
00102001
00110010
02211100
12111111
22222110
00000000
00000000
00000000
16
00102001
00110210
02212100
12121111
11222110
10000000
00000000
00000000
56
00102001
00110210
02212100
12121211
11211120
10001002
00000000
00000000
12
00102001
10110222
01212100
12121211
11211120
10001002
00000000
00000000
83
00102001
12110221
02212101
12121211
11211120
10001002
00000000
00000000
52
00102001
12111211
02222221
12121221
11211120
10001002
00000000
00000000
76
00102001
12111211
02222211
12121221
11222222
10001012
00000000
00000000
21
01102021
11111221
01222221
11121221
11222222
10001012
00000000
00000000
46
01102021
11111221
01212211
11111121
11111222
10011022
00000020
00000000
78
01102021
11111221
22212211
11111111
11111212
10011012
00000010
00000010
66
01102021
11111221
22212211
11121111
11112112
10011212
00000020
00000012
57
01102021
11111221
22212211
11121111
11112112
10021112
00201020
00000012
28
01102021
11111221
22212211
11121111
11121112
10021112
00121020
01000012
38
01102021
11111221
22212211
21121111
21121112
20021112
20111020
01100012
87
01102021
11111221
22212211
21121111
21121111
20021111
20112021
01100222
58
01102021
11111221
22212211
21121211
21121211
20022211
20111221
01101222
36
01102021
11111221
22212211
22121211
22211211
22111111
20111221
01101222
27
21102021
22111221
21212211
21121211
21211211
21111111
21111221
01101222
61
21102111
22111111
21212111
21121111
21221111
22121111
21221221
01122222
41
