00000000
00000000
00000000
00012000
00022200
00000000
00000000
00000000
66
00000000
00000000
00000000
00012000
00021200
00000200
00000200
00000000
77
00000000
00000000
00020000
00022000
00021200
00000100
00000210
00000000
33
00000000
00000000
00120000
00012000
00022200
00002100
00000210
00000000
53
00000000
00200000
00121000
00012000
00022200
00002100
00000210
00000000
46
00000000
00200000
00121000
00012000
00012200
00011100
00000222
00000000
78
00000000
00200000
00121000
00012000
00012200
00011200
00000222
00000210
63
00000000
02200000
00221100
00021000
00012200
00011200
00000222
00000210
35
00000000
02202000
00222100
00012000
00112200
00011200
00000222
00000210
75
00000000
02202000
00222100
00022000
00121110
00021200
00020222
00000210
38
00000000
02202000
00222100
00022002
00121120
00021200
00010222
00100210
88
00000000
02202000
00222220
00022002
00121120
00021100
00010212
00100211
51
00001000
02201000
00221220
00021002
00121120
00021200
00012212
00100211
58
00021000
02202000
00221220
00021002
00121120
00021200
00011212
00101111
36
00021000
02202000
00221220
00022002
00111220
00111220
00011212
00101111
64
00021000
02202000
00221220
00022222
00111120
00111120
00011112
00101111
42
00221000
02222000
00212220
00012222
00111120
00111120
00011112
00101111
85
00221000
02222000
00222220
00222222
00111111
00111110
00011112
00101111
21
01111000
02122000
00212220
00222222
00121111
00211110
02011112
00101111
16
01111000
02122000
00212220
00222222
00121122
10222222
01011112
00101111
11
11111000
01122000
00112220
00222222
00221122
12222222
01011112
00101111
83
11111000
22222000
00111111
00222211
00221121
12222221
01011111
00101111
37
11111000
22222000
00211111
02222211
00121121
12112221
01111111
00101111
15
11111000
22212000
00111111
01222211
10221121
12112221
21111111
00101111
25
11111000
22212000
00111111
22222211
21111121
21112221
21111111
00101111
23
11111000
21112020
01111221
21122221
21111121
21112221
21111111
00101111
13
11111000
11112020
11111221
21122221
21121121
21212221
22111111
20101111
28
11111000
11112020
11111221
21122221
21121121
22222221
21222111
22221111
61
11111102
11111020
11111221
21122221
21121121
22222221
21222111
22221111
82
11111102
11111221
11112211
21122121
21121121
22222221
21222111
22221111
71
