00000000
00000000
00000000
00021000
00012000
00000000
00000000
00000000
43
00000000
00000000
00012000
00012000
00012000
00000000
00000000
00000000
63
00000000
00000000
00211100
00021000
00012000
00000000
00000000
00000000
23
00000000
00000000
01111100
00022200
00012000
00000000
00000000
00000000
35
00000000
00020000
01112100
00012200
00112000
00000000
00000000
00000000
66
00000000
00020000
01122100
00022200
00122000
00020100
00000000
00000000
51
00001000
00010000
01122220
00022200
00122000
00020100
00000000
00000000
75
00001000
00010000
01121220
00022100
00222010
02020100
00000000
00000000
83
00001000
00010002
01121121
00022200
00222010
02020100
00000000
00000000
36
00021000
00020002
01121121
00021200
00212010
02120100
00000000
00000000
32
00021000
00220002
02111121
20021200
00212010
02120100
00000000
00000000
81
00021001
00220001
02111121
20021200
00212010
02120200
00000020
00000000
34
00021001
00220201
02112221
20121200
00212010
02120200
00000020
00000000
65
00021001
00220201
02112221
20121200
00211110
02220200
00200020
00000000
67
00021001
00220201
02112221
20222200
00222110
02222100
00200120
00000000
88
00021001
00220201
02112221
20222200
00222210
02222200
00200210
00000201
47
00021001
02220201
02212221
20222200
00212210
02212200
00210210
00000201
31
00111001
02210201
02211221
20222102
00212220
02212200
00210210
00000201
17
00111001
02210201
02211221
20212102
00112220
01212200
10222210
00000201
27
00111001
02210201
02211221
22212102
00212220
01122200
11112110
00000201
58
00111001
02222201
02221221
22211102
00211220
01121200
11111110
00001201
25
00111001
02222201
02221221
22211102
01211220
01222200
11221110
00201201
12
00111001
12222201
01221221
22111102
02211220
02222200
12221110
02201201
61
00111101
12221101
01211121
22111102
02211220
02222202
12221120
02201201
15
00111101
12211101
01111121
22222222
11111220
02222202
12221120
02201201
78
00111101
12211101
01111121
22222222
22111220
22222202
12221120
02201111
85
00111101
12222221
01111221
22222211
22111111
22222202
12221120
02201111
13
00111101
11222221
11111221
11222211
12111111
12222202
12222120
02221111
18
20111101
12222221
11211221
11222211
12111111
12122202
11222120
11111111
76
20111101
12222221
11211221
11222211
12111211
12111122
11222222
11111111
71
20111111
12222111
11211211
11222211
12111211
12111122
11222222
11111111
21
