00000000
00000000
00020000
00022000
00021000
00000000
00000000
00000000
35
00000000
00000000
00020000
00022000
00112000
00000200
00000000
00000000
65
00000000
00000000
00020000
00022000
00112100
00002200
00000000
00000000
53
00000000
00000000
00021000
00012020
00112200
00002200
00000000
00000000
57
00000000
00000000
00021000
00011020
00111200
00002200
00021000
00000000
42
00000000
00012000
00012000
00012020
00112200
00002200
00021000
00000000
63
00000000
00222000
00021100
00012020
00112200
00002200
00021000
00000000
41
00010000
00211000
00011100
00012020
02222200
00002200
00021000
00000000
26
00010000
00211000
00011100
00012020
02122200
01002200
00022000
00020000
15
00010000
00222200
00011100
00012020
11122200
01002200
00022000
00020000
77
00010000
00222200
00011100
00012020
11121200
01002200
00022210
00020000
76
00010000
00222220
00011200
00012020
11121100
01002210
00022210
00020000
37
00010000
00222220
00011200
00012020
11121100
01022210
00121110
00020000
34
00010000
00222220
00011200
00112020
11111100
01021222
00121110
00020000
51
00011000
00221220
00011200
00112020
11111100
01021222
02221110
00020000
64
00011000
00221220
00011220
00111220
11112100
01021222
02221110
00020000
83
00011000
00221220
00011121
00111222
11112100
01021222
02221110
00020000
82
00011000
00221111
00011121
00111222
11112100
01021222
02222220
00020200
22
00211000
01121111
00012121
00111222
11112100
01021222
02222220
00020200
36
00211000
22221111
00012121
00111222
11112100
01111222
02222220
00020200
87
00211020
22221221
00012121
00111222
11112100
01111212
02222221
00020200
78
00211020
22221221
00012121
00121222
11212100
02111212
22222111
00020210
38
00211020
22221221
00012121
00121222
11212100
02111212
22112122
00120222
85
00211020
22221221
00222121
00221211
11212101
02111212
22112122
00120222
81
00211021
22221211
00222121
00221211
12212101
22111212
22112122
00120222
23
02211021
22221211
01121121
00122211
12212201
22111222
22112122
00120222
11
11111021
21221211
01221121
02222211
12212201
22111222
22112122
00120222
14
11111021
21221211
01221121
11111111
11212201
22111222
22112222
00122222
28
11111021
21221211
22221121
22111111
21212201
21111222
21112222
01122222
61
11111111
21221111
22222121
22111221
21212221
21111222
21112222
01122222
18
