00000000
00000000
00000000
00021000
00012000
00000000
00000000
00000000
65
00000000
00000000
00000000
00021000
00012100
00000200
00000000
00000000
43
00000000
00000000
00010000
00011000
00012220
00000200
00000000
00000000
85
00000000
00000000
00010000
00011200
00011211
00000200
00000000
00000000
73
00000000
00000000
00010010
00011102
00011221
00000200
00000000
00000000
86
00000000
00000000
00010010
00011102
00222211
00000201
00000000
00000000
57
00000000
00000000
00010010
00011102
00222211
00000201
00001200
00000000
46
00000000
00000200
00010020
00011102
00211211
00010201
00001200
00000000
68
00000000
00000200
00010020
00011102
00211121
00010201
00002100
00020100
47
00000000
00000200
00010020
00011202
00212121
00020201
00211100
00020100
53
00000000
00020200
00021020
00021102
00222111
00020201
00211100
00020100
27
00000000
00022200
00022020
00022102
00222111
00020201
01111100
00020100
34
00000000
00022200
00222020
00221102
00222111
00020201
01111100
00020100
51
00001000
00021200
00222220
00222202
00222211
00020201
01111100
00020100
74
00001000
00021200
00222120
00222212
00222211
02020201
01211100
00020100
36
00001000
00021200
00222120
00221212
00212211
02120201
02211100
02020100
31
00101000
00011200
00221120
00221112
00212212
02120202
02211102
02020100
76
00101200
00012200
00221120
00221112
00212112
02120212
02211102
02020100
38
00122200
00022200
00221120
00221112
00212112
02120212
02111102
02120100
16
00122200
00022200
00221120
00221112
20212112
12120212
01211102
02120100
17
00122200
00022200
00221120
00211112
20122112
11122212
11211102
02120100
77
00122200
00022200
00221122
00211122
20121212
11122112
11211112
02120100
18
02222200
00022200
00221122
00211122
20121212
11122112
11211112
11120100
82
02222200
00022221
00221222
00212122
20121212
11122112
11211112
11120100
58
02222200
00022221
00221222
00212122
20121222
11122122
11211222
11111120
23
02222202
00022222
01111222
00212122
20121222
11122122
11211222
11111120
71
02222212
00022122
22222222
00212122
20121222
11122122
11211222
11111120
22
02222212
01222122
22222222
00212122
20121222
11122122
11211222
11111120
11
11111112
01222122
22222222
00212122
22221222
11122122
11211222
11111120
24
11111112
22212122
22122222
01212122
21121222
11112122
11211222
11111120
14
11111112
12112122
11122222
11212122
11121222
11112122
11211222
11111120
88
