00000000
00000000
00000000
00021000
00012000
00000000
00000000
00000000
65
00000000
00000000
00000000
00022200
00011100
00000000
00000000
00000000
73
00000000
00000000
00000010
00022100
00011200
00000020
00000000
00000000
34
00000000
00000000
00020010
00112100
00011200
00000020
00000000
00000000
75
00000000
00000000
00020010
00212100
02011110
00000020
00000000
00000000
63
00000000
00000000
00020110
00211100
02021110
00002020
00000000
00000000
46
00000000
00000000
00020110
00211100
02011110
00222020
00000000
00000000
67
00000000
00000002
00020120
00211200
02012110
00221020
00000100
00000000
23
00000000
00000002
01020120
00111200
02012110
00222020
00002100
00000000
32
00000000
00100002
01010120
00111200
02012222
00222020
00002100
00000000
47
00000000
00100002
01010120
00111200
02222222
00212020
00011100
00000000
27
00000000
00100002
01010120
02222200
02212222
00112020
01011100
00000000
87
00000000
00100002
01010120
02221200
02212222
00112210
01011101
00000000
13
00000000
02100002
12010120
02221200
02112222
00112210
01011101
00000000
33
02000000
02200002
11120120
02122200
02112222
00112210
01011101
00000000
14
02000000
22200002
12120120
11222200
01122222
00112210
01011101
00000000
52
02000000
22201002
12110120
11122200
01122222
00112210
01011201
00000200
84
02000000
22201002
12110120
11122201
01122212
00122110
01021201
00020200
58
02000000
22201002
12210120
11222201
01222212
00222110
01211101
00021200
42
02000000
22211002
12110120
11222201
01222212
00222110
01221101
00221200
83
02000000
22211002
22110111
21222201
22222212
00222110
01221101
00221200
74
02000000
22211002
22110111
21111111
22222212
00222110
02221101
20221200
78
02000000
22211002
22222111
21122111
22222212
00222110
02221101
20221110
26
02000000
22211002
22222111
21122111
21222212
02111110
22221101
20221110
11
12000000
21211002
22122111
21112111
21221212
02111110
22222221
20221110
62
12000000
21211102
22121111
21112111
21221212
02111110
22222221
20222222
86
12020000
21221102
22121111
21112111
21221211
02111111
22222221
20222222
51
12221000
22211102
22121111
21112111
21221211
02111111
22222221
20222222
16
12221020
12211202
12122111
11122111
11221211
11111111
22222221
20222222
28
12222220
12212202
12122111
11122111
11221211
11111111
21122221
21222222
81
