00000000
00000000
00000000
00021000
00012000
00000000
00000000
00000000
34
00000000
00000000
00200000
00121000
00012000
00000000
00000000
00000000
56
00000000
00000000
00200000
02221000
00011000
00001000
00000000
00000000
23
00000000
00000000
22200000
02121000
00011000
00001000
00000000
00000000
22
02000000
02000000
22100000
02111000
00011000
00001000
00000000
00000000
15
02000000
02000000
22220000
01111000
10011000
00001000
00000000
00000000
52
02000000
02001000
22222000
01111000
10011000
00001000
00000000
00000000
32
02000000
02101000
22112000
01211000
10021000
00002000
00000200
00000000
36
02000000
02101000
22112000
02221000
10211000
00102000
00000200
00000000
14
02000000
02101000
21212000
11121000
10212000
00102200
00000200
00000000
63
02000000
22101000
22211100
11221000
10222000
00102200
00000200
00000000
57
02000000
22101000
22211100
11222200
10221000
00101200
00001200
00000000
78
02000200
22102000
22221100
11222200
10221000
00101200
00001100
00000010
75
02000200
22102000
22221100
11222100
10222010
00102100
00002100
00002010
46
02000200
22102000
22222220
11222100
10121010
00111100
00002100
00002010
68
02000200
22102000
22222220
11222100
10122010
00111200
00001120
00002110
51
02022200
22202000
22221220
11221100
10121010
00111200
00001120
00002110
76
02022200
22202000
22221220
11221100
10121012
00111120
00001210
00002110
48
02022200
22202000
22221220
11221100
10221012
02222220
00001210
00011110
17
02022200
22202000
22221220
11211100
10121012
01222220
10022210
00011110
83
02022200
22202002
22221121
11211200
10122012
01222220
10022210
00011110
31
02122200
22102002
22121121
11111200
10122022
01222222
10022210
00011110
65
02122200
22102002
22121121
11111100
10111122
01222122
10022222
00011110
42
02122200
22112002
22121121
12211100
12222222
01222122
10022222
00011110
84
02122200
22112002
22121121
12211101
12222212
02222122
12022222
00011110
37
02122200
22112002
22121121
22111101
22121212
22222122
11122222
00011110
88
02122200
22112002
22121121
22111101
22121211
22222121
12222211
00211111
18
02122200
22112002
22121221
22222221
22111221
22122121
11222211
10211111
62
02122200
22111102
22121111
22222121
22111121
22122121
12222211
12211111
11
11122220
11111202
12122111
12222121
12111121
12122121
12222211
12211111
72
