00000000
00000000
00020000
00022000
00021000
00000000
00000000
00000000
33
00000000
00000000
00120000
00012000
00022000
00002000
00000000
00000000
66
00000000
00000000
02220000
00012000
00021000
00002100
00000000
00000000
64
00000000
00000000
02220000
00021100
00022000
00002200
00000020
00000000
32
00000000
00120000
02220000
00021100
00022000
00002200
00000020
00000000
57
02000000
00220000
02220000
00021100
00021000
00001200
00001020
00000000
34
02000000
00220000
02220000
00211100
02011000
00001200
00001020
00000000
12
02000000
10220000
22220000
00111100
02011000
00001200
00001020
00000000
22
02000000
11220000
22220000
02111100
02011000
00001200
00001020
00000000
41
02210000
12210000
22210000
02111100
02011000
00001200
00001020
00000000
15
02210000
12220000
22222000
01111100
12011000
00001200
00001020
00000000
62
02210000
12220100
22222200
01111100
12011000
00001200
00001020
00000000
26
02210000
12220100
22222200
02111100
12011000
02001200
02001020
00000000
11
11110000
11220100
22222200
02221100
12211000
02001200
02001020
00000000
88
11110020
11220200
22222200
02221100
12211000
02001100
02001010
00000001
72
11110020
11220220
22222220
02221100
12211000
02001100
02001010
00000001
51
11111020
11210220
22122220
01222220
12211000
02001100
02001010
00000001
37
11111020
11210220
22122220
22222220
12211000
01001100
02101010
00000001
83
11111020
11210220
22111111
22222220
12221000
01201100
02101010
00000001
18
11111020
11210220
22111111
22221220
12211000
02101100
02101010
12000001
16
11111020
11222220
22111211
22121220
11211000
11101100
02101010
12000001
75
11111020
11222220
22111221
22122222
11211010
11101100
02101010
12000001
38
11111020
11222220
22111221
22122222
11222010
11121100
01101010
11100001
61
11111120
11221210
22111221
22122222
11222010
11121100
01102010
11100201
47
11111120
11221210
22111221
22112222
11212020
11111102
01112020
11100201
48
11111120
11221222
22111222
22112222
11212020
11111102
01111020
11110201
65
11111120
11221122
22111122
22111122
21211120
22111102
21111020
11110201
85
11111120
11221122
22121122
22112122
21211221
22222222
21111020
11110201
81
11111111
11221111
22121121
22112121
21211221
22222222
22222220
11110201
78
11111111
11221111
22121111
22112111
21211211
22221222
22222222
11110211
58
