00000000
00000000
00000000
00012000
00022200
00000000
00000000
00000000
46
00000000
00000000
00200000
00022000
00012200
00010000
00000000
00000000
63
00000000
00000000
00200100
00021000
00222200
00010000
00000000
00000000
76
00000000
00000000
00202100
00022000
00222100
00010010
00000000
00000000
36
00000000
00000000
00202100
00021000
00212220
00110010
00000000
00000000
25
00000000
00000000
00202100
00021000
01112220
00110020
00000002
00000000
56
00000000
00000000
00202100
00022200
01111220
00111020
00000002
00000000
62
00000000
00000100
00201100
00012200
01112220
00121020
00200002
00000000
66
00000000
00002100
00202100
00012100
01111120
00121120
00200002
00000000
86
00000020
00002200
00202100
00012100
01111110
00121111
00200002
00000000
47
00000020
00002200
00202100
00012100
01111112
00111112
00210002
00000000
43
00000020
00022200
00212100
00011200
01111122
00111112
00210002
00000000
41
00010020
00011200
00212220
00011200
01111122
00111112
00210002
00000000
28
00010020
00011200
00212220
00021200
01112122
00111222
00110022
01000000
67
00010020
00222200
00222220
00022200
01112222
00111122
00110122
01000000
51
00011020
00221200
00221220
00021200
01111222
00111122
00110222
01002000
31
00111020
00211200
00221220
00021200
01211222
02222222
00110222
01002000
17
00111020
00211200
00221220
00011200
22222222
01222222
10110222
01002000
74
00111020
00211220
00221220
00012110
22222122
01221222
10110222
01002000
78
00111220
00212220
00221220
00012110
22222112
01221212
10110112
01002010
81
00111111
00212220
00221220
00012110
22222112
01221212
10210112
01202010
34
00111111
00111220
00111220
00112110
22212112
01222212
10222222
01202010
68
00111111
00111220
00111220
02222110
22212112
01222112
10222122
01202110
84
00111111
00111120
00111222
02222122
22212212
01222112
10222122
01202110
27
02111111
00211120
00121222
02222122
22212212
01122112
11111122
01202110
88
02111111
00211120
02221222
02222122
22212212
01122112
11111112
01202111
13
02111111
20211120
12111222
01222122
22112212
01112112
11111112
01202111
16
02111111
20211120
12111222
01122122
21122222
12122212
11222112
01222111
82
02111111
20211111
22111211
22222121
22122221
12222211
11222111
01222111
22
02111111
21111111
21111211
21222121
21122221
21222211
22222111
22222111
11
