00000000
00000000
00000000
00021000
00012000
00000000
00000000
00000000
65
00000000
00000000
00000000
00021000
00021100
00020000
00000000
00000000
33
00000000
00000000
00120000
00021000
00021100
00020000
00000000
00000000
37
00000000
00000000
00120000
00021000
00022220
00010000
00100000
00000000
64
00000000
00000000
00122000
00021200
00021220
00010000
00100000
00000000
52
00000000
00001000
00121000
00021200
00022220
00010200
00100000
00000000
77
00000000
00001000
00121000
00011200
00022220
00020100
00200010
02000000
76
00000000
00021000
00122000
00011200
00022120
00020110
00200010
02000000
51
00001000
00011000
00122000
00011200
00022120
00020210
00200020
02000002
34
00001000
00011000
02222000
00211200
00022120
00020210
00200020
02000002
56
00001000
00011000
02222200
00212200
00021120
00021110
00200020
02000002
35
00001000
00011000
02222200
00212200
00111220
00021120
00200022
02000002
12
00001000
10011000
01222200
00212200
00221220
00221120
00200022
02000002
84
00001000
10011000
01222200
00212201
00221210
00222220
00200222
02000002
57
00001000
10011000
01222200
00212221
00221220
00221120
00201222
02000002
68
00021000
10022000
01222200
00212221
00221220
00221120
00201122
02000102
25
00021000
10022000
22222200
00212221
01111220
00221120
00201122
02000102
62
20021000
20022100
22221100
00212121
01111120
00221120
00201122
02000102
32
20021000
20111100
22111100
02222221
01211120
00221120
00201122
02000102
83
20021000
20111100
22111101
02222211
01221120
00222120
00201222
02000122
15
20021000
20111100
22111101
01222211
12221120
20222120
00201222
02000122
27
20021000
20112100
22111201
01221221
12211122
20122120
01201222
02000122
14
20021000
20112100
21111201
11221221
11211122
20122120
02201222
02200122
26
20021000
20112100
21111201
11211221
11111122
21122120
02202222
02202222
47
20021000
20112102
21111202
11211222
11111122
21111120
02212222
02202222
72
20021000
20112112
22222222
11211222
11111122
21111120
02212222
02202222
17
20022200
20112222
22222222
11211222
11111122
11111120
11112222
02202222
81
20022201
20112212
22222122
11221222
11121122
11121120
11122222
02222222
71
20222211
20222112
22222122
11211222
11121122
11121120
11122222
02222222
21
21111111
20122112
22212122
21211222
21121122
21221120
22122222
22222222
22
21111111
21122112
21112122
21211222
21121122
21221120
22122222
22222222
86
