00000000
00000000
00000000
00021000
00012000
00000000
00000000
00000000
34
00000000
00000000
00200000
00121000
00012000
00000000
00000000
00000000
32
00000000
00100000
00100000
00121000
00222000
00000000
00000000
00000000
66
00000000
00100000
00100200
00112000
00221000
00000100
00000000
00000000
53
00000000
00100000
00122200
00121000
00221000
00000100
00000000
00000000
36
00000000
00100000
00122200
00122000
00121000
00200100
02000000
00000000
62
00000000
00100100
02221200
00212000
00121000
00200100
02000000
00000000
65
00200000
00200100
02211200
00211000
00121100
00200100
02000000
00000000
73
00200000
00202100
02221110
00211000
00121100
00200100
02000000
00000000
37
00200000
00202100
02221110
00211000
00122220
00100100
02100000
00000000
85
00200000
00202100
02221110
00221000
00112111
00100200
02100020
00000000
24
00200000
00202100
02221110
01121000
00122111
00120200
02100020
00000000
21
01200000
00102100
02222222
01121000
00122111
00120200
02100020
00000000
72
01200000
00102110
02222122
01221000
00222111
00220200
02200020
00200000
13
22200000
00102110
11111122
01221000
00222111
00220200
02200020
00200000
47
22200000
20102110
12111122
01211000
00212111
00210200
02210020
00200000
14
22200000
20102110
11111122
11211002
00212121
00210200
02210020
00200000
18
22202000
20102210
11111122
11211002
00212121
00110200
01210020
10200000
74
22202000
20102210
11111112
11211022
00222221
00112200
01220020
10200000
48
22202000
20102210
11111112
11211022
00222221
02222200
01210020
10210000
25
22202000
20102210
11111112
11111022
01111111
01122200
01222020
10210000
76
22202000
22102210
11211112
11121022
01112111
01111210
01222020
10210000
42
22202000
22211110
11121112
11122022
01112211
01111220
01222022
10210000
68
22202002
22211120
11121212
11122022
01112211
01111220
01221022
10210100
86
22202002
22221120
21221212
22122022
22222211
02111111
01221012
10210100
28
22202002
22221120
21222212
22122222
22222211
02111111
01121012
11110100
17
22202002
22221122
21221222
22112222
22122211
01111111
11121012
11110100
58
22202202
22222222
21221222
22112222
22122211
01111111
11111012
11111100
71
22202212
22222112
21221212
22112212
22122211
01111211
11111022
11111102
78
22202212
22222112
21221212
22112212
22122211
22222211
11111012
11111112
67
22202212
22222112
21221112
22112112
22112111
22221111
11111112
11111112
41
