00000000
00000000
00000000
00222000
00021000
00000000
00000000
00000000
33
00000000
00000000
00100000
00212000
00022000
00002000
00000000
00000000
46
00000000
00000000
00100000
00212000
00022000
00222000
00000000
00000000
24
00000000
02000000
00200000
01122000
00022000
00222000
00000000
00000000
42
00000000
02010000
02100000
01222000
00022000
00222000
00000000
00000000
11
10000000
01010000
02220000
01222000
00022000
00222000
00000000
00000000
64
10020000
01020000
02220000
01111100
00022000
00222000
00000000
00000000
12
10020000
11020000
01220000
02111100
20022000
00222000
00000000
00000000
27
10020000
11020000
01220000
02222220
20012000
00122000
01000000
00000000
66
12020000
12020000
02120000
02212220
20011000
00111100
01000000
00000000
32
12020000
11120000
02120000
02212220
20012000
00112100
01002000
00000000
68
12020000
11120000
02120000
02212220
20012000
00122100
01201000
00000100
51
12022200
11110000
02120000
02212220
20012000
00122100
01201000
00000100
25
12022200
11110000
01120000
01212220
21012000
00122200
01201020
00000100
84
12022200
11210000
02120000
22211111
21012000
00122200
01201020
00000100
76
12022200
11222000
02120000
22211111
21012000
00111110
01201020
00000100
86
12022200
11222000
02120000
22211111
21012000
00111211
01201020
00000102
62
12022200
11112100
02122000
22212111
21012000
00111211
01201020
00000102
47
12022200
11112100
02122000
22212111
22012000
00212211
01122020
00002102
31
11122200
11112220
02122000
22212111
22012000
00212211
01122020
00002102
67
11122200
11112220
02122000
22222111
22222000
00211211
01111120
00002102
71
11111110
11112220
02122000
22222111
22222002
00211221
01111220
00002102
73
11111110
11112110
02122010
22222111
22222002
00221221
01211220
02002102
63
11111110
11111110
02111110
22221111
22212002
00121221
01222220
02022102
78
11111110
11111110
02111110
22221111
22212002
02221221
02222120
02022112
87
11111110
11111110
02222222
22221112
22212002
02221221
02222111
02022112
16
11111110
11111110
02212222
22121112
21212002
22111221
22222111
02022112
82
11111110
11111111
02212211
22121211
21212021
22111221
22222111
02022112
38
11111112
11111122
02212212
22121212
21212022
22111222
22112112
02111112
65
11111112
11111122
02212112
22121112
21211122
22111122
22112112
02111112
13
11111112
11111122
11112112
21121112
21111122
22111122
22112112
02111112
18
