00000000
00000000
00000000
00021000
00012000
00000000
00000000
00000000
65
00000000
00000000
00000000
00021000
00021100
00020000
00000000
00000000
33
00000000
00000000
00100000
00011000
00022220
00020000
00000000
00000000
36
00000000
00000000
00102000
00012000
00012220
00120000
00000000
00000000
66
00000000
00000000
00102000
00012000
00012220
00122100
00000000
00000000
63
00000000
00000000
00102100
00011000
00012220
02222100
00000000
00000000
67
00000000
00000000
00102100
00011000
00012220
02222200
00002100
00000000
52
00000000
00001020
00101200
00012000
00022220
02222200
00002100
00000000
47
00000000
00001020
00101200
00012000
00012220
02222200
00211100
00000000
85
00000000
00001020
00101200
00012000
00011211
02222220
00211100
00000000
74
00000000
00001020
00101100
00012210
00012211
02221220
00211100
00000000
77
00000000
00021020
00102100
00012210
00011211
02221110
00211110
00000000
51
00001000
00011020
00102100
00022210
00222211
02221110
00211110
00000000
43
00201000
00021020
00112100
00011210
00212111
02211110
00211110
00000000
27
00201000
00021020
00112100
00011210
00212111
02111210
01111120
00000002
81
00201001
00021010
00212100
02011210
00212111
02111210
01111120
00000002
73
00201001
00021010
00222110
02021110
00221111
02121210
01222120
00020002
15
00201001
00011010
00122110
01022222
10221121
02121210
01222120
00020002
25
00201001
00011010
00122110
01022222
11111122
01121222
01222120
00020002
78
00201001
00011010
00122110
01022212
11111112
01121222
01222210
00022012
28
00201001
00011010
00122110
01022212
11211112
02111222
22222210
01022012
16
00201001
02011010
00222110
01022212
11211112
11111222
22222210
01022012
87
00201001
02011010
00222222
01022222
11211212
11112212
22222211
01022012
68
00201001
02011010
00222222
21022222
22211212
21212212
22221211
01022112
62
00201201
02012120
00221122
21012122
22111112
21212112
22221111
01022112
41
00211201
02222220
00221122
21012122
22111112
21212112
22221111
01022112
23
00211201
02222220
01221122
22222122
22221112
21212112
22221111
01022112
18
00211201
22222220
02221122
22221122
22211112
21112112
21221111
11022112
13
00211201
22222220
11111122
11221122
12111112
11112112
11221111
11022112
11
12211201
12222220
12111122
12221122
12111112
11112112
11221111
11022112
82
12211221
11111221
12112121
12221121
12111111
11112111
11221111
11022112
38
