00000000
00000000
00000000
00222000
00021000
00000000
00000000
00000000
35
00000000
00000000
00000000
00222000
00121000
00020000
00000000
00000000
57
00000000
00000000
00000000
00222000
00122000
00012000
00001000
00000000
43
00000000
00000000
00010000
00212000
02222000
00012000
00001000
00000000
65
00000000
00000000
00210000
00221000
02222100
00012000
00001000
00000000
16
00000000
00000000
00222000
00122000
01222100
10012000
00001000
00000000
36
00000000
00000000
00222000
00122000
01122100
10112000
00002000
00002000
66
00000000
00000000
00222000
00122000
01122100
10211100
02002000
00002000
26
00000000
00000000
00222000
00122000
01122100
11121100
02022000
00002000
52
00000000
00001000
00211000
00121000
01122100
11121200
02022020
00002000
76
00000000
00021000
00221000
00121000
01122100
11121110
02022020
00002000
78
00000000
00021000
00221000
20121000
02122100
11221110
02022010
00002010
31
00100000
00011000
00221000
20122200
02122100
11221110
02022010
00002010
75
00100000
00011000
00221000
20122100
02122110
11222222
02022010
00002010
28
00102000
00022000
00222000
20122100
02122110
11222222
01022010
01002010
22
00102000
01022000
00122000
20112220
02121220
11222122
01022010
01002010
61
00102100
01021000
00112000
20112220
02121220
11222122
02022010
21002010
41
00111100
01011000
00112000
20112220
02121220
11222122
02022010
22202010
62
00111100
01011100
02111000
20212220
02121220
11222122
02022010
22202010
15
00111100
01211100
02221000
20212220
11121220
11222122
02022010
22202010
24
00111100
22211100
02121000
21212220
11121220
11222122
02022010
22202010
84
00111100
22211100
22121000
22211111
11221210
11222122
02022010
22202010
48
00111100
22211100
22121000
22211111
11211210
11222122
02012020
22212210
37
00111100
22222220
22121000
22111111
11111210
11112122
02112020
22212210
88
00111100
22222220
22121000
22111111
11111210
11112222
02112210
22212211
17
00111100
22222220
22122200
22112211
11121210
11212222
12112210
22212211
21
01111100
21222220
21122220
21112221
11121220
11212222
12112210
22212211
71
01111110
21222110
21121210
21112221
11121222
11212222
12112210
22212211
11
11111110
11222110
11121210
11112221
11121222
11212222
12112222
22212211
83
11111112
11222120
11121211
11112211
11121122
11211222
12112222
22212211
82
