00000000
00000000
00000000
00021000
00012000
00000000
00000000
00000000
56
00000000
00000000
00000000
00021000
00012000
00001200
00000000
00000000
43
00000000
00000000
00210000
00021000
00012000
00001200
00000000
00000000
34
00000000
00000000
00210000
00111000
00012000
00022200
00000000
00000000
77
00000000
00000000
00210000
00121000
00012000
00022200
00000020
00000002
23
00000000
20000000
02110000
00221000
00022000
00022200
00000020
00000002
13
00000000
20200000
11210000
00221000
00022000
00022200
00000020
00000002
57
00000000
20200000
11210200
00222000
00021000
00021200
00001020
00000002
76
00000000
20200000
11210200
00222000
00021000
00021110
00002020
00000202
25
00000000
20200000
11210200
00122000
01022200
00021110
00002020
00000202
31
00100000
20100000
11110200
00122000
01022200
00022222
00002020
00000202
87
00100000
22100000
11210200
00121000
01022100
00022212
00002021
00000202
67
00100000
22100000
12210200
00221000
01022100
00022112
00002211
00000222
47
00100000
22100000
12210200
00211000
01222100
00021112
00012111
00000222
24
00100000
22100000
12210200
01111200
01222200
00021212
00012211
00000222
11
10100000
11100000
12222200
01122200
01222200
00021212
00012211
00000222
75
10100000
11100000
12222200
01222200
01221110
00221212
00012211
00000222
37
10100000
11100000
12122200
22222200
01121110
00111212
00112211
00000222
48
12100000
12200000
12122200
22222200
01121110
00111112
00111211
00010222
58
12100000
12200000
12122200
22222200
22221110
00111112
00111111
00011222
16
12100000
12200000
12122200
12222200
12221110
10211112
00211111
00222222
73
12100000
12200000
12111110
12222102
12221120
10211212
00212111
00222222
27
12100000
12202000
12122110
12222102
12212120
10112212
01112111
00222222
42
12100000
11112002
12111120
12212202
12212120
10112212
01112111
00222222
83
12100000
11112002
12111111
12212202
12222120
10212212
02112111
20222222
51
12101000
11111002
12111111
12212202
12222120
12212212
02212111
20222222
28
12221000
11121002
11121111
11222202
11222120
11212212
01112111
21222222
81
12221001
11122201
11122221
11222202
11222120
11212212
01112111
21222222
61
12221101
11122101
11112221
11122222
11222220
11212212
01112111
21222222
72
12222221
11122221
11112121
11121222
11212220
11112222
01112121
21222222
85
