00000000
00000000
00000000
00012000
00022200
00000000
00000000
00000000
64
00000000
00000000
00020000
00022100
00022200
00000000
00000000
00000000
66
00000000
00000000
00020000
00022100
00022220
00000100
00000000
00000000
34
00000000
00000000
00020000
00111100
00022220
00000200
00000200
00000000
86
00000000
00000000
00020000
00211100
02022210
00000201
00000200
00000000
77
00000000
00000000
00020000
00211100
02021210
00000101
00000222
00000000
32
00000000
00100000
00010200
00212200
02021210
00000101
00000222
00000000
24
00000000
00100000
00010200
22222200
02021210
00000101
00000222
00000000
88
00000000
00100000
00010200
22222200
02021222
00000101
00000211
00000001
62
02000000
00200100
00020100
22222100
02021122
00000101
00000211
00000001
84
02000000
00200100
00020100
22222101
02021211
00000121
00000211
00000001
35
02000000
00200100
00020100
22222101
02221211
00020121
00000211
00000001
37
02000000
00200120
00020200
22222101
02221211
00010121
00100211
00000001
58
02000000
00200120
00020200
22222101
02221211
00020111
00102111
00001001
47
02000000
00200120
00020220
22222201
02222211
00020111
00111111
00001001
42
02000000
00210120
00010220
22212201
02212211
00020111
00211111
02001001
23
02002000
00210220
01010220
22112201
02212211
00020111
00211111
02001001
36
02002000
00222220
01020220
22212201
02112211
00120111
00211111
02001001
27
02002000
00222220
01020220
22212201
02112211
02220111
02111111
02001001
74
02002000
00222220
01020220
22211111
02112211
02220211
02112211
02001201
81
02002021
00222220
01020120
22211111
02112211
02220211
02112211
02001201
78
02002021
20222220
02020120
22211111
02112211
02220211
02112211
02001111
17
02002021
20222220
02220120
22221111
02112211
01220211
11112211
02001111
82
02002021
20222221
02220110
22221111
02112211
01220211
12112211
22001111
15
02002021
20222221
02220110
22221111
11112211
01220211
12212211
22201111
41
02012021
20211221
02210112
22211121
11112211
01220211
12212211
22201111
48
02012221
20212221
02220112
22211121
11112211
01220111
12111211
22211111
22
02222221
21212221
01220112
21211121
11112211
01220111
12111211
22211111
13
22222221
22212221
11220112
11211121
11112211
01220111
12111211
22211111
53
22222221
22212221
21111112
21211121
22112211
22220111
22111211
22211111
56
