00000000
00000000
00000000
00012000
00022000
00002000
00000000
00000000
46
00000000
00000000
00000000
00012000
00012000
00022000
00200000
00000000
63
00000000
00000000
00002100
00012000
00012000
00022000
00200000
00000000
65
00000000
00000000
00022100
00022000
00021100
00022000
00200000
00000000
36
00000000
00000000
00022100
00021000
00012100
00122200
00200000
00000000
42
00000000
00010000
00012220
00011000
00012100
00122200
00200000
00000000
67
00000000
00010000
00012220
00021000
00222100
00221100
00200100
00000000
64
00000000
00010000
00011220
00021100
00222100
00221200
00200120
00000000
25
00000000
00010000
00011220
00021100
01111100
00221200
00200220
00000200
57
00000000
00010000
00011220
20021100
02111100
00211200
00201220
00000200
83
00000000
00010000
00011111
20022220
02111100
00211200
00201220
00000200
78
00000000
00210000
00021111
20022220
02111100
00211200
00201120
00000210
15
00000000
00210002
00021121
20022220
11111100
00211200
00201120
00000210
88
00020000
00220002
00021121
20022220
11111100
00211100
00201110
00000211
38
00020000
00220002
00021121
20022220
12121200
00222100
00121110
00100211
81
00020001
00220001
00021121
22022220
12221200
00222100
00121110
00100211
13
00020001
00220001
10021121
11022220
12121200
00212102
00121120
00100211
34
00020001
00220001
10021121
11122220
12111200
00222222
00121120
00100211
16
00020001
00220021
10021221
11122220
11111200
10222222
00121120
00100211
31
00120001
00210021
10021221
11122220
11211200
12222222
00121120
00100211
58
00120001
00210021
10221221
11222220
11211200
12122222
00111120
00101111
85
00120001
00210021
10221221
11222220
11211221
12122222
00111120
00101111
61
02220101
00210011
10221221
11222220
11211221
12122222
00111120
00101111
27
02220101
00210011
10221221
11222220
11211221
11122222
01122120
00121111
52
02220101
00211011
10211121
11122210
11221221
11222222
02122120
20121111
22
02220101
01111011
10111121
11112210
11221221
12222222
22122120
20121111
28
02222101
01112011
10112121
11112210
11221221
11222222
21122120
21121111
11
11111101
22222011
20112121
21112210
21221221
21222222
21122120
21121111
23
11111101
21122211
21112221
21112210
21221221
21222222
21122120
21121111
71
11111111
21122111
21111221
21112222
21221222
21222222
21122120
21121111
87
