00000000
00000000
00000000
00012000
00022000
00002000
00000000
00000000
64
00000000
00000000
00002000
00012100
00022000
00002000
00000000
00000000
42
00000000
00010000
00021000
00022100
00022000
00002000
00000000
00000000
46
00000000
00010000
00011000
00012100
00021000
00222000
00000000
00000000
65
00000000
00010000
00011200
00012100
00021100
00222000
00000000
00000000
35
00020000
00020000
00021200
00022100
00121100
00222000
00000000
00000000
73
00020000
00020000
00022110
00022200
00122220
00222000
00000000
00000000
85
00020000
00020000
00022110
00222200
00221111
00222000
00000000
00000000
47
00020000
00020000
00022110
00222200
00221111
00221000
00020000
00002000
38
00020000
00020000
00022110
00222200
00221111
00222000
00010200
00102000
25
00020000
00020000
00022110
00222200
02111111
20122000
00010200
00102000
62
00020000
00020102
00021120
00212200
02111111
20122000
00010200
00102000
66
00020000
00020102
00021120
00212200
02111211
20111120
00010200
00102000
74
00022000
00020202
00021120
00211110
02111111
20111120
00010200
00102000
77
00022000
00020202
00021120
00211120
02111121
20111120
00010220
00102020
84
00022000
00020202
00221120
00221111
02112111
20111220
00010220
00102020
31
00122000
00012202
00222120
00222111
02112111
20111220
00010220
00102020
14
00122000
00012202
00222120
10222211
01112121
20111222
00010220
00102020
32
00122000
00112202
00112120
10121211
01112121
20112222
00012220
00102020
48
00122000
00112202
00112120
10121211
01112111
20122122
00222220
00112020
61
00111100
00111102
00112120
12221211
01212111
20122122
00222220
00112020
83
00111100
00111102
00112111
12221211
01212111
20122122
00222220
02222020
23
00111100
00111102
01112111
11121211
01212111
22222122
00222220
02222020
87
00111100
00111102
01112112
11121212
01212112
22222112
00222222
02222022
17
00111100
00111122
01111222
11112222
01122122
21222122
10222222
02222022
15
02111100
00211122
01121222
11112222
11122122
11222122
10222222
02222022
22
02111100
22222222
02121222
11212222
11122122
11222122
10222222
02222022
71
02111110
22222122
22121222
12212222
11222122
11222122
10222222
02222022
11
11111110
11222122
12121222
12212222
12222122
12222122
12222222
02222022
68
11111110
11222122
12121222
11212222
12122122
12212122
12221122
02222122
18
11111110
11222122
12121222
11212222
12122122
12212122
12221122
11111122
81
