00000000
00000000
00000000
00012000
00022200
00000000
00000000
00000000
64
00000000
00000000
00000200
00012200
00022200
00000000
00000000
00000000
74
00000000
00000000
00200200
00021110
00022200
00000000
00000000
00000000
36
00000000
00000000
00200200
00022222
00012200
00100000
00000000
00000000
43
00000000
00000000
00210200
00222222
00012200
00100000
00000000
00000000
76
00000000
00000000
00210200
00221222
00012220
00100010
00000000
00000000
85
00000000
00000000
00210200
00221222
00012221
00100210
00000000
00000000
23
00000000
00000000
01110200
00121222
00012221
00100220
00000020
00000000
87
00000000
00000000
01110200
00121222
00022121
00120210
00000021
00000000
83
00000000
00000000
01110201
02221211
00022121
00120210
00000021
00000000
14
00000000
00000000
01110201
11111211
00022121
00220210
02000021
00000000
88
00000000
00020000
01120201
11121211
00021121
00220110
02000011
00000001
72
00000000
00020010
01120121
11121221
00021121
00220110
02000011
00000001
53
00000000
00020010
01111121
11121221
00021221
00222110
02000011
00000001
86
00000002
00020020
01111221
11122121
00021211
00222111
02000011
00000001
26
00000002
00020020
01111221
11122121
00021211
01112211
02000211
00000001
62
00000002
02020120
01211111
11122121
00021211
01112211
02000211
00000001
18
00000002
02020120
01211111
11122121
00021211
22222211
01000211
10000001
58
00000002
02020120
01211111
12122121
20021211
22222211
01000111
10001001
25
00000002
02020120
01211111
11122121
21021211
21222211
01000211
10001201
32
00000002
02120120
01111111
11122121
21021211
22222211
01200211
10001201
35
00000002
02120120
01111111
11112121
21111211
22222211
02200211
10201201
11
10000202
01120220
01111211
11112221
21111211
22222211
02200211
10201201
17
10000202
01120220
22222211
12112221
11211211
11222211
12200211
10201201
47
10000202
01120220
22222211
12112211
12212111
12121211
12210211
12201201
78
10200202
02220220
22222211
12112211
12212111
12121211
12210111
12201111
71
10200212
02222110
22222211
12112211
12212111
12121211
12210111
12201111
41
10210212
02111110
21212111
12112211
12212111
12121211
12220111
12221111
12
12210212
12211110
12222111
12112211
12212111
12121211
12220111
12221111
57
