00000000
00000000
00000000
00222000
00021000
00000000
00000000
00000000
53
00000000
00000000
00001000
00221000
00022200
00000000
00000000
00000000
35
00000000
00000000
00001000
00211000
02222200
00000000
00000000
00000000
66
00000000
00000000
00021000
00222000
02221200
00000100
00000000
00000000
75
00000000
00000000
00021000
00222000
02222222
00000100
00000000
00000000
56
00000000
00000200
00022000
00221000
02221222
00001100
00000000
00000000
76
00000000
00000200
00022200
00222000
02221122
00001110
00000000
00000000
52
00000000
00022200
00021200
00221000
02221122
00001110
00000000
00000000
23
00000000
00022200
01021200
00121000
02212122
00001220
00000020
00000000
36
00000000
00022200
01021200
00121000
02112122
00201220
00020020
00000000
33
00000000
00222200
01221200
00222000
02212222
00201220
00020020
00000000
86
00000000
00222200
01221200
00222000
02222222
00221111
00020020
00000000
74
00000000
00222200
01221202
00222020
02222212
00222111
00020020
00000000
78
00000000
00222200
01221202
00222020
02222212
00222122
00020012
00000010
67
00000000
00222200
01222202
00122220
02212222
00221122
00020112
00000010
38
00000000
00222200
01222202
00122220
02212222
00221222
00010222
00100210
84
00000000
00222200
22222202
00111111
02212222
00221222
00010222
00100210
88
00000000
00222200
22222222
00111221
02212221
00221121
00010211
00100211
58
00000000
00222200
22222222
02222221
02212221
00221111
00010111
00101111
41
00010200
00212200
22222122
02212211
02212221
00221111
00010111
00101111
72
00010200
00211110
22222112
02212211
02212221
00221111
00020111
00121111
26
00010200
00211110
22222112
02212211
02212221
01221111
00220111
00121111
15
00210200
00221110
22122112
01212211
11112221
01221111
00220111
00121111
82
00210220
00221221
22122121
01212221
11112221
01221111
00220111
00121111
21
01110220
00121221
22112121
01211221
12112121
22221111
00220111
00121111
12
01112220
10122221
21112121
01111221
12112121
22221111
00220111
00121111
28
01112220
10122221
21112111
22222221
22111121
22211111
00120111
01121111
57
01112220
10122221
21112111
22222221
22111121
22211111
00111111
22221111
17
01112220
12222221
12212111
12222221
12111121
11211111
10111111
22221111
81
21111111
22222211
22212111
22222221
22111121
21211111
20111111
22221111
27
