00000000
00000000
00020000
00022000
00021000
00000000
00000000
00000000
53
00000000
00000000
00021000
00022200
00021000
00000000
00000000
00000000
35
00000000
00000000
00021000
00012200
00112000
00002000
00000000
00000000
66
00000000
00000000
00021000
00222200
00121000
00002100
00000000
00000000
73
00000000
00000000
00021010
00222100
00122200
00002100
00000000
00000000
46
00000000
00000000
00021010
00222220
00121200
00011100
00000000
00000000
23
00000000
00000000
01021010
00222220
02222200
00011100
00000000
00000000
75
00000000
00000000
01021010
00222110
02222210
00022100
00002000
00000000
26
00000000
00000000
01021010
00212110
02122210
02022100
02002000
00000000
67
00000000
00000002
01021020
00112210
02112210
02021100
02002100
00000000
15
00000000
00000002
01221020
00122210
11112210
02021100
02002100
00000000
17
00000000
00000002
01221022
00122220
11112210
01021100
12002100
00000000
58
00000000
00000202
01222022
00122220
11112210
01021100
12001100
00001000
47
00000000
00000202
01222022
00122220
11122210
01021100
12021100
00021000
63
00000000
00000202
22222222
00122120
11122110
01021100
12021100
00021000
42
00000000
00010202
22221222
00122120
11122220
01022220
12021100
00021000
36
00000000
00010202
22221222
02222120
12222220
02122220
12011100
00021000
32
00000000
00110202
22121222
02122120
12122220
02122220
12012200
00022200
85
02000000
00210202
22121222
02122120
12111111
02122220
12012200
00022200
14
02020000
00220202
22121222
11122120
11111111
02122220
12012200
00022200
37
02020000
00222202
22122222
11122120
11111111
01112220
11112200
00022200
12
02020000
12222202
11222222
11122120
11111111
01112220
11112200
00022200
11
12020000
11222202
11122222
11112122
11111121
01112220
11112200
00022200
71
12020010
11222102
11121222
11212122
12111121
22222220
11112200
00022200
31
11120010
11112102
11121222
11212122
12111122
22222222
11112200
00022200
78
11120010
11112102
11121222
11212122
12111222
22222222
12222100
00222210
51
11111010
11111102
11121222
11212122
12111222
22222222
12222100
00222222
18
11111210
11112202
11121222
11212122
12111222
22122222
11222100
10222222
77
11111222
11112202
11121222
11212122
12111222
22122122
11222110
10222222
87
11111222
11112202
11111222
11211122
12111122
22122112
12222111
12222222
72
