00000000
00000000
00000000
00222000
00021000
00000000
00000000
00000000
53
00000000
00000000
00001000
00222200
00021000
00000000
00000000
00000000
73
00000000
00000000
00001010
00222220
00021000
00000000
00000000
00000000
35
00000000
00002000
00002010
00212220
00111000
00000000
00000000
00000000
24
00000000
00002000
00002010
22222220
00111000
00000000
00000000
00000000
23
00000000
00202000
02002010
22122220
00111000
00000000
00000000
00000000
75
00000000
00202000
02002010
22122210
00222010
00020000
00000000
00000000
42
00000000
00212000
02001010
22122222
00222010
00020000
00000000
00000000
56
00000000
00212000
02001010
22121222
00222210
00021000
00000000
00000000
12
00000000
10212200
01002020
22121222
00222210
00021000
00000000
00000000
72
00000020
10211210
01002010
22121212
00222210
00021000
00000000
00000000
37
00002020
10212210
01002010
22121112
00221210
00011000
00100000
00000000
25
00002020
10212210
01002012
21121122
01111210
00011000
00100000
00000000
66
00002020
10212210
01002012
21121122
01112110
00011200
00100020
00000000
43
00002020
10212210
01012012
21121122
01212110
02011200
00100020
00000000
36
00002020
10212210
01012012
21121122
01112222
02111200
00100020
00000000
76
00002020
12212210
02012012
22121112
02112112
02111110
00100020
00000000
13
00002020
12212210
12022012
21122112
02112212
02111120
00100022
00000000
86
20002020
22212210
22022012
21122112
02112212
02111111
00100022
00000000
27
20002020
22212222
22022022
21122212
01112212
01111111
01100022
00000000
78
20022020
22222222
22022022
21122212
01112212
01111111
01100012
00000010
81
20022021
22222221
22022021
21122211
01212211
02111111
21100012
00000010
63
20022021
22222211
22022111
21121111
01212111
02111111
21200012
00020010
21
21022021
21122211
21022111
21221111
02212111
22111111
21200012
00020010
88
21022021
21122211
21022111
21221111
02212111
22111111
22200011
02020011
38
21022021
21122211
21022211
21221211
02222211
22112211
22100211
02120011
15
21022021
22122211
22222211
21221211
11111111
21112211
22100211
02120011
47
21022021
22122211
22222211
22222211
11212111
21122211
22222211
02120011
18
22222021
22222211
22222211
22222211
11212111
11122211
11222211
11120011
58
22222021
22222211
22222211
22222211
11212111
11122211
11212211
11111211
61
