00000000
00000000
00000000
00021000
00012000
00000000
00000000
00000000
56
00000000
00000000
00000000
00022200
00011000
00001000
00000000
00000000
33
00000000
00000000
00100000
00222200
00011000
00001000
00000000
00000000
73
00000000
00000000
00100010
00222100
00021000
00201000
00000000
00000000
23
00000000
00000000
01100010
02222100
00011000
00201000
00000000
00000000
27
00000000
00000000
01100010
02222100
00012000
00102000
01002000
00000000
63
00000000
00000000
01100110
02221100
00022000
00122000
01002000
00000000
25
00000000
00000002
01100120
01221200
01022000
00122000
01002000
00000000
66
00000000
00000002
01100120
22211200
01021000
00111100
01002000
00000000
15
00000000
00000002
01100120
21211200
11021000
00211100
02002000
20000000
13
00000000
00000002
11100120
11211200
11221000
00221100
02002000
20000000
37
00000000
00000202
11100220
11111200
11121000
00111100
02102000
20000000
74
00000000
00000202
11102220
11112110
11122000
00112100
02102000
20000000
48
00000000
00000202
11102220
11112210
11122200
00112100
02101000
20010000
75
00000000
20000202
12102220
11212210
11121110
00112100
02101000
20010000
22
00000000
21000202
11102220
11212220
11121220
00112220
02101000
20010000
52
00000000
21001202
21101220
21211220
22121220
20112220
02101000
20010000
85
00000000
21022202
21202120
22211210
22121111
20112220
02101000
20010000
67
00000000
21022202
21202120
22111210
22111121
20111112
02101100
20010000
43
00000000
21022202
21111120
22111210
22112121
20121112
02201100
22010000
84
00000000
22222202
22211120
22211211
22212111
20221112
02201100
22010000
11
10200000
22222202
22111120
22211211
22212111
20221112
02201100
22010000
87
10200000
22222202
22111120
22211211
22222111
20222111
02201201
22010020
83
10200000
22222222
22111211
22212211
22222111
20222111
02201201
22010020
21
11200000
22122222
22111212
22212212
22222112
20222112
02201202
22010022
47
11200000
22122222
22111212
22212212
22212112
20221112
02212202
22010222
58
11200000
22122222
22111222
22212222
22212122
20221222
02222222
22011222
41
11112000
22122222
22211222
22212222
22212122
20221222
02222222
22011222
61
11111120
22121222
22212122
22222122
22212122
20221222
02222222
22011222
81
11111111
22121212
22212122
22222122
22212122
20221222
02222222
22222222
26
11111111
21121112
21211122
21212122
21112122
21111222
02222222
22222222
17
