00000000
00000000
00000000
00012000
00022200
00000000
00000000
00000000
64
00000000
00000000
00000020
00011200
00022200
00000000
00000000
00000000
76
00000000
00000000
00000020
00222200
00022100
00000010
00000000
00000000
63
00000000
00000000
00002220
00222100
00022100
00000010
00000000
00000000
42
00000000
00010200
00002220
00222100
00022100
00000010
00000000
00000000
24
00000000
00010200
00002220
01111200
00022200
00000210
00000000
00000000
52
00000000
00011200
00201220
01121200
00022200
00000210
00000000
00000000
72
00000000
00011110
00201120
01221200
00222200
00000210
00000000
00000000
84
00000000
00011110
00201110
22221201
00222200
00000210
00000000
00000000
67
00002000
00022110
00202110
22222101
00222100
00000110
00000100
00000000
26
00002000
00022110
00221110
22222101
00122100
01000110
00000100
00000000
36
00002000
00022110
00221210
22222221
00112100
01100110
00000100
00000000
23
00002002
00022120
01111210
22122221
00112100
01100110
00000100
00000000
71
00002012
00022110
01121210
22222221
02222100
01100110
00000100
00000000
15
00002012
00022110
01121210
21222221
11111200
01100210
00000200
00000200
75
00002012
00022110
01121210
21222111
11121110
01120210
00000200
00000200
56
00002012
00222110
02121210
21122111
11111110
01111110
00000200
00000200
41
00012012
00211110
02111110
21112111
12111110
01211110
00020200
00000200
16
00222012
00211110
02111110
21112111
11111110
11211110
00020200
00000200
12
00222012
10221110
01112110
21112211
11111120
11222222
00020200
00000200
21
01222222
10121210
01112210
21112211
11111120
11222222
00020200
00000200
13
01222222
10121222
11112220
11112211
11111120
11222222
00020200
00000200
48
01222222
10121222
11112220
11122211
11211120
12212222
20010200
00010200
83
01222222
10121222
11111111
11122211
11211120
12222222
20012200
00010200
78
01222222
12221222
12211111
12122211
12211120
12221222
20012100
00010210
85
01222222
12221222
12211111
12122211
12211211
12221222
20012102
00010210
11
11222222
11221222
12111111
12112211
12211211
12221222
20022202
00012210
27
11222222
11221222
11111111
11112211
11211211
11121222
21022202
00222210
37
11222222
11221222
11111111
11112211
11211211
11111222
21122202
00222222
77
11222222
11221222
11111111
11112211
11212211
11121112
21211112
02222222
18
