00000000
00000000
00020000
00022000
00021000
00000000
00000000
00000000
53
00000000
00000000
00021000
00022000
00022200
00000000
00000000
00000000
56
00000000
00000000
00022200
00022000
00021200
00001000
00000000
00000000
52
00000000
00001200
00022200
00021000
00021200
00001000
00000000
00000000
34
00000000
00001200
00012200
00112000
00021200
00201000
00000000
00000000
72
00000000
00021110
00022200
00122000
00021200
00201000
00000000
00000000
64
00000000
00021110
00022100
00111200
00021220
00201000
00000000
00000000
33
00000000
00021110
00111100
00111200
00022220
00221000
00000000
00000000
41
00010002
00011120
00111200
00112200
00022220
00221000
00000000
00000000
47
00010002
00011120
02222200
00112200
00012220
00211000
00010000
00000000
27
00010002
00011120
02222200
00112200
00012220
00112000
01020000
00200000
74
00010202
00012220
02222200
00111210
00012220
00112000
01020000
00200000
12
00010202
10012220
01222200
00111210
00012220
02222000
01020000
00200000
22
00010202
11222220
01122200
00111210
00012220
02222000
01020000
00200000
48
00010202
11222220
01122202
00111220
00012220
02212000
01010000
00210000
84
00010202
11222220
01222202
02111111
00012220
02212000
01010000
00210000
73
00010202
11222220
01111112
02111111
00012220
22212000
02010000
00210000
85
02010202
12222220
02111112
02111111
00011111
22212000
02010000
00210000
82
02010202
11211111
02121111
02112111
00011211
22212020
02010000
00210000
25
02010222
11211121
01121121
01112121
01011221
22112020
02010000
00210000
28
02010222
11211121
22221121
01112121
01011221
21112020
01010000
01110000
31
02110222
11111121
22121121
01112221
01012221
21122020
01210000
01110000
11
11110222
11111122
22121122
01112222
01012222
21122022
01210000
01110000
14
11110222
11111122
11121122
11112222
01012222
21122022
22210000
01110000
66
11110222
11111122
11121122
11112122
21011122
22111122
22210000
01110000
18
11112222
11112222
11122122
11112122
11011122
12111122
11210000
11110000
87
11112222
11112222
11122122
11122122
11222222
12222212
11222001
11110000
68
11112222
11112222
11122122
11122122
11122222
12212222
11222201
11110100
78
11112222
11112222
11122122
11122122
11112222
12211222
11222102
11110112
58
