00000000
00000000
00000000
00021000
00012000
00000000
00000000
00000000
56
00000000
00000000
00000000
00021000
00021000
00021000
00000000
00000000
33
00000000
00000000
00120000
00021000
00021000
00021000
00000000
00000000
53
00000000
00000000
00111200
00022000
00021000
00021000
00000000
00000000
35
00000000
00002000
00112200
00012000
00111000
00021000
00000000
00000000
37
00000000
00202000
00122200
00012000
00111000
00011000
00100000
00000000
64
00000000
00202000
00222200
00211100
00111000
00011000
00100000
00000000
62
00000000
00202220
00221100
00211100
00111000
00011000
00100000
00000000
81
00000001
00202210
00221100
00211100
00211000
00211000
00100000
00000000
51
00001001
00201210
00221100
00221100
00212000
00222200
00100000
00000000
31
00101001
00101210
00121100
00121100
00112000
00122200
00200000
02000000
38
00101001
00101210
00121100
00121100
00112000
00122200
00100000
02220000
77
00101001
00101210
00122220
00111200
00112000
00122100
00100010
02220000
71
00101011
00121110
00122220
00111200
00112000
00122100
00100010
02220000
84
00101011
00121110
00122210
00112201
00122000
00222100
02100010
02220000
17
00101011
00121110
00122210
00112201
00122000
20222100
12100010
02220000
26
00101011
00121110
00122210
00112201
00122000
22222220
12100010
02220000
67
00101011
02221110
00222210
00122201
00112000
22221220
12100110
02220000
15
00101011
02221110
00222210
00122201
10112000
11221220
12100210
02220200
74
00101011
02221110
00222222
00111111
10112000
11221220
12100210
02220200
75
00121011
02222110
00222222
00111111
10112010
11221210
12100210
02220200
11
10121011
01222110
00122222
00111122
10112012
11221220
12100210
02220200
78
10121011
01222110
00122222
00111222
10112022
11221222
12100120
02220210
58
10121011
01222110
00122222
00211222
12222022
12221222
12100120
02221110
18
10121011
01222110
00122222
00212222
12212222
12121222
11100120
11111110
14
12221011
01222110
00122222
10212222
11212222
12121222
11100120
11111110
23
12221011
01222110
01122222
10112222
11212222
12122222
11120120
11111110
82
12221011
01222111
01122212
10112122
11211222
12122222
11122220
11111110
24
12221011
02222111
22222212
11112122
11111222
12112222
11121220
11111110
12
12222211
11112221
11222212
11112122
11111222
12112222
11121220
11111110
88
