00000000
00000000
00000000
00021000
00012000
00000000
00000000
00000000
65
00000000
00000000
00000000
00021000
00012100
00000200
00000000
00000000
34
00000000
00000000
00000000
00111000
00012220
00000200
00000000
00000000
76
00000000
00000000
00000000
00111000
00222120
00000210
00000000
00000000
67
00000000
00000000
00000000
00111000
00222120
00000220
00000120
00000000
88
00000000
00000000
00020000
00122000
00221220
00000120
00000110
00000001
85
00000000
00000000
00220000
00222000
00221111
00000110
00000110
00000001
53
00000000
00000000
00222200
00222000
00221111
00000110
00000110
00000001
25
00000000
00000000
00222200
00222000
01111211
00000120
00000112
00000001
72
00000000
00000010
00222100
00221020
01111221
00000120
00000112
00000001
73
00000000
00000010
00222110
00222210
01111211
00000110
00000112
00000001
86
00000000
00000010
00222222
00222220
01111211
00000111
00000111
00000001
82
00000000
00000011
00222212
00222120
01111211
00000211
00000211
00000201
56
00000000
00000011
00222212
00222120
01111221
00001121
00000221
00000221
32
00000000
00100011
00112212
00121120
01111221
00002111
00020221
00000221
52
00000000
00101211
00112212
00121210
01111221
00002111
00020221
00000221
57
00000020
00101221
00112222
00121220
01111221
00001111
00021111
00000221
81
00000021
00101211
00112122
00121220
01122221
00021111
00022111
00000221
48
00000221
00101221
00112122
00111220
01112221
00011111
00011111
00010221
51
00001111
00101221
00112122
00111220
01112221
00021111
00211111
00010221
26
00001111
00101221
00112122
00111220
22222221
01021111
00111111
00010221
84
00001111
00101121
02222111
00211111
22222211
01021111
00111111
00010221
58
00001111
00101121
02222111
00211111
22222211
01021111
00211111
02011111
14
00001111
00101121
01222111
10211111
22222211
02021111
02211111
02011111
17
00001111
00101121
22222111
20211111
22122211
01021111
11111111
02011111
36
00021111
00201121
22222111
20211111
22112211
01111111
11111111
02011111
12
20021111
20201121
21222111
20111111
22112211
01111111
11111111
02011111
24
20021111
22201121
22222111
22111111
22112211
02111111
12111111
02011111
31
20111111
22101121
22122111
22111111
22112211
02112111
12121111
02211111
42
22111111
22211121
22121111
22112111
22112211
02112111
12121111
02211111
16
