00000000
00000000
00020000
00022000
00021000
00000000
00000000
00000000
33
00000000
00000000
00120000
00012000
00022000
00002000
00000000
00000000
46
00000000
00000000
02220000
00012000
00012000
00012000
00000000
00000000
65
00000000
00000000
02220000
00012020
00011200
00012000
00000000
00000000
57
00000000
00000000
02220000
00012020
00021200
00211000
00001000
00000000
75
00000000
00000000
02220000
00222020
00021110
00211000
00001000
00000000
73
00000000
00000000
02220010
00222010
00021110
00221000
00021000
00000000
38
00000000
00000000
02220010
00222010
00021110
00222000
00011200
00100000
25
00000000
00000000
02220010
00222010
01021110
00122000
00012200
00100200
42
00000000
00010000
02210010
00222010
01012110
00112200
00012200
00100200
76
00000000
00210000
02220010
00222010
01012110
00111110
00012200
00100200
58
00000000
00222000
02220010
00222010
01012110
00111110
00011100
00101200
78
00000000
00222000
02220010
00222010
01022110
00211110
02011100
00101110
21
01000000
00122000
02210010
00222210
01022110
00211110
02011100
00101110
53
01000000
00122000
02211010
20221110
02021110
00211110
02011100
00101110
18
01000000
02222000
02211010
20221110
02011110
00111110
01011100
10101110
51
01001000
02221000
02211010
20222222
02011110
00111110
01011100
10101110
35
01001200
02222000
02221010
20212222
02111110
00111110
01011100
10101110
63
01001200
02222000
02221110
20212122
02111210
00111120
01011102
10101110
31
01101200
02112000
02121110
20112122
02111222
00111120
01011102
10101110
86
01122200
02222000
02121110
20112122
02111212
00111111
01011102
10101110
16
01122200
02222000
02121110
20122122
01121222
10121211
01022102
10121110
37
01122200
02222020
02121220
20122122
01121222
10111211
01111102
10121110
71
01111110
02222010
02121210
20122112
01121212
10111211
01111102
10122222
77
01111110
02222010
02121222
20122122
01121212
10111111
01111112
10122222
62
01111110
02222110
02121122
20122122
22221212
10111111
01111112
10122222
11
11111110
01222110
02221122
22222122
22221212
10111111
01111112
10122222
12
11111110
11222222
01221122
22122122
22211212
10111111
01111112
10122222
26
11111110
11222222
01221122
21112222
21112212
11121111
01211112
12222222
13
11111110
11222222
11222122
11122222
11212212
12121111
22211112
12222222
81
