00000000
00000000
00020000
00022000
00021000
00000000
00000000
00000000
33
00000000
00000000
00120000
00012000
00022000
00002000
00000000
00000000
42
00000000
00010000
00110000
00222000
00022000
00002000
00000000
00000000
35
00000000
00010000
00110000
00122000
02222000
00002000
00000000
00000000
36
00000000
00210000
00120000
00122000
02122000
00102000
00000000
00000000
15
00000000
00210000
00220000
00222000
11222000
00202000
00200000
00000000
47
00000000
00222000
00220000
00222000
11222000
00102000
00210000
00000000
63
00000000
00222000
00220100
00221000
11222000
00122000
00210000
00000000
65
00000000
00222000
00220100
00222000
11111200
00121020
00210000
00000000
57
00000000
00222000
00220100
00222200
11112200
00121020
00211000
00000000
74
00000000
00222000
00220100
00222222
11112100
00121020
00211000
00000000
23
00000000
00222000
01220100
00122222
11112200
00122220
00211000
00000000
53
00000000
00222000
02111100
20111222
11111200
00121220
00211000
00000000
41
00010000
02211000
02211100
20121222
11112200
00121220
00211000
00000000
67
00010000
02211000
02211100
20121122
11112100
00121220
00222220
00000000
87
00010000
02222200
02212200
20121222
11112200
00121210
00222221
00000000
13
00010000
02222200
12212200
12221222
11212200
00121210
00222221
00000000
21
01010000
01122200
11212200
11221222
12212200
20121210
00222221
00000000
48
01010000
01122200
11212200
11221222
12212200
20112210
00222221
00210000
28
01010000
01122200
11212200
11221222
12212202
20112220
00122221
01110000
26
01010000
22222200
22212200
21221222
21212202
21112220
00122221
01110000
51
01211000
22221200
22112200
21221222
21212202
21112220
00122221
01110000
73
01211000
22221100
22112110
21221222
21211222
21112220
00122221
01110000
83
01211020
22221200
22112111
21221212
21211122
21111220
00112221
01110000
88
01211020
22221200
22112111
21221212
21211122
21111120
00112221
01110021
61
01211120
22222220
22112121
21221222
21211122
21111120
00112221
01110021
81
22211111
22222210
22112121
21221222
21211122
21111120
00112221
01110021
58
22211111
22222210
22112121
22221222
22211122
22111120
02222221
01111021
86
22211111
22222222
22112121
22221221
22211121
22111111
02222221
01111021
17
22211111
22222122
22111221
22212221
22121121
21211111
22111111
21111021
68
