00000000
00000000
00000000
00012000
00022200
00000000
00000000
00000000
66
00000000
00000000
00020000
00022000
00021200
00000100
00000000
00000000
35
00000000
00000000
00020000
00022000
02222200
00000100
00000000
00000000
64
00000000
00000000
00020000
00022100
02222100
00000200
00000020
00000000
67
00000000
00000000
00020000
00022100
02222200
00000120
00000120
00000000
88
00000000
00000000
00020000
00022100
02222200
00000120
00000120
00000021
68
00000000
00000000
00020000
00022220
02222200
00000120
00000120
00000111
75
00000000
00000000
00020000
00022220
02222220
00000112
00000110
00000111
33
00000000
00000000
00120000
00012220
02221220
00000122
00000112
00000111
53
00000000
00000000
00111000
00011220
02221220
00000222
00002222
00000111
26
00000000
00020000
00122000
00021220
02121220
01000222
00002222
00000111
24
00000000
00020000
00122000
01022220
01122220
01002222
00002222
00000111
73
00000000
00020000
00122012
01022220
01122210
01002212
00002212
00000111
32
02000000
00220000
00122012
01022220
01122210
01002222
00002212
00000111
51
02201000
00220000
00122012
01022220
01122210
01002222
00002212
00000111
48
02201000
00220000
00122012
01022220
01122210
01002122
00002212
00012111
62
02201000
00222100
00122012
01012220
01122210
01002122
00002212
00012111
41
02211000
00212100
00112012
01012220
01122222
01002122
00002212
00012111
22
02211000
01112100
00112012
01022220
01222222
02002122
20002212
00012111
84
02211000
02112100
20112012
02022221
01222211
02002121
20002211
00012111
34
02211000
02112100
20122012
02211111
02212211
22001121
20002111
00012111
36
02211000
02112100
20122012
02111111
02112211
22202121
20022111
00012111
14
02222200
02112100
20122012
11111111
02112211
22202121
20022111
00012111
27
02222200
02212100
22222012
11211111
01122211
21102121
21022111
00012111
46
02222200
02212100
22222012
22211111
22222211
21111121
21011111
00012111
12
02222200
11112220
21222022
22111121
22212221
21111121
21011111
00012111
18
02222200
11112220
11222022
12111121
12212221
11221121
11211111
10012111
38
02222200
11112220
11222022
12111121
12112221
12121121
12211111
12222111
71
02222210
11112210
11222222
12112211
12122211
12221111
12211111
12222111
11
11111110
11112222
11222222
12112211
12122211
12221111
12211111
12222111
81
