00000000
00000000
00000000
00012000
00022000
00002000
00000000
00000000
66
00000000
00000000
00000000
00012000
00021000
00002220
00000000
00000000
46
00000000
00000000
00000000
00222000
00021000
00012220
00000000
00000000
43
00000000
00002000
00020000
00212000
00011000
00012220
00000000
00000000
64
00000000
00002000
00020000
00221100
00021000
00022220
00020000
00000000
36
00000000
00002000
00020000
00221100
00011000
02222220
00020000
00000000
48
00000000
00002000
00020000
00221100
00011000
02212220
00020000
00012000
16
00000000
00002000
00020000
00221100
00011000
11112220
00020000
00222000
42
00000000
00222000
00010000
00211100
00011000
11112220
00020000
00222000
67
00000000
00222000
00010000
00211100
00021000
11112220
00020200
00222020
25
00000000
00222000
00020000
00112100
01022200
11112220
00020200
00222020
61
00000100
00221000
00010200
00112200
01022200
11112220
00020200
00222020
74
00000100
00221000
00010102
00111120
01022200
11112220
00020200
00222020
57
00000100
00221000
00210102
00121120
01022200
11111220
00021200
00222020
23
00000100
00221000
01110102
00121120
01022200
11121220
00221200
00222020
31
02100100
00221000
01120102
00122120
01022200
11121220
00221200
00222020
51
02101100
00222200
01120202
00122220
01022200
11121220
00221200
00222020
84
02101100
00222200
02120202
20111111
02022200
11221220
00221200
00222020
41
02111100
00211200
02110102
20111112
02022202
11221220
00221200
00222020
12
02111100
10211200
01210102
20211112
02222202
11221220
00221200
00222020
24
02111100
12211200
01210102
21121112
01122202
11211220
00221200
00222020
75
02111100
12211200
01210102
22121112
22222222
12211120
00221200
00222020
68
02222220
12211200
01210102
22121112
22222222
12211120
00221100
00222120
72
02222220
12211220
01210122
22121222
22222222
12211120
00221100
00222120
87
02222220
12211220
01210122
22121222
22222122
22211110
20221101
00222120
88
02222220
12211220
01210122
22121222
22222122
22222222
20221101
00222111
81
02222221
12211210
22210122
22121222
22222122
22222222
20221101
00222111
82
02222221
12222211
22222221
22122221
22222121
22222221
20221101
00222111
28
22222221
22222211
22222211
22122121
22221121
22212221
20121101
01111111
77
22222221
22222211
22222211
22122111
22221111
22212111
22221111
01111111
18
