00000000
00000000
00000000
00021000
00012000
00000000
00000000
00000000
56
00000000
00000000
00000000
00021000
00021000
00021000
00000000
00000000
34
00000000
00000000
00000000
00111200
00012000
00021000
00000000
00000000
36
00000000
00000000
00000000
00111200
00012000
00121000
00200000
00000000
38
00000000
00000000
00002000
00112200
00012000
00121000
00100000
00100000
65
00000000
00000000
00002000
00112200
00011200
00122200
00100000
00100000
52
00000000
00001000
00001000
00111200
00222200
00122200
00100000
00100000
74
00000000
00001000
00001200
00112210
00222200
00122200
00100000
00100000
76
00000000
00001000
00001200
02222210
00222200
00111110
00100000
00100000
73
00000000
00001000
00001110
02222110
00221200
00122110
00120000
00100000
58
00000000
00001000
00001110
02222110
00221200
00122110
00120000
00121000
14
00000000
00001000
00001110
11111110
00221200
00222110
02220000
00121000
16
00000000
00001200
00002210
11121210
00221200
10222110
01220000
00121000
51
00001000
00001100
00002210
11121210
00221200
10222110
01220000
02221000
75
00001000
00001100
00002210
11121210
00221210
10222210
01220200
02221000
68
00001000
00001100
00002110
11121210
00221120
10222222
01220100
02221100
43
00001000
00001100
00211110
11221210
00221120
10222222
01220100
02221100
18
00001000
00001100
00211110
11221210
00221120
10222222
01220200
11111120
22
00001200
01002200
00121210
11211210
00221120
10222222
01220200
11111120
87
00001200
01002200
00121210
11211210
00221120
10222212
01220202
11111122
42
00001200
01012200
20111210
12211210
00221120
10222212
01220202
11111122
25
00001200
01012200
20111210
12111210
01111120
10122212
22210202
11111122
41
00011200
01011200
20111110
22111210
22222220
20122212
22210202
11111122
77
00011200
01011202
20111120
22111210
22221220
20122112
22210212
11111122
83
00011200
01011202
20111111
22111210
22221220
22222112
22210212
11111122
72
00011200
01011112
20111111
22111210
22221222
22222122
22210212
11111122
57
00011220
01011222
20112121
22121220
22221222
22221122
22211112
11111122
23
20011220
02011222
21212121
21121220
21221222
21221122
21211112
11111122
32
20222220
02221222
21212121
21221220
21221222
21221122
21211112
11111122
81
20222221
22221211
22212121
21221220
21221222
21221122
21211112
11111122
84
20222221
22221211
22212121
21221111
21221212
21221122
21211112
11111122
21
