00000000
00000000
00020000
00022000
00021000
00000000
00000000
00000000
53
00000000
00000000
00021000
00022200
00021000
00000000
00000000
00000000
35
00000000
00000000
00021000
00022200
00122000
00020000
00000000
00000000
57
00000000
00000000
00021000
00022200
00122000
00020000
00201000
00000000
56
00000000
00000000
00021000
00022200
00122200
00021000
00201000
00000000
33
00000000
00000000
00111000
00022200
00122200
00021000
00202000
00000200
66
00000000
00020000
00122000
00022200
00121200
00021100
00202000
00000200
58
00000000
00020000
00122000
00022200
00121200
00022100
00221000
00001200
51
00001000
00010000
00122000
00022200
00121200
00022220
00221000
00001200
62
00201000
00020100
00122000
00012200
00121200
00022220
00221000
00001200
41
00211000
00010100
00112000
02012200
00221200
00022220
00221000
00001200
27
00211000
00010100
02222000
02012200
00221200
00022220
01111000
00001200
78
00211000
00010100
02222000
02012200
00221200
00022220
01122000
00021110
77
00211000
00010100
02222000
02012200
00221220
00022220
01122010
00021110
67
00211020
00010200
02222000
02012200
00221220
00022220
01111110
00021110
85
00211020
00010200
02222000
02222200
00221111
00022210
01111110
00021110
15
00211020
00010200
02122000
01222200
10221111
02022210
01211110
00021110
21
01111020
00010200
02122000
02222200
12221111
02022210
01211110
00021110
32
01111020
00110200
02112000
02221200
12221121
02022222
01211110
00021110
16
01111020
00110200
02112000
02121200
11221121
12022222
22211110
00021110
52
01111020
00111200
02111000
22121200
21221121
22022222
22211110
00021110
12
01111020
10111200
01111000
22121200
22221121
22222222
22211110
00021110
74
01111020
10111200
01111200
22122210
22221211
22222212
22211110
00021110
61
01111120
10111100
01111100
22122110
22221111
22222112
22221110
00221110
18
01111120
10111100
01111120
22121210
22212111
22122112
21221110
10221110
83
01111120
10111100
01111111
22121210
22212111
22122212
21221120
10222222
87
01111120
10111100
01111111
22121210
22212111
22122211
22221111
12222222
81
01111111
10111100
01111111
22121222
22212122
22122212
22221112
12222222
13
01111111
10111102
11111122
11121222
12112122
12112212
12221112
12222222
72
01111111
12222222
12211112
12121212
12112112
12112212
12221112
12222222
11
