00000000
00000000
00000000
00021000
00012000
00000000
00000000
00000000
34
00000000
00000000
00200000
00121000
00012000
00000000
00000000
00000000
43
00000000
00000000
00222000
00112000
00012000
00000000
00000000
00000000
64
00000000
00000000
00222000
00112100
00012200
00000000
00000000
00000000
42
00000000
00010000
00211000
02222100
00012200
00000000
00000000
00000000
66
00000000
00010000
00211000
02222220
00012100
00000100
00000000
00000000
35
00002000
00020000
00211000
02212220
00112100
00000100
00000000
00000000
25
00002000
00020000
00211000
02112220
01112220
00000100
00000000
00000000
22
20002000
02020000
00211000
02122220
01112220
00000100
00000000
00000000
13
20002000
02020000
10211000
22222220
01112220
00000100
00000000
00000000
84
20002000
02020000
10211000
22222221
01112222
00000100
00000000
00000000
76
20002000
02020200
10212000
22221221
01112122
00000110
00000000
00000000
32
20002000
02120200
10112000
22121221
01112122
00000220
00000020
00000000
12
20002000
11120200
10112000
22121221
22222122
00000220
00000020
00000000
46
20002000
11120200
10112000
21111221
22112222
00012220
00000020
00000000
86
20002000
11120200
10112000
21111221
22112221
00012211
00002020
00000000
48
20002000
11120200
10112000
21111221
22112211
00012211
00001220
00010000
52
20202000
11121200
10112000
21111221
22112211
00012211
00001220
00010000
26
20202000
11121200
10112000
21121221
21212211
02012211
20001220
00010000
78
20202000
11121200
10112000
21121221
21212211
02011221
20001112
00010010
88
20202000
11121200
10112000
21121221
21212211
02021221
20002211
00010211
41
20212000
11111200
10112000
21121221
22212211
02221221
20002211
00010211
47
20212000
11111200
10112000
21121221
22212211
02212221
20021111
00210211
21
21112000
11111200
10112000
21121221
22212211
02222221
20221111
00210211
27
21112000
11111200
12222000
21221221
21222211
01122221
21111111
00210211
72
21112020
11111210
12222000
21221221
21222211
01122221
21111111
00210211
58
21112020
11111210
12222000
21221221
22222211
22222221
22111111
00211111
63
21112020
11111220
11111120
21221221
22222121
22222121
22111111
00211111
81
21112221
11112210
11121120
21221221
22222121
22222121
22111111
00211111
82
21112221
11112221
11122222
21221121
22221121
22212121
22111111
00211111
28
