00000000
00000000
00000000
00222000
00021000
00000000
00000000
00000000
33
00000000
00200000
00200000
00212000
00021000
00000000
00000000
00000000
22
00000000
01200000
00120000
00222000
00021000
00000000
00000000
00000000
42
00000000
01110000
00120000
00222000
00022000
00000200
00000000
00000000
53
00000000
01112000
00122000
00222000
00022000
00000200
00000000
00000000
64
00000000
01112000
00121000
00222220
00022000
00000200
00000000
00000000
75
02000000
01212000
00121000
00222120
00022010
00000200
00000000
00000000
77
02020000
01222000
00121000
00212120
00021010
00000100
00000010
00000000
31
02120000
01112000
00121000
00212120
00022010
00002100
00000010
00000000
46
02120000
02212000
02221000
00212120
00011010
00011100
00000010
00000000
73
02122000
02222000
02221010
00212110
00011010
00011100
00000010
00000000
11
11122000
01222000
02122010
00212210
00011020
00011102
00000010
00000000
35
11122000
01222002
02122020
00112210
00111020
00011102
00000010
00000000
84
11122000
01222002
02122020
00112211
00111010
00011102
00000020
00000200
88
11122000
01222002
02222020
02222211
00111010
00011102
00000010
00000201
65
11122000
01122002
02212020
02221211
00211110
02011102
00000010
00000201
62
11122000
01112102
02212210
02221211
00211110
02011102
00000010
00000201
12
11122000
11112102
22212210
02121211
00211110
02011102
00000010
00000201
25
11122000
11112102
21212210
02122211
01212110
02022102
00002010
00000201
48
11122020
11112202
21212210
02122211
01212110
02022102
00001010
00010201
47
11122020
11112202
21212210
02122211
01212110
02021102
00211010
00010201
36
11122020
11112202
21212210
02122211
01112110
02112102
00212010
00012201
61
11111120
11111102
21212110
02122111
01112210
02112222
00212010
00012201
28
11111120
11111102
21212110
02122111
01112210
02112222
00112020
01012221
87
11111120
11111122
21212120
02121121
01112120
02112222
00112021
01012221
15
11111120
11111122
21112120
01121121
11212120
02112222
20112021
01012221
14
11111120
11111122
11112120
11121121
11212120
02212222
20222021
01222221
81
11111111
11111112
11112120
11121121
11212120
02212222
20222021
22222221
85
11111111
11111112
11112122
11121121
11212211
02212221
20222021
22222221
27
11111111
11111112
11112122
11121121
11212211
22222221
22222021
22222221
67
