00000000
00000000
00000000
00021000
00012000
00000000
00000000
00000000
56
00000000
00000000
00000000
00021000
00012000
00001200
00000000
00000000
76
00000000
00000000
00002000
00022000
00012000
00001110
00000000
00000000
33
00000000
00000000
00102000
00022000
00211000
00001110
00000000
00000000
43
00000000
00000000
00112000
00222000
00211000
00001110
00000000
00000000
52
00000000
00001000
00111000
00221000
00221000
00002110
00000200
00000000
26
00000000
00001000
00111000
00211000
02221000
01002110
00000200
00000000
15
00000000
00201000
00211000
00211000
11111000
01002110
00000200
00000000
23
00000000
00201000
01211000
00211000
11211000
01202110
00000200
00000000
58
00000000
00201000
01211000
00221000
11212000
01202210
00000120
00001000
57
00000000
00221000
01221000
00221000
11211000
01201210
00001120
00001000
21
01000000
00121000
01211000
00221000
11211000
02201210
20001120
00001000
31
01100000
20111000
02211000
00221000
11211000
02201210
20001120
00001000
47
01100000
20111200
02212000
00221000
11211000
02101210
20011120
00001000
27
01120000
20221200
02222000
00221000
11211000
01101210
21011120
00001000
78
01120200
20222200
02222000
00221000
11211000
01101210
21011110
00001010
71
01120210
20222100
02222000
00222200
11111000
01101210
21011110
00001010
22
01120210
21111100
02122000
00222200
11122000
01122210
21011110
00001010
13
01122210
21112100
11122000
00222200
11122000
01122210
21011110
00001010
75
01122210
21112220
11121000
00222100
11122010
01122110
21011110
00001010
82
01122222
21111111
11121000
00222100
11122010
01122110
21011110
00001010
11
11122222
11111221
11121020
00222200
11122010
01122110
21011110
00001010
65
11122222
11111221
11111020
00221200
12111110
22221110
21011110
00001010
63
11122222
11111221
11111120
00221100
12112110
22221210
21011120
00001012
14
11122222
11111221
11111120
10221100
11112222
22121210
21011120
00001012
84
11122222
11111222
11111122
10221102
11112212
22121110
21011120
00001012
37
11122222
11111222
11111122
10221102
11111212
21111120
21111122
00001012
24
11122222
11111222
11111222
11112102
11121212
21211120
22111122
20001012
74
11122222
11111222
11111122
11112112
11121122
21221220
22122122
20021012
28
11122222
11111222
11111122
11112112
11121122
21221220
22222122
22221012
68
11122222
11111222
11111122
11112112
11121122
21211220
22221122
22221112
86
