00000000
00000000
00000000
00021000
00012000
00000000
00000000
00000000
43
00000000
00000000
00012000
00012000
00012000
00000000
00000000
00000000
66
00000000
00000000
00012000
00022000
00211000
00000100
00000000
00000000
63
00000000
00000000
00011100
00021000
00222200
00000100
00000000
00000000
76
00000000
00000000
00011100
00021000
00222220
00000110
00000000
00000000
64
00000000
00000020
00011200
00022100
00222120
00000110
00000000
00000000
62
00000000
00000120
00011100
00022100
00222120
00000210
00002000
00000000
36
00000000
00000120
00011100
00021100
00212120
00200210
00202000
00000000
81
00000001
00000110
00011100
00022220
00212120
00200210
00202000
00000000
85
00000001
00200110
00021100
00022210
00212111
00200210
00202000
00000000
67
00000001
00200110
00021100
00022210
00212121
00200112
00202100
00000000
34
00000001
00220110
00022100
00111210
00212121
00200112
00202100
00000000
87
00000001
00220110
00022100
02222210
00212121
00200111
00202101
00000000
27
00000021
00220210
00022100
02222210
00212121
00100111
01202101
00000000
23
00000021
00220220
01022220
02122220
00212121
00100111
01202101
00000000
47
00000021
00220220
01222220
02222220
00212121
00100111
01111101
00000000
25
00000021
00220220
01222220
01222220
01122121
00120111
01111101
00000000
84
00000021
00220220
01222220
01111211
01122211
00120211
01112201
00000200
22
00000021
01220220
01122220
01121211
01222211
02220211
01112201
00000200
41
00010021
01110220
01112220
01111211
01212211
02210211
01122201
00002200
15
00010021
01110220
01112220
01111211
11212211
22210211
01122201
00002200
83
00010021
01110220
01111111
01111211
11212211
22210211
22222201
00002200
48
00010021
01110222
01111121
01111211
11212211
21210111
22111201
00012200
51
00011221
01110222
01111211
01111211
11212211
21210111
22111201
00012200
77
00011221
01110222
01111212
01111212
11212212
21210212
22111122
00012202
52
00011221
01111222
01111112
22222212
22212212
21210212
22111122
00012202
18
00011221
01111222
01111112
22222212
22212212
22120212
22211122
12012202
78
00011221
01111222
22222222
22222212
22212212
22120212
22211112
12011112
38
20011221
02111222
22222222
22222212
22212212
22120212
22111112
11111112
12
20222221
11221222
11222222
12122212
12212212
12120212
12111112
11111112
56
