00000000
00000000
00020000
00022000
00021000
00000000
00000000
00000000
33
00000000
00000000
00120000
00012000
00022200
00000000
00000000
00000000
66
00000000
00000000
00120000
00012000
00021200
00000200
00000200
00000000
53
00000000
02000000
00211000
00021000
00022200
00000200
00000200
00000000
34
00000000
02000000
00222200
00112000
00022200
00000200
00000200
00000000
56
00000000
02000000
00222200
00212000
02012200
00001200
00000200
00000000
11
10000000
01000000
00122200
00222000
02022200
00022200
00000200
00000000
77
10000000
01000000
00122200
00212200
02022200
00022100
00000210
00000000
42
10000000
01012000
00122200
00212200
02022200
00022100
00000210
00000000
57
10200000
01022000
00122200
00212200
02022200
00022100
00001110
00000000
73
10200000
02022000
20111110
00212200
02022200
00022100
00001110
00000000
23
10200000
02022000
22211110
02222200
02012200
00021100
00001110
00000000
47
10200000
02022000
22211110
02222200
02012200
00011200
00011210
00000200
61
10200100
02021000
22211110
02222200
02012200
00012200
00021210
00200200
78
10200100
02021000
22222222
02222200
02012200
00011200
00021110
00200210
74
10200100
02021000
22222122
02222210
02012100
00011200
00021120
00200222
16
10200100
02021000
22212122
02122210
01012100
10012200
00022120
00202222
37
10200100
02022200
22212222
02122210
01012100
10012200
00111120
00202222
87
10200100
02022200
22212222
02122222
01012100
10012200
00111111
00202222
51
10201100
02021200
22211222
02221222
01211100
10021200
00112111
00202222
76
10201100
02021200
22211222
02222222
01221100
10221110
00222111
00202222
26
10201100
02221200
22221222
02212222
01121100
11111110
00222111
00202222
48
10201100
02221200
22221222
02212222
22221100
11111110
00111111
00212222
75
10201100
02221200
22221222
02212222
22222110
11121110
00211111
02212222
72
10201100
02221110
22221112
02211212
22212222
11121120
00211211
02212222
18
10201100
02222222
22221122
02211212
22212222
11121120
00211211
11112222
81
10201101
02222212
22221122
02211212
22212222
22121120
20211211
11112222
21
11221101
02222212
22211122
02211212
22212222
22121120
20211211
11112222
86
11222221
02222221
22211121
02211111
22212211
22121111
20211211
11112222
12
11222221
11211111
22211121
22111111
22212211
22121111
20211211
11112222
27
