00000000
00000000
00000000
00021000
00012000
00000000
00000000
00000000
34
00000000
00000000
00200000
00121000
00012000
00000000
00000000
00000000
56
00000000
00000000
00200000
00122200
00011000
00001000
00000000
00000000
32
00000000
00100000
00100000
00122200
00021000
00201000
00000000
00000000
35
00200000
00200000
00200000
00222200
00211000
00201000
00000000
00000000
22
00200000
02200000
20100000
00212200
00211000
00201000
00000000
00000000
73
00200000
02200000
20100010
00212220
00211000
00201000
00000000
00000000
37
00200000
02200000
20200010
00212220
00211000
00201000
00200000
00200000
25
00200000
02200002
20200020
00212220
01111000
00201000
00200000
00200000
47
00200000
02200002
20200020
00212220
02111000
20101000
00210000
00200000
15
00200000
02200002
20200020
00212220
11121000
20102000
00210200
00200000
84
00200000
02200002
20220020
00221111
11121000
20102000
00210200
00200000
11
10200000
01200002
20120020
00211211
11122000
20122000
00210200
00200000
65
10200000
01200002
20120022
00211221
11111200
20122000
00220200
00200000
24
10200000
01200002
22220022
01211221
11121200
20122000
00220200
00200000
58
10200000
01200002
22220022
02211221
12121200
22222000
00210200
00201000
21
11200000
01120002
22220022
02221221
12121200
22222000
00210200
00201000
41
11110000
01110002
22222022
02222221
12212200
22212000
00210200
00201000
14
11110000
01110002
21222022
11111111
11212200
22122000
00222200
00201000
48
11110000
01110002
21222022
11111221
11212220
21112000
00112200
00211000
66
11110000
01110002
21222022
11121221
11212210
21111200
00111220
00211000
17
11110000
01110002
21222022
11121221
11212210
11121200
10112220
00222200
88
11110000
01110002
21122022
21111221
21211210
21121100
20112210
20222201
62
11110000
01110102
21121012
21111221
21211210
21121100
22222210
20222201
76
11110000
01112102
21122012
21112221
21212110
21122110
22222210
20222201
63
11110000
01111102
21111112
21111121
21212120
21122120
22222220
20222221
81
11110001
21111101
22111111
21211121
21222120
21122120
22222220
20222221
86
11112001
21122101
22212111
22212121
21222110
21122111
22222220
20222221
85
11112201
21122201
22212211
22212211
21222211
21122211
22222220
20222221
72
11112221
21111221
22212121
22211221
21212221
21122221
22222220
20222221
28
11112221
21111221
22212111
22211121
21211221
21112221
21122220
21111111
87
