00000000
00000000
00000000
00021000
00012000
00000000
00000000
00000000
65
00000000
00000000
00000000
00021000
00012100
00000200
00000000
00000000
67
00000000
00000000
00000000
00021000
00012220
00000100
00000100
00000000
33
00000000
00000000
00100000
00011000
00011220
00000200
00000200
00000200
76
00000000
00000000
00100000
00011000
00011122
00000220
00000200
00000200
87
00000000
00000000
00100000
00011000
00222222
00000210
00000201
00000200
77
00000000
00000000
00100000
00011000
00221222
00000120
00000221
00000220
86
00000000
00000000
00100000
00011000
00221222
00000112
00000222
00000222
58
00000000
00000000
00102000
00021000
00221222
00000112
00000122
00001222
36
00000000
00000000
00122000
00022000
00211222
00100112
00000122
00001222
32
00000000
00100000
02222000
00021000
00211122
00100112
00000122
00001222
34
00020000
00200000
02122000
00111000
00111122
00100112
00000122
00001222
74
00020000
00200000
02122000
00121010
00121112
00120112
00000122
00001222
52
00020000
00201000
02111000
00121010
00121112
00120112
00002222
00001222
37
00020000
00201000
02111000
00121010
00121112
00120112
00122222
00001222
12
00020000
10201000
02111000
20121010
00121112
00120112
00122222
00001222
48
00020000
10201000
02211000
20211010
00211112
00210112
00211222
00222222
26
00020000
10221000
02221000
20221010
00121112
01120112
00221222
00222222
25
00020000
10221000
02211000
20121010
01121112
01220112
02221222
00222222
13
00020000
10221000
11111000
20121010
01121112
22220112
02221222
00222222
22
00020000
11111000
11111000
20121010
01121112
22222222
02222222
00222222
18
00020000
11111000
11111002
20121020
01111212
22122222
01222222
10222222
17
00020000
11112000
11111202
20121020
01111212
21122222
11222222
10222222
28
00020000
11112000
11111202
22221020
01211212
21122222
11122222
11222222
62
00220000
11211100
11211202
22221020
01211212
21122222
11122222
11222222
73
02220000
12211100
12211112
22221010
01211212
21122222
11122222
11222222
15
02220020
12211200
12112112
11221010
11211212
11122222
11122222
11222222
11
12220020
11211200
12112122
11221012
11211222
11122222
11122222
11222222
72
12222020
11212210
12112122
11221012
11211222
11122222
11122222
11222222
64
12222020
11212222
12111122
11221112
11211222
11122222
11122222
11222222
61
11111120
11211122
12111122
11221112
11211222
11122222
11122222
11222222
81
