00000000
00000000
00000000
00021000
00012000
00000000
00000000
00000000
43
00000000
00000000
00012000
00012000
00012000
00000000
00000000
00000000
63
00000000
00002000
00012100
00012000
00012000
00000000
00000000
00000000
41
00010000
00001000
00012100
00022000
00222000
00000000
00000000
00000000
36
00010000
00001000
00012100
00022200
00212000
00100000
00000000
00000000
34
00010000
00001020
00012200
00122200
00112000
00100000
00000000
00000000
56
00010000
00001020
00011200
00122200
00121000
00201000
02000000
00000000
74
00010000
00021020
00021100
00121110
00121000
00201000
02000000
00000000
37
00010000
00021020
00021100
00121110
00221000
02101000
02100000
00000000
81
00010001
00021010
00021100
00121110
00221000
02102000
02100200
00000000
25
00010001
00021010
00022220
00121110
01111000
02102000
02100200
00000000
15
00010001
00021010
00022220
00122222
11111000
01102000
02100200
00000000
57
00010001
00021010
00022220
00122222
11211000
02101000
22101200
00000000
18
00010001
00021010
02022220
00222222
11221000
02102000
21101200
10000000
33
00010001
00021010
02122220
00112222
11121000
02102000
22222200
10000000
13
00010001
00021010
11222220
02222222
12121000
02102000
22222200
10000000
38
00010001
00021010
11222220
02222222
12122200
02102000
22122200
10100000
28
00010001
20021010
12222220
01222222
11122200
01102000
21122200
11100000
22
00012001
21022010
11222220
01222222
11122200
01102000
21122200
11100000
75
00012001
21022210
11222220
01222212
11111110
01102000
21122200
11100000
77
00012001
21022210
11222220
01222222
11111220
01102020
21111110
11100000
82
00012001
21022211
21222210
22222122
11111220
01102020
21111110
11100000
61
00011101
21021111
21212110
22122122
12111220
01202020
21122210
11102000
11
10011101
11221111
11222110
12122122
12111220
01202020
21122210
11102000
46
10011101
11221111
11222110
12122122
12112220
01112220
21122210
11102000
31
10111101
11111111
11121110
12122122
12112220
01112220
21122220
11102002
85
10111101
11111111
11121110
12122112
12111111
22222220
21122220
11102002
83
10111121
11111221
11122121
12122121
12111121
22222220
21122220
11102002
68
10111121
11111221
11122121
12122121
12111121
22212220
21222120
11122102
86
10111121
11111221
11122121
12122121
12111211
22211121
21222222
11122102
78
