00000000
00000000
00000000
00012000
00022000
00002000
00000000
00000000
66
00000000
00000000
00000000
00222000
00021000
00002100
00000000
00000000
46
00000000
00000000
00000000
00222000
00022200
00011100
00000000
00000000
53
00000000
00000000
00001200
00222000
00021200
00011100
00000000
00000000
74
00000000
00002000
00002200
00222010
00021100
00011100
00000000
00000000
41
00010000
00001000
00002100
00222010
00022100
00011200
00000020
00000000
67
00010000
00001000
00002220
00222010
00022100
00011100
00000120
00000000
35
00010000
00001000
00002220
00222020
00111102
00011100
00000120
00000000
88
00010000
00001000
00002220
00222020
00121202
00022100
00020110
00000001
75
00010000
00001000
00002220
00222020
00221112
00222100
00020110
00000001
72
00010000
00001010
00002210
00222010
00221212
00222220
00020110
00000001
25
00010000
00001010
00002210
00222010
01111212
00222220
00020210
00000201
38
00010020
00001020
00002220
00222020
01111122
00221220
00010210
00100201
78
00010020
00001020
00002220
00222020
02111122
20221220
00010110
00100211
15
00010020
00001020
00002220
02222020
11211122
20221220
00010110
00100211
83
00012020
00002020
00002221
02222010
11211122
20221220
00010110
00100211
86
00012020
00002020
00002221
02222210
11212222
20221211
00010210
00100211
26
00012020
00002020
00002221
02222210
11212222
21221211
00210210
00100211
17
00012020
00002020
00002221
02222210
11212222
11221211
10220210
00120211
61
00011120
00002010
00002221
02222210
11212222
11222211
10222210
00120211
84
00011122
00002020
00002221
02222211
11212221
11222211
10222210
00120211
62
00011122
00002120
00001211
22212211
12112221
11222211
10222210
00120211
33
00011122
00002120
00101211
21112211
12112221
11222221
10222222
00120211
82
00011122
00002111
00101211
21112211
22112221
21222221
20222222
20120211
58
00011122
00002111
20101211
22111211
22211221
21221211
20221122
20111111
23
00011122
00022111
21202211
22111211
21211221
21221211
20221122
20111111
32
00011122
02111111
22202211
22121211
21212221
21221211
20221122
20111111
28
00011122
02111111
22202211
22121111
22211221
22211211
22221122
21111111
21
01222222
02221111
21202211
21121111
21211221
21211211
21221122
21111111
43
22222222
02121111
21111111
21111111
21211221
21211211
21221122
21111111
12
