00000000
00000000
00000000
00021000
00012000
00000000
00000000
00000000
34
00000000
00000000
00200000
00121000
00012000
00000000
00000000
00000000
65
00000000
00000000
00200000
00121000
00021100
00020000
00000000
00000000
56
00000000
00000000
00200000
00221000
00211100
00021000
00000000
00000000
23
00000000
00000000
01200000
00122200
00212100
00021000
00000000
00000000
36
00000000
00000000
01200000
00122200
00112220
00111000
00000000
00000000
74
00000000
00000000
01200000
00111110
02222120
00111000
00000000
00000000
22
00000000
01000000
01100000
00111110
02222120
00112000
00000200
00000000
66
00000000
01200000
01200000
00211110
02221120
00111100
00000200
00000000
86
00000000
01200000
01200000
00222222
02221110
00111101
00000200
00000000
78
00000000
01200000
22200000
00222222
02221110
00111101
00000100
00000010
43
00000000
01200000
22210000
00211222
02212110
00221101
00200100
00000010
12
00000000
11200000
21220000
00112222
02212220
00222221
00200100
00000010
42
00000000
11110000
21222000
00122222
02212220
00222221
00200100
00000010
38
00000000
11110000
21222000
00122222
02112220
00122221
00100200
00100210
62
00000000
11110100
21222200
00112222
02112220
00122221
00100200
00100210
85
00002000
11120100
21222200
00112222
02111111
00122221
00100200
00100210
14
00202000
11220100
11222200
10112222
01111111
00122221
00100200
00100210
77
00202000
11220100
11222200
12222222
01211111
00122111
00100210
00100210
83
00202020
11220200
11222201
12222211
01211111
00122111
00100210
00100210
52
00202020
11111200
11211101
12121211
22211111
00122111
00100210
00100210
58
00202220
11112200
11221101
12221211
22211111
00122111
00100110
00101110
73
00202220
11112200
11221111
12221111
22211111
02222111
00100110
00101110
47
00202220
11112200
11221111
12221111
22211111
22111111
00110110
00101110
27
02202220
11212200
11221111
11221111
21211111
21111111
01110110
00101110
72
02222220
11221110
11221111
11221111
21211111
21111111
01110110
00101110
17
02222220
11222222
11221111
11221111
11211111
11111111
11110110
00101110
81
02222221
11222211
11221111
11221111
11212111
11111211
11110120
00101112
11
11111111
11222211
11221111
11221111
11212111
11121211
11210120
02101112
48
11111111
11222211
11221111
11222111
11212211
11121221
11110122
02111112
57
