00000000
00000000
00020000
00022000
00021000
00000000
00000000
00000000
33
00000000
00000000
00120000
00012000
00022200
00000000
00000000
00000000
64
00000000
00000000
00120200
00012200
00022200
00000000
00000000
00000000
46
00000000
02000000
00220200
00022200
00012200
00010000
00000000
00000000
75
00000000
02000000
00220200
00022200
00021110
00210000
00000000
00000000
62
00000000
02000100
00220100
00022100
00022110
00222000
00000000
00000000
47
00000000
02000100
00220100
00022100
00022110
00222000
00010200
00000000
32
00000000
02100100
00222100
00022100
00022110
00222000
00010200
00000000
35
02000000
02200100
00221100
00012100
00111110
00222000
00010200
00000000
23
02000000
02200100
01211100
00022100
00112110
00222200
00010200
00000000
37
02000000
02220100
01221100
00022100
00111110
00112200
00110200
00000000
41
02010000
02222100
01212100
00012100
00111110
00112200
00110200
00000000
78
02010000
02222100
01212100
00012100
00111210
00111220
00110100
00000010
11
12010000
01222100
01112100
00012100
00121210
00211220
02110100
00000010
26
12010000
01222220
01112200
00012100
00121210
01111220
02110100
00000010
77
12010000
01222220
01112200
00012200
00121220
01111112
02110110
00000010
61
12012100
01222120
01112100
00012100
00121120
01111112
02110110
00000010
17
12012100
01222120
01112100
00012100
02221120
01111112
11110110
00000010
31
11112100
01112120
01111100
00012100
02222120
01122212
11112110
00000010
34
11112100
01112120
01111100
00112100
02112120
01121212
11112220
00000210
82
11112100
22222111
02111100
00212100
02122120
01122212
11112220
00000210
15
11112100
22222111
02111100
00212100
11122120
01122212
11212220
02000210
14
11112100
22122111
01111200
10212220
11122220
01122212
11212220
02000210
83
11112100
22122111
01111201
10212222
11122120
01121212
11212220
02000210
13
11112100
11122111
11111201
10212222
11122220
01122212
11222220
02200210
24
11112100
11122111
11111201
11112222
11122220
01122212
11222220
02200222
85
11112100
11121111
11111101
11112211
11111111
22222212
12222220
02200222
87
11112100
11121111
11111101
11112211
11111111
22222211
22111111
22200222
73
11112100
11121111
11111111
11112111
11111111
22222211
22222111
22220222
58
11112220
11121221
11112121
11122121
11211121
22121221
22211121
22221222
81
