00000000
00000000
00000000
00222000
00021000
00000000
00000000
00000000
53
00000000
00000000
00001000
00221000
00022000
00000200
00000000
00000000
35
00000000
00000000
00021000
00221000
00122000
00000200
00000000
00000000
32
00000000
00100000
00011000
00221000
00222000
02000200
00000000
00000000
25
00000000
00100000
00011000
02221000
02222000
02000200
00000000
00000000
16
00000000
00100000
02011000
02221000
01222000
12000200
00000000
00000000
27
00000000
00100000
02011000
02221000
01222000
12000200
21000000
00000000
18
00000000
00100000
02011000
02221000
22222000
12000200
11000000
10000000
14
00000000
00100000
21011000
12111000
12222000
12000200
11000000
10000000
65
00000000
00100000
21011000
12111000
11211100
12020200
11000000
10000000
77
00000000
00100200
21012000
12121000
11211100
12020100
11000010
10000000
71
00000010
00120100
21021000
12121000
11121100
11020100
11000010
10000000
37
00000010
00120100
21022000
12122200
11121100
11010100
11100010
10000000
52
00000010
20111100
22011000
12221200
11121100
11010100
11100010
10000000
73
00000010
20111100
22011010
12221100
11122220
11010100
11100010
10000000
85
00000010
20111100
22011010
12221100
11112111
11010200
11100020
10000002
67
00002010
20112100
22012010
12222100
11112111
11010100
11100120
10000002
11
10002010
10112100
12012010
12222100
11112211
11010120
11100120
10000002
86
10002010
10112220
12012010
12222100
11112211
11010111
11100120
10000002
22
10002010
11112220
11012020
11222102
11112211
11010111
11100120
10000002
74
10002010
11112210
11012010
11222112
11122211
11012111
11100120
10000002
61
10002110
11111210
11012010
11222112
11122211
11022111
11200120
12000002
38
10002110
11121210
11222010
11222112
11122211
11022111
11200120
11100002
87
10002110
11121210
11222210
11222212
11122211
11022111
11200111
11100002
47
10002110
11121210
11222210
11222212
11122111
11022111
11110211
11100022
41
10011110
11111210
11212222
11212222
11112211
11012111
11110211
11100022
58
10011112
11111220
11212222
11212222
11112211
11012111
11110111
11101022
57
10011112
11111220
11211222
11211222
11111211
11011211
11111211
11101222
82
12011112
11211111
11221211
11212121
11111211
11011211
11112211
11122222
31
