00000000
00000000
00000000
00222000
00021000
00000000
00000000
00000000
35
00000000
00000000
00000000
00222000
00121000
00020000
00000000
00000000
37
00000000
00000000
00000000
00222000
00122000
00010200
00100000
00000000
43
00000000
00200000
00020000
00212000
00112000
00010200
00100000
00000000
24
00000000
00200000
00020000
01122000
00122000
00020200
00120000
00000000
64
00000000
00200000
00020200
01112100
00121000
00010200
00120000
00000000
48
00000000
00200000
00020200
01212100
02221000
00010200
00110000
00010000
77
00000000
00200000
00020200
01212100
02221000
00020100
00112010
00010000
15
00000000
00200000
00020200
01212200
11111200
00020100
00112010
00010000
74
00000000
00200000
00020200
01212110
11221200
00220100
00112010
00010000
26
00000000
00200000
00020200
01212110
11121200
01220200
00112210
00010000
53
00000000
00200000
00021202
01211120
11121200
01220200
00112210
00010000
42
00000000
00210000
00011222
01211220
11122200
01220200
00112210
00010000
84
00000000
00210000
00011222
01211111
12122200
22220200
00112210
00010000
62
00000000
00210100
20011112
02211111
12222200
22220200
00112210
00010000
17
00000000
00210100
20011112
02211111
12122200
11220200
10212210
02010000
22
00200000
02110100
20011112
02211111
12122200
11220200
10212210
02010000
75
00200000
02110100
20011112
02211111
12111110
11220100
10221210
02012000
82
00200000
02110101
20011111
02211111
12111110
11220100
10221222
02012000
33
00200000
02110101
20111111
01111111
12111110
12220100
12221222
02012000
12
00200000
11110101
20111111
01111111
12111110
12220100
12221222
02222000
68
00200000
11112101
20121111
01211111
12111110
12220100
12221122
02222100
18
00200000
11112101
20121111
01212111
12111210
12120120
11221122
11111100
41
00210200
11112201
20121211
01212211
12111210
12120120
11221122
11111100
51
00211200
11111101
20121211
01212211
12122210
12122220
11221122
11111100
71
00211110
11111101
22221211
02212211
12122210
12122220
11221122
11111100
85
00211110
11111121
22221221
02212221
12122221
12122220
11221122
11111100
21
01111110
11111121
22221221
02212221
12122221
12122220
11221222
11111120
14
21111110
12111121
11221221
11112221
11122221
12122220
11221222
11111120
88
22222222
12111121
11221221
11112221
11121221
12122120
11221212
11111111
86
