00000000
00000000
00000000
00021000
00012000
00000000
00000000
00000000
65
00000000
00000000
00000000
00021000
00021100
00020000
00000000
00000000
36
00000000
00000000
00000000
00022200
00012100
00120000
00000000
00000000
47
00000000
00000000
00000000
00022200
00222100
00110000
00010000
00000000
63
00000000
00000000
00000100
00021100
00212100
00220000
00210000
00000000
25
00000000
00000000
00000100
00021100
01112100
00120000
00220000
00020000
28
00000000
00000000
00000100
00021100
01111100
00110000
02220000
01020000
26
00000000
00000000
00000100
00022220
01111100
01110000
01220000
01020000
43
00000000
00000000
00010100
00011220
01111200
01112000
01220000
01020000
73
00000000
00000200
00010210
00011220
01111200
01112000
01220000
01020000
66
00000000
00000200
00010210
00012220
01121200
01211100
02220000
21020000
83
00000000
00000200
00010211
00012210
01121200
01212200
02220200
21020000
38
00000000
00200200
00020211
00012210
01121100
01111200
02110200
21120000
72
00000000
00200222
00020121
00011210
01111100
01111200
02110200
21120000
16
00000000
00200222
00022221
00011210
01111100
11111200
01110200
21120000
78
00000000
00200222
00022221
00021210
01211100
12111200
21110100
21120010
77
00000000
00200222
00022222
00021222
01211100
12111100
21110110
21120010
24
00000000
00200222
00022222
01021222
21111100
22111100
21110110
21120010
21
01000000
00100222
00012222
01021222
21111200
22111200
21110210
21120210
57
01000000
00100222
20012222
02021222
21211200
22121200
21112110
21120210
61
01000100
00102222
20012222
02021122
21211100
22121100
21112110
21120210
42
01000100
00112222
20222222
02021122
21211100
22121100
21112110
21120210
81
01000101
02222212
20222122
02021122
21211100
22121100
21112110
21120210
11
11000101
01222212
20222122
02222222
22211100
22121100
21112110
21120210
58
11200101
02222212
20222122
02222222
22211100
22121100
21111110
21111110
14
11200101
02222212
20222122
12222222
21211100
22121100
22222222
21111110
76
11200101
02222212
20222122
12222222
21222220
22121210
22222112
21111110
51
11201101
02221212
20221122
12221222
21221220
22121222
22222112
21111110
71
11201111
02221112
20221122
12221222
21221220
22121222
22222122
22222222
12
11221111
11122112
10221222
12221222
21221220
22121222
22222122
22222222
23
11221111
11122112
11111222
11121222
21211220
22121222
22222122
22222222
85
