00000000
00000000
00000000
00012000
00022000
00002000
00000000
00000000
66
00000000
00000000
00020000
00022000
00021000
00002100
00000000
00000000
57
00000000
00000000
00020000
00022000
00021000
00002100
00001200
00000000
77
00000000
00000000
00020000
00022000
00021000
00002100
00002110
00002000
48
00000000
00000000
00020000
00022000
00021000
00002100
00001110
00222000
35
00000000
00000000
00020000
00022000
00121000
00022100
00001110
00222000
33
00000000
00000000
00120000
00222000
00121000
00022100
00001110
00222000
36
00000000
00000000
00120000
00222000
00121000
00211100
02001110
00222000
53
00000000
00000000
00111000
00211000
00121000
00222220
02001210
00222000
18
00000000
00000000
00111000
00211000
00111000
00122220
01022210
10222000
78
00000000
00020000
00121000
00221000
00121000
00121220
01022110
10222010
51
00001000
00010000
00121000
00221000
00121000
00121220
01022222
10222010
68
00001000
00012000
00122000
00222000
00122000
00112220
01022222
10222110
65
00001000
00012000
00122000
00222000
00211100
02222120
01022122
10222110
88
00001000
00012000
00122000
00222200
00212100
02222120
01022112
10222111
86
00001000
00012000
00122000
00222200
00212102
02222121
01022211
10222111
63
00001000
00222000
00221100
00222100
00212202
02222121
01022211
10222111
31
00101000
00212000
00221100
00222100
00212202
02222121
02022211
12222111
16
00101000
00212000
00221100
00222100
00212202
12111121
22022211
12222111
23
00101000
00212020
01111200
00122100
00212202
12111121
22022211
12222111
84
00101000
00212220
01112200
00122101
00212201
12111121
22022211
12222111
82
00101020
00211211
01112200
00122101
00212201
12111121
22022211
12222111
61
00122220
00221111
01122100
00122101
00212201
12111121
22022211
12222111
37
00122222
00221121
01122200
00122101
00212201
12111121
22111111
12222111
21
01122222
00121121
01112200
00122221
00212201
12112111
22121111
12222111
24
01122222
00121122
01112202
01122221
00112201
12112111
22121111
12222111
15
01122222
00121222
01112222
01122221
10112201
11112111
22121111
12222111
75
01122222
00211222
02111222
22222121
20111111
21112111
22121111
12222111
13
01122222
00211222
11111222
11222121
12111111
12212111
12121111
12222111
22
01122222
22222222
12111222
11222121
12111111
12212111
12121111
12222111
11
