00000000
00000000
00000000
00021000
00012000
00000000
00000000
00000000
34
00000000
00000000
00000000
00111000
00222000
00000000
00000000
00000000
66
00000000
00000000
00000200
00112000
00221000
00000100
00000000
00000000
26
00000000
00000000
00000200
00112000
00122200
01000100
00000000
00000000
46
00000000
00000000
00000200
00112000
00112200
01010200
00000200
00000000
75
00000000
00000000
00000200
00112000
00111210
01010220
00000200
00000000
72
00000000
00000010
00000100
00111000
00111222
01010220
00000200
00000000
87
00000000
00000010
00000100
00111000
00111122
01010220
00000221
00000000
88
00000000
00000010
00020100
00112000
00111222
01010120
00000211
00000001
86
00000002
00000020
00020200
00112000
00111222
01010111
00000211
00000001
74
00000002
00000020
00020200
00122010
00121212
01020111
00020211
00000001
56
00000002
00000020
00020200
00122210
00112212
01021211
00020211
00000001
42
00020002
00020020
00020200
00122210
00122212
01021211
00020211
00000001
33
00020002
00020020
00120202
00112220
00121212
01021111
00020211
00000001
57
00020002
00020020
00120202
00112220
00121212
01011211
00021211
00000201
84
00020002
02020020
00220202
00121111
00122211
01011211
00021211
00000201
62
00020002
02020120
00220102
00121111
00122211
01011211
00022211
00020201
38
00020002
02020120
00220102
00121111
00222211
02011211
20012211
00120201
52
00020002
02021120
00210102
00121111
00222211
02021211
20222211
00120201
32
00020002
02111120
00112102
00122111
00222211
02021211
20222211
00120201
78
00020022
02111220
00112102
00122111
00222211
02021211
20222111
00120211
25
00020022
02111220
00112102
02222111
02211111
02021211
20222111
00120211
23
00020022
02111220
01112102
02122111
02211111
02021211
20222111
02220211
36
00020022
02111220
22222102
02122111
02111111
02111211
20222111
02220211
11
10020222
01112220
22122102
02112111
02111111
02111211
20222111
02220211
12
10020222
11112220
21122222
02112211
02112111
02121211
20222111
02220211
82
10020222
11111111
21122221
02112211
02122111
02221211
22222111
02220211
18
10020222
11111111
21122121
02111211
02112111
22121211
22222111
12220211
58
10020222
11211111
22122121
22111211
02112111
22121211
22211111
11111111
15
10022222
11212211
12122121
11111211
11112111
11121211
12111111
11111111
31
