00000000
00000000
00000000
00012000
00022200
00000000
00000000
00000000
66
00000000
00000000
00020000
00022000
00021200
00000100
00000000
00000000
75
00000000
00000000
00020000
00022000
00022110
00000200
00000020
00000000
35
00000000
00000000
00020000
00022000
00121110
00200200
00000020
00000000
88
00000000
00000000
00020000
00022000
00122110
00202100
00000010
00000001
32
00000000
00100000
00012000
00022000
00122110
00202100
00000010
00000001
37
00000000
00100000
00012000
00022000
00222110
02102100
00100010
00000001
46
00000000
00100000
00012000
00012000
00222110
02211100
02100010
00000001
62
00000000
00100100
00011000
00012000
00222110
02221100
02220010
00000001
16
00000000
00102100
00012000
00012000
00222110
11111100
02220010
00000001
58
00000000
00102100
00012000
00012000
00222110
11112100
02210210
00001001
63
00000000
00102100
00011100
00011000
00212110
11112100
02210222
00001001
78
00000020
00102200
00012100
00021000
00212110
11111100
02210122
00001011
34
00000020
00102200
00012100
00111000
20112110
12111100
02210122
00001011
86
00000020
00102200
00012100
00111000
20112110
22111101
22210121
00001011
68
00000020
00102220
00012200
00112000
20122110
22211101
22210111
00001111
25
00000020
00102220
00012200
00112000
21122110
22121101
22220111
00021111
28
00000020
00102220
00012200
00112000
21122210
21122221
21220111
01021111
73
00000020
00102220
00011120
00112002
21122220
21122221
21220111
01021111
41
00010020
00101220
00011120
00112002
21122220
21222221
22220111
21021111
82
00010020
00101111
00222220
00222002
21222220
21222221
22220111
21021111
74
00012020
00102211
00222120
00222012
21222210
21222211
22220111
21021111
22
00012020
01102211
00122220
00212222
21222210
21222111
22220111
21021111
83
02012020
01202211
00121111
00212222
21222210
21222111
22220111
21021111
57
02012020
01202211
00121111
20211222
22221210
21221111
22221111
21021111
42
02222020
01221111
00212111
20211222
22221210
21221111
22221111
21021111
23
02222020
01221111
01112111
20111222
22211222
21221111
22221111
21021111
24
02222020
02221111
22222111
21111222
21111222
21211111
22221111
21021111
38
02222220
02222211
22222211
21111222
21111222
21111111
22111111
21111111
11
12222222
01222222
22122212
21111222
21111222
21111111
22111111
21111111
12
