00000000
00000000
00000000
00012000
00022000
00002000
00000000
00000000
64
00000000
00000000
00020000
00021100
00022000
00002000
00000000
00000000
36
00000000
00000000
00020000
00022220
00012000
00102000
00000000
00000000
42
00000000
00010000
00010000
00012220
00222000
00102000
00000000
00000000
66
00000000
00010000
00010000
00012220
00222000
00122100
00000000
00000000
26
00000000
00210000
00020000
00012220
00122000
01122100
00000000
00000000
47
00000000
00210000
00220000
00022220
00112000
01112100
00010000
00000000
24
00000000
00210000
02220000
01022220
00112000
01112100
00010000
00000000
22
00000000
01110000
01120000
01222220
00121000
01112100
00010000
00000000
63
00000000
01110000
01120100
01221220
00121000
01122100
00020000
00020000
73
00000000
01110000
01120110
22221120
00121000
01122100
00020000
00020000
84
00200000
01210000
01220110
22221111
00121000
01122100
00020000
00020000
53
00200000
01210000
01111110
22211111
00121000
01122220
00020000
00020000
13
00200000
01210000
11111110
21211111
02221000
01222220
00020000
00020000
86
00200000
01210200
11112110
21221111
02221000
01111111
00020000
00020000
21
01200000
01110200
11112110
21221111
02221000
01211111
00220000
00020000
71
01200010
01112100
11121110
21211111
02121000
01211111
00220000
00020000
28
01200010
01112100
11121110
21212111
02122200
01212111
00120000
01020000
27
01200010
01112100
11121110
21211111
02112200
01112121
01120002
01020000
58
01200010
01112102
11121120
21211211
02112200
01112121
01110002
01021000
41
01110010
01111102
11121122
21211221
02112200
01112121
01110002
01021000
16
01110010
21111102
22111122
21211221
01122200
11112121
01110002
01021000
88
01110010
21111102
22111122
21211221
01122200
11112221
01110201
01021001
38
01110010
21111102
22111122
21211221
22222200
11112221
01110201
01111001
85
01112010
21122202
22212122
22212211
22222201
11112211
01110101
01111001
61
01111110
21122222
22212222
22212211
22222201
11112211
01110101
01111001
57
01111110
21121222
22211222
22211211
22221201
11112211
01111201
01111021
77
01111110
21121222
22211222
22211211
22221201
11212111
02111111
21111021
81
01111111
21121211
22211121
22211211
22221201
11222211
02112211
22222221
11
11111111
11121211
12211121
12211221
12221221
11222221
02112221
22222221
17
