00000000
00000000
00000000
00222000
00021000
00000000
00000000
00000000
35
00000000
00000000
00000000
00222000
00122000
00002000
00000000
00000000
65
00000000
00000000
00000000
00222020
00111200
00002000
00000000
00000000
57
00000000
00000000
00000000
00222020
00112200
00001200
00001000
00000000
63
00000000
00000000
00000100
00221020
00112200
00001200
00002000
00020000
58
00000000
00000000
00000100
00221020
00112200
00001200
00001000
00022200
53
00000000
00000000
00001100
00211020
00212200
00201200
00001000
00022200
25
00000000
00000000
00001100
00211020
22222200
00201200
00001000
00022200
85
00000000
00000000
00001100
00211010
22222201
00202200
00001200
00022200
75
00000000
00000000
00021100
00222010
22222211
00202100
00001200
00022200
77
00000000
00000000
00021102
00222020
22222211
00202100
00001110
00022200
23
00000000
00000000
01021102
00122020
22212211
00201102
00001120
00022200
33
00000000
00000200
01112102
00122020
22211211
00201102
00001120
00022200
16
00000000
00000200
01112102
20122020
22211211
10201102
00001120
00022200
73
00000000
00200200
02222112
20222010
22211211
10201102
00001120
00022200
52
00002000
00202200
02212112
20122010
21212211
10202102
00002120
00022200
21
01022000
00202200
02212112
20122010
21212211
10202102
00002120
00022200
22
01022000
01202200
02112112
20112010
21211211
10202102
00002220
00022220
71
01022010
01202100
02111112
22222010
21211211
10202102
00002220
00022220
47
01022010
01202100
02111112
22222010
21211111
20101102
20012220
00022220
61
01022110
01201200
02111122
22222012
21211122
20101202
20012220
00022220
13
01022110
01201200
11111222
22222222
21211222
20101202
20012220
00022220
46
01022110
01201200
11111222
21222222
21121222
20211202
22012220
00022220
88
01022222
01201200
11111222
21222222
21121222
20211102
22012210
00022221
72
01022222
01201110
11111222
21222222
21121222
20211102
22012222
00022221
31
01122222
01101110
11111222
21222222
21121222
20222222
22012222
00022221
18
01122222
01101110
11111122
11221222
11211222
12222222
11012222
10022221
37
01122222
01121110
11122122
11121222
11111222
11112222
11112222
10022221
82
01122222
01121111
11122111
11121121
11111221
11112221
11122221
10222221
28
22222222
02121111
11222111
11121121
11111221
11112221
11122221
11111111
12
