00000000
00000000
00000000
00021000
00012000
00000000
00000000
00000000
65
00000000
00000000
00000000
00022200
00011100
00000000
00000000
00000000
33
00000000
00000000
00100000
00012200
00021100
00200000
00000000
00000000
46
00000000
00000000
00100000
00012200
00011200
00210020
00000000
00000000
53
00000000
00000000
00101200
00012200
00021200
00210020
00000000
00000000
73
00000000
00000000
00101110
00012220
00021200
00210020
00000000
00000000
66
00000000
00002000
00102210
00012120
00021100
00210120
00000000
00000000
84
00000000
00002000
00102210
00012211
00021200
00210220
00000200
00000000
56
00000000
00002000
00102210
00012211
00022100
00221220
00200200
00000000
35
00000000
00002000
00102210
00022211
00211100
02221220
00200200
00000000
68
00000000
00002000
00102210
00022211
00211100
02221120
00200200
00002100
86
00000000
00002000
00102210
00022211
00212100
02222111
00202200
00002100
34
00000000
00002000
00102210
00111211
00212220
02222211
00202200
00002100
17
00000000
00002000
00102210
00111211
02222220
01222211
10202200
00002100
38
00000000
00002000
00102210
00111211
02122220
01222211
10122200
00102100
15
00000000
02002000
00202210
00121211
11122220
01222211
10122200
00102100
43
00000000
02002000
00211110
00121211
11122220
01222221
10122202
00102100
41
00010000
02001000
00211110
00121211
11122220
01222221
10122202
00102220
85
00010000
02001000
00211110
00121211
11111111
01222221
10222202
02102220
88
00010000
02001002
00211120
00121211
11111111
01222221
10222201
02102221
62
00010000
02001102
02211110
00221211
11121111
01222221
10222201
02102221
48
00010000
02001122
02211220
00212221
11121121
01212121
10111201
02111111
12
00010000
12001122
01211220
00112221
11111121
22211121
10111101
02111111
81
00010201
12002212
01221220
00211221
12111121
22211121
10111101
02111111
77
00010201
12002212
01221210
00211211
12111111
22211111
20111111
22111111
27
00010201
12022212
01222210
00211211
12111111
22111111
21111111
22111111
71
00010211
12022122
01221222
00211211
12111111
22111111
21111111
22111111
31
00110211
12012122
02221222
02211211
12111111
22111111
21111111
22111111
14
00110211
12222122
02221222
11111211
11111111
22111111
21111111
22111111
21
