00000000
00000000
00000000
00021000
00012000
00000000
00000000
00000000
56
00000000
00000000
00000000
00021000
00012000
00001200
00000000
00000000
65
00000000
00000000
00000000
00022200
00011200
00001200
00000000
00000000
77
00000000
00000000
00000000
00022200
00011200
00001200
00000210
00000000
74
00000000
00000000
00000000
00022222
00011100
00001200
00000210
00000000
68
00000000
00000000
00000000
00022222
00012100
00002100
00002110
00000100
33
00000000
00000000
00100000
00012222
00021100
00202100
00002110
00000100
83
00000000
00000000
00100001
00012212
00021100
00202100
00002210
00000120
53
00000000
00000000
00101001
00011212
00021100
00202100
00002210
00002220
27
00000000
00000000
00101001
00011212
00011100
00102102
01002220
00002220
63
00000000
00000000
00101101
00222222
00021100
00102102
01002220
00002220
48
00000000
00000000
00101101
00222222
00021100
00102102
01001220
00222220
85
00000000
00020000
00102101
00222211
00021101
00102102
01001220
00222220
52
00000000
00021000
00101101
00221211
00022101
00122102
01002220
00222220
35
00000000
00021000
00101101
00111211
00111101
02222102
01002220
00222220
37
00000000
00021000
00101101
00111211
00111101
22112102
02102220
00222220
18
00000000
00021000
02101101
00211211
00121101
22112102
01102220
10222220
32
00000000
00111000
02101101
00211211
02221101
22112102
01102220
10222220
13
00000000
00111000
11101101
00211211
02222101
22122102
02202220
12222220
88
00000000
00111000
11101101
00211211
02222101
22122102
02202222
11111111
75
00000000
20111000
12101101
00211111
02222111
22122102
02202222
11111111
11
10000000
10111200
12102201
00221211
02222211
22122202
02202222
11111111
76
10200000
10221200
12202201
00221211
02222111
22111112
02202112
11111111
22
10200000
11111202
12102202
00211212
02221112
22111112
02202112
11111111
14
10200000
11111202
11102202
12211212
02221112
22111112
02202112
11111111
15
10220000
11112202
11102202
11211212
11111112
21111112
02102112
11111111
61
10220100
11112102
11102222
11211112
11111112
21111112
02102112
11111111
17
10220100
11112102
11102222
11211122
11111212
11112112
11122112
11111111
51
10222220
11111102
11101222
11211122
11111212
11112112
11122112
11111111
81
10222221
11122101
11122221
11222121
11121211
11122111
11122111
11111111
72
