00000000
00000000
00000000
00021000
00012000
00000000
00000000
00000000
65
00000000
00000000
00000000
00021000
00012100
00000200
00000000
00000000
43
00000000
00000000
00010000
00011000
00012220
00000200
00000000
00000000
76
00000000
00000000
00012000
00012000
00012120
00000210
00000000
00000000
62
00000000
00000100
00011000
00012000
00022120
00200210
00000000
00000000
67
00000000
00000100
00211000
00022000
00022120
00200110
00000100
00000000
46
00000000
00002100
00212000
00012000
00012120
00210110
00000100
00000000
61
00000100
00001100
00212000
00222000
00012120
00210110
00000100
00000000
64
00000100
00001100
00212000
00222100
00012120
00210220
00000120
00000000
63
00000100
00001100
00211100
00221100
00022120
00220220
00020120
00000000
56
00000100
00001100
00211100
00221100
00021120
00222220
00020220
00000020
88
00000100
00001100
00211100
00221100
00021120
00222120
00020222
00000021
26
00000100
00001120
00211200
00222100
00021120
01111120
00020222
00000021
38
00000100
00001120
00211200
00222100
00022120
01112220
00012222
00100021
35
00002100
00002120
00212200
00212100
00111120
01112220
00012222
00100021
81
00002221
00002210
00212100
00211100
00111120
01112220
00012222
00100021
22
00002221
01002210
00112100
00221100
00211120
02112220
20012222
00100021
41
00011111
01022210
00122100
00221100
00211120
02112220
20012222
00100021
23
00011111
01022222
01122100
00121100
00211120
02112220
20012222
00100021
24
00011111
01022222
22222100
02121100
00211120
02122220
20012222
00100021
32
00011111
01122222
22112200
02122220
00211220
02122220
20012222
00100021
73
00011111
01122112
22111110
02122120
00221220
02222220
22012222
00100021
25
00011111
22222112
22111110
01222120
01121220
02122220
22012222
00100021
37
00011111
22222112
22211110
02222120
22221220
02112220
22112222
00100021
86
00011111
22222112
22222222
02222120
22221210
02111111
22112221
00100021
68
00011111
22222112
22222222
02222120
22221222
02111111
22111111
00100111
16
00011111
22221112
22212222
02122120
21221222
12121211
21222111
00120111
58
00011111
22221112
22212222
02122120
21221222
12121211
22211111
02111111
21
21011111
22121112
21212222
01122120
21221222
12121211
22211111
02111111
14
22211111
22221112
21212222
11122120
11221222
12121211
22211111
02111111
84
22211111
22221111
21212211
11122111
11221211
12121111
22211111
02111111
18
