00000000
00000000
00000000
00021000
00012000
00000000
00000000
00000000
56
00000000
00000000
00000000
00021000
00012000
00001200
00000000
00000000
76
00000000
00000000
00000000
00021000
00012000
00002110
00002000
00000000
46
00000000
00000000
00000000
00021000
00022000
00021110
00022000
00000000
38
00000000
00000000
00002000
00022000
00022000
00021110
00012000
00100000
58
00000000
00000000
00002000
00022000
00022000
00022222
00011000
00101000
52
00000000
00001000
00001000
00022200
00022000
00021222
00011000
00101000
43
00000000
00001000
00211000
00022200
00012000
00011222
00011000
00101000
73
00000000
00001200
00212010
00022100
00011000
00011222
00011000
00101000
23
00000000
00001200
01112010
00022100
00021000
00021222
00022000
00121000
34
00000000
00001200
01112010
00121100
00211000
00021222
00022000
00121000
42
00000000
00011202
01111020
00121200
00212000
00021222
00022000
00121000
71
00020010
00021102
01121020
00121200
00212000
00021222
00022000
00121000
32
00020010
00111102
01111020
00121200
00212000
00021222
00022000
02221000
36
00020010
00211102
02111020
20121200
00112000
00111222
00012000
02221000
67
00020010
00222222
02111020
20121200
00112000
00111222
00011100
02221000
51
00021010
00211222
02111020
20121200
02222000
00111222
00011100
02221000
24
00021010
00211222
02111020
21121200
02122000
00112222
00011200
02221020
16
00021010
00211222
02111020
21121200
22222000
10112222
00011200
02221020
22
02021010
02111222
02111020
22121200
22222000
10112222
00011200
02221020
77
02022210
02112222
02121020
22211200
22221000
10112122
00011110
02221020
65
02022222
02112222
02121020
22211200
22221100
10111122
00011110
02221020
87
02022222
02112222
02121020
22211200
22221100
10211112
02011111
02221020
26
02222222
02222222
02222020
22211200
22121100
11111112
02011111
02221020
12
02222222
12222222
01222020
22121200
22211100
22111112
22011111
02221020
13
02222222
12222222
11222020
21221200
22212100
22221112
22211111
02221020
74
22222222
22222222
21222020
21221110
22212100
22221112
22211111
02221020
18
22222222
22222222
21222020
21221110
22212100
22121112
21212121
11111220
85
22222222
22222222
21222020
21222222
22212101
22121111
21212121
11111220
88
22222222
22222222
21222020
21222222
22212221
22121211
21212111
11111111
63
22222222
22222222
21111120
21221112
22212121
22121111
21212111
11111111
83
