00000000
00000000
00000000
00012000
00022200
00000000
00000000
00000000
64
00000000
00000000
00000020
00011200
00022200
00000000
00000000
00000000
74
00000000
00000000
00002020
00012110
00022200
00000000
00000000
00000000
42
00000000
00010000
00201020
00022110
00022200
00000000
00000000
00000000
46
00002000
00020000
00201020
00022110
00021200
00010000
00000000
00000000
56
00002000
00020000
00201020
00022110
00021200
00011020
00000000
00000000
72
00002000
00020010
00202010
00022210
00021220
00011020
00000000
00000000
22
00002000
01020010
00102012
00012220
00021220
00011020
00000000
00000000
84
00002000
01020010
00102222
00012211
00021220
00011020
00000000
00000000
52
00002000
01021010
00101122
00011211
00021220
00022020
00020000
00000000
85
00002000
01021010
00101122
00011211
00021211
00022220
00020000
00000000
57
00002020
01021020
00101122
00011211
00021211
00021120
00021000
00000000
36
00002020
01022220
00101222
00011211
00011211
00111120
00021000
00000000
41
00012020
01021220
00122222
00022211
00021211
00121120
00021000
00000000
77
00012020
01021220
00122222
00022211
00021211
00121120
00021012
00000000
38
00012020
01021220
00122222
00022211
00021211
00121120
00011022
00100020
88
00012220
01022220
00122222
00022211
00021211
00121120
00011012
00100021
37
00012220
01022220
02222222
00022211
00021211
00111120
00111012
00100021
31
00112220
01012220
02221222
00022111
00021211
00211120
02111012
00100021
81
00111111
01012220
02221222
00022211
00022211
00221120
02211012
02100021
18
00111111
01012210
02221122
00021211
00012211
00121120
22211012
11100021
32
02111111
02212210
02221122
00022211
00012211
00121120
22211012
11100021
13
02111111
01212210
11111122
00022211
00012211
02221120
22211012
11100021
11
11111111
01212210
12111122
20022211
00012211
02221120
22211012
11100021
16
11111111
01212222
12111122
20022211
00012211
11111120
11211012
11100021
34
11111111
01212222
12212122
20221111
00222211
11211120
11211012
11100021
25
11111111
01212222
12212222
20221211
01121211
11112220
11222222
11100021
58
11111111
01212222
12212222
20221211
01121211
11111210
11211222
11101221
48
11111111
01212222
12212222
22221211
01221211
11121210
11112222
11111221
86
11111111
01212222
12212222
22221211
22221211
11121211
11112221
11111221
12
