00000000
00000000
00000000
00222000
00021000
00000000
00000000
00000000
53
00000000
00000000
00001000
00221000
00022000
00000200
00000000
00000000
36
00000000
00000000
00001000
00221000
00022000
00102200
00000000
00000000
35
00000000
00002000
00002000
00212000
00122000
00102200
00000000
00000000
24
00000000
00002000
00002000
22222000
00122000
00102200
00000000
00000000
65
00000000
00002000
00002000
22222000
00211100
02102200
00000000
00000000
57
00000000
00002000
00002000
22222000
00221100
02222200
00001000
00000000
33
00000000
00002000
00102000
22212000
00221100
02222200
00002000
00020000
37
00000000
00002000
00102000
22112000
00122220
02112200
00102000
00020000
77
00000000
00002000
00102000
22112000
02221220
02112100
00102010
00020000
62
00000000
00002100
00101000
22112000
02221220
02112220
00102010
00020000
15
00000000
00002100
00101000
21112000
11111220
01112220
00102020
00020020
58
00000000
00002100
00101000
21112000
11121220
01211220
02101020
00021020
64
00000000
00002100
00121000
21122100
11121220
01211220
02101020
00021020
47
00000000
00002220
00121000
21122100
11121220
01111220
02111020
00021020
88
00000000
00002220
00121000
21122220
11121220
01111120
02111010
00021021
84
00000000
00002220
00122000
21121111
11221210
02111120
22111010
00021021
18
00000000
00002220
00122002
21121121
11221210
02111120
21111010
10021021
82
00000000
02002221
00222001
21121121
11221210
02111120
21111010
10021021
86
00000000
02002221
00222001
21121121
11221210
02212111
21221010
10221021
32
00000000
02102221
00112001
21121121
11221210
02212111
22221010
12221021
16
00000000
02102221
02222001
22221121
12221210
12112111
12221010
12221021
11
10000000
01102221
02122001
22211121
12221222
12112111
12221010
12221021
71
10000010
01122121
02222001
22211221
12221222
12112111
12221010
12221021
51
10021010
01221121
02121001
21211221
12221222
12112111
12221010
12221021
21
11021010
01121121
02111001
21211221
12221222
12112221
12222210
12221021
31
11111010
01111121
02222201
21212221
12221222
12112221
12222210
12221021
13
11111010
01111121
12222201
11212221
12221222
12112221
12222210
12222221
81
11111211
01112211
12222201
11211221
12211222
12112221
12222210
12222221
12
11111211
11112211
11222201
11111221
12211222
12112222
12222222
12222221
73
