00000000
00000000
00000000
00222000
00021000
00000000
00000000
00000000
53
00000000
00000000
00001000
00221000
00022200
00000000
00000000
00000000
36
00000000
00002000
00002000
00222000
00012200
00100000
00000000
00000000
43
00000000
00202000
00022000
00212000
00012200
00100000
00000000
00000000
42
00000000
00212000
00012000
00212000
00022200
00200000
02000000
00000000
76
00000000
00212000
00012000
00222200
00022100
00200010
02000000
00000000
62
00000000
00211100
00012000
00222200
00022200
00200020
02000002
00000000
56
00000200
00212100
00021000
00221200
00021200
00201020
02000002
00000000
75
00000200
00212100
00022000
00222100
00022110
00202020
02002002
00000000
21
01200200
00122100
00012000
00221100
00022110
00202020
02002002
00000000
63
01200200
00122100
00012100
00221200
00022120
00202022
02002002
00000000
35
01200200
00122100
00011100
00211200
02222220
00202022
02002002
00000000
66
01200200
00222100
00211100
00211100
02221120
00202122
02002002
00000000
51
01201200
00221200
00211200
00211200
02221220
00202222
02002202
00000000
23
01201200
00221200
01211200
02211200
02221220
00202222
02002202
00000000
16
01201200
20221200
02211200
02211200
01221220
10202222
02002202
00000000
71
01201110
20222220
02211200
02211200
01221220
10202222
02002202
00000000
81
01201111
20222222
02211100
02211200
01221220
10202222
02002202
00000000
83
01201111
20222211
02211101
02211200
02221220
12202222
02002202
00000000
46
01201111
20222211
02221101
02221200
02221220
11222222
02022202
00000000
38
01201111
20222211
02221201
02221220
02221220
11222222
01022202
00100000
58
01201111
20222211
02221201
02221220
02221220
11221222
01022202
00101200
14
01201111
20222211
02221201
11111220
01221220
11221222
02012202
20101200
85
01201111
20222211
02221201
11111220
01221111
11221212
02022102
20122200
78
01201111
20222211
02221201
11111220
01221111
12221212
22022102
20111110
13
01201111
20222211
11111201
11111220
01221121
12221222
22022222
20111110
11
11201111
12222211
12211201
12121220
02222121
12221222
22022222
20111110
41
11111111
12111211
11211101
12121210
22222121
22221222
22022222
20111110
37
11111111
12111211
11211101
12121222
22122122
22121222
22122222
20111110
88
11111111
11111211
11111101
12111221
22121121
22121121
22222211
22111111
73
