00000000
00000000
00000000
00012000
00022000
00002000
00000000
00000000
66
00000000
00000000
00000000
00012000
00021000
00002220
00000000
00000000
46
00000000
00000000
00000000
00012000
00021000
00222220
00000000
00000000
77
00000000
00000000
00000000
00012000
00022200
00222120
00000010
00000000
86
00000000
00000000
00000000
00222000
00022200
00222111
00000010
00000000
43
00000000
00000000
00010000
00221020
00022200
00222111
00000010
00000000
33
00000000
00000000
00110000
00211020
00021200
00222121
00000012
00000000
24
00000000
00000000
00110200
01112020
00021200
00222121
00000012
00000000
88
00000000
00000000
00110200
01112020
00021200
00222121
00000021
00000021
26
00000000
00000000
00110200
22222020
00021200
01111121
00000021
00000021
68
00000000
00000000
00110200
22222020
00021200
22222221
00000011
00000111
15
00000000
02000000
00210200
21222020
10021200
22222221
00000011
00000111
35
00000000
02000000
00210200
21222220
10112200
22222221
00000011
00000111
67
00000000
02002000
00220200
21222220
10112200
22221221
00000111
00000111
42
00000000
02012000
00110200
21212220
10112200
22222221
00020111
00000111
11
10000000
01012000
00110200
21212220
12222200
22222221
00020111
00000111
17
10000000
01012000
02110200
22212220
12122200
11222221
10020111
00000111
84
10000000
01012000
02222200
22212111
12122200
11222221
10020111
00000111
48
10000000
01012000
02222200
22212121
12112202
11212221
10010111
00010111
83
12000000
02012000
02222201
22212111
12112102
11211221
10010111
00010111
61
12000100
02011000
02212201
22112111
11112102
11221221
10210111
00010111
72
12000100
02011010
02212101
22111111
12112102
12221221
12210111
00010111
28
12000102
02011020
02212201
22112111
12121102
12211221
12110111
01010111
13
12000102
02011020
11112201
11112111
12122102
12212221
12222111
01010111
75
12200102
02021020
11112201
11112111
12122112
12212111
12221111
01010111
32
12200102
02111020
11112221
11112211
12122112
12212111
12221111
01010111
62
12200122
02111220
11112111
11122111
12222112
12212111
12221111
01010111
18
12200122
02111220
11112111
11121111
12212112
12112121
11222211
11012111
51
12201122
22111120
12112111
11221111
12222112
12112121
11222211
11012111
38
12222222
22222120
12122211
11221121
12222112
12111121
11112211
11112111
82
