00000000
00000000
00000000
00021000
00012000
00000000
00000000
00000000
65
00000000
00000000
00000000
00021000
00012100
00000200
00000000
00000000
67
00000000
00000000
00002000
00022000
00012100
00000100
00000100
00000000
43
00000000
00000000
00222000
00021000
00012100
00000100
00000100
00000000
52
00000000
00001000
00221000
00022000
00012200
00000120
00000100
00000000
56
00000000
00001000
00221000
00021000
00012200
00001220
00000120
00000000
85
00000000
00001000
00221000
00021000
00222201
00001210
00000120
00000000
74
00000000
00001000
00222200
00022010
00222101
00001210
00000120
00000000
78
00000000
00001000
00222200
00022010
00222101
00001222
00000110
00000010
25
00020000
00002000
00222200
00022010
01111101
00001222
00000110
00000010
32
00020000
00102000
00212200
00021012
01111102
00001222
00000110
00000010
23
00020000
00102000
01112200
00022012
01121102
00201222
00000110
00000010
37
00020000
02102000
01212200
00022012
01121102
00101222
00100110
00000010
73
00020000
02102000
01211110
00022012
01121102
00101222
00100120
00000012
12
00020000
11122000
01221110
00022012
01121102
00101222
00100120
00000012
62
00020000
11111100
01221110
00022012
22221102
00101222
00100120
00000012
46
00020000
11111100
01211110
00012012
22211102
02222222
00100120
00000012
24
00020000
11111100
01111110
01012012
22211102
02222222
00100220
00002012
17
00020000
11111100
01111110
01012012
22111102
22222222
10100220
00002012
14
00020020
11111200
01112110
11022012
12211102
12222222
10100220
00002012
72
00020020
11111110
01112110
11022222
12212202
12222222
10100220
00002012
87
00020020
11111112
01112120
11021222
12212102
12222212
10100221
00002012
75
00020020
11111112
01111112
11021122
12212212
12222212
10100221
00002012
57
00020220
11111222
01111212
11021222
12111212
12211112
10101111
00002012
27
00022220
11112222
01112212
11022222
11112212
11112112
11102111
00002012
48
00022220
11112222
01112212
11022222
11122212
11212112
12101111
20012012
68
00022220
11112222
22222212
21022222
21122212
21212112
22101111
20011112
81
00022221
11112221
22222211
22222221
22222211
21212111
22101111
20011112
47
00222221
12222221
22222211
22222211
22222111
21211111
22111111
20011112
11
10222221
11222221
22122211
22212211
22222111
21221111
22211111
22011112
21
