00000000
00000000
00000000
00012000
00022200
00000000
00000000
00000000
64
00000000
00000000
00000200
00012200
00022200
00000000
00000000
00000000
66
00000000
00000000
00000200
00012200
00022200
00020100
00000000
00000000
74
00000000
00000000
00000200
00011110
00022200
00020200
00000020
00000000
56
00000000
00000000
00200200
00021110
00022100
00021200
00000020
00000000
34
00000000
00000000
00200200
00211110
00222100
00021200
00000020
00000000
25
00000000
00000000
00200200
00211110
01121100
00022200
00000220
00000000
72
00000000
00000010
00200100
02211110
01221100
00022200
00000220
00000000
88
00000000
00000010
00200100
02211110
01221100
00022220
00000210
00000001
75
00000000
00000210
00200200
02211210
01221210
00022210
00000210
00000001
37
00000000
00000210
00200200
02211210
01221220
00012222
00100210
00000001
87
00000000
00000210
00200200
02211210
22221120
00012212
00100211
00000001
57
00000000
00000210
00202200
02221210
22221120
00011212
00101111
00000001
73
00000000
00000210
00202222
02221110
22221120
00011212
00101111
00000001
85
00000000
00000210
00202222
02222222
22221121
00011211
00101111
00000001
43
00000000
00002210
00222222
02211222
22211121
00011211
00101111
00000001
14
00000000
00002210
00222222
11112222
22212121
00012211
00102111
00002001
47
00000000
00002210
20222222
22112222
22212121
00011211
00111111
00002001
32
00000000
00102210
20112222
22111222
22212121
00011221
00111121
00002021
71
00002010
00102210
20111222
22111222
22212121
00011221
00111121
00002021
42
00002010
00111110
20111222
22111222
22212121
00011221
00112121
00022021
36
00002010
00111110
20111222
22111222
22112121
00111221
00112221
00022221
82
00002012
00111121
20111211
22111121
22111121
00111221
00112221
00022221
16
00002012
02222221
20211211
22121121
21112121
10111221
00112221
00022221
61
00002112
02221111
20211111
22121121
22212121
12222221
00212221
00022221
31
00102112
02111111
22111111
22221121
22222121
12222221
00212221
00022221
12
00122112
11222111
12121211
12221121
12222121
12222221
00212221
00022221
27
00122112
11222111
11121211
11222121
11222121
11222221
02112221
20022221
28
00122112
11222111
11121211
11222121
11222121
12222221
22222221
21022221
38
20122112
22222111
21221211
21122121
21122121
22121221
21112221
21111111
21
