00000000
00000000
00000000
00012000
00022000
00002000
00000000
00000000
66
00000000
00000000
00000000
00222000
00021000
00002100
00000000
00000000
53
00000000
00000000
00001000
00221000
00022200
00002100
00000000
00000000
46
00000000
00000000
00001000
00221000
00022200
00022100
00020000
00000000
57
00000000
00000000
00001000
00221000
00021200
00022200
00022200
00000000
33
00000000
00200000
00201000
00211000
00021200
00022200
00022200
00000000
76
00000000
00200000
00201000
00211000
00022220
00022210
00022200
00000000
22
00000000
22200000
00101000
00211000
00022220
00022210
00022200
00000000
48
00000000
22200000
00101000
00211000
00012222
00012220
00012200
00010000
31
00100000
22100000
00101000
00211000
00012222
00222220
00012200
00010000
27
00100000
22100000
00101000
00211000
00012222
00122220
01022200
00210000
78
00100000
22100000
00121000
00222000
00022222
00121220
01022100
00210010
86
00100000
22100000
00121000
00222000
00022222
00121211
01022200
00210210
35
00100000
22102000
00122000
00112000
00122222
00121211
01022200
00210210
58
00100000
22102000
00122000
00112000
00122222
00221211
02011100
20211110
61
00100100
22221000
00122000
00122000
00122222
00221211
02011100
20211110
28
00100100
22221000
00122000
00122000
00122222
00221222
02011102
21111110
26
00100100
22221000
00122000
00122000
00122222
22222222
01011102
21111110
11
10100100
21221000
00122000
00222000
02222222
22222222
01011102
21111110
13
10100100
11221000
12222000
00222000
02222222
22222222
01011102
21111110
64
10120100
11221000
12221000
00222100
02222122
22222122
01011102
21111110
84
10122100
11222000
12222000
00222101
02222112
22222122
01011102
21111110
37
10122100
11122000
12122000
00122221
02121222
22112122
01111102
21111110
14
10122220
11122000
11122000
10122221
01121222
22112122
01111102
21111110
62
10122220
11111200
11121020
10112221
01121222
22112122
01111102
21111110
15
12222220
11211200
11121020
10112221
11121222
21112122
01111102
21111110
17
12222220
11212200
11122220
10112221
11121222
11112122
11111102
21111110
72
12222220
11211120
11122122
10111222
11111222
11112122
11111102
21111110
81
11111111
11222222
11122122
10111222
11111222
11112122
11111102
21111110
88
11111111
11222221
11222121
12222221
11111221
11112121
11111101
21111111
77
