00000000
00000000
00000000
00222000
00021000
00000000
00000000
00000000
53
00000000
00000000
00001200
00222000
00021000
00000000
00000000
00000000
73
00000000
00000020
00001210
00222000
00021000
00000000
00000000
00000000
71
00000012
00000020
00001210
00222000
00021000
00000000
00000000
00000000
33
00000012
00000020
00101210
00212000
00022200
00000000
00000000
00000000
56
00000012
00000020
00101222
00211000
00021200
00001000
00000000
00000000
74
00000012
00000010
00101212
00211010
00021100
00002000
00000200
00000000
57
00000012
00000010
00101212
00222210
00021100
00001000
00001200
00000000
43
00000012
00000012
00111222
00221210
00021100
00001000
00001200
00000000
78
00000012
00002012
00121222
00221210
00021100
00001000
00001100
00000010
36
00000012
00002012
00122222
00222210
00012100
00102000
00002100
00002010
62
00000012
00002112
00122122
00222110
00012100
00102000
00002220
00002010
66
00000012
00202112
00222122
00212110
00011100
00102100
00002220
00002010
76
00000012
00202112
00222122
00212110
00011200
00102120
00002222
00002010
42
00000222
00212222
00221222
00212210
00011200
00102120
00002222
00002010
41
00012222
00222222
00222122
00212210
00011200
00102120
00002222
00002010
75
00012222
00222222
00222122
00222210
00022110
00122110
00002212
00002010
31
00112222
00212222
00221122
00222110
00022110
00122222
00002212
00002010
48
00112222
00212222
00221122
00222110
00022110
02222122
00001212
00012010
47
00112222
00212222
00211222
00212120
00012222
02211122
00011212
00012010
21
01112222
00112222
00212222
00222120
00222222
02211122
00011212
00012010
23
01112222
00112222
22222222
00122120
00212222
02211122
00011212
00012010
16
01112222
00112222
22222222
00122120
00222222
11211122
02011212
00012010
84
01112222
00112222
22222222
00122111
00222212
12211122
22011212
00012010
14
01112222
00112222
21222222
10222111
02222212
12211122
22011212
00012010
18
22222222
00112222
21222222
10222111
02222212
12211122
12011212
10012010
37
22222222
00112222
21122222
10122111
02122212
12121122
12211212
12012010
88
22222222
00122222
21222222
12222111
02222211
12121121
12211211
12012011
68
22222222
20122222
22222222
12222111
02222211
12121121
12211111
12011111
22
22222222
21122222
22122222
12212111
02221211
12122121
12221111
12211111
15
