00000000
00000000
00000000
00021000
00012000
00000000
00000000
00000000
43
00000000
00000000
00210000
00021000
00012000
00000000
00000000
00000000
23
00000000
00000000
01110000
00021000
00022000
00020000
00000000
00000000
66
00000000
00020000
01120000
00021000
00021000
00020100
00000000
00000000
37
00000000
00020000
01120200
00022000
00021000
00010100
00100000
00000000
51
00021000
00020000
01120200
00022000
00021000
00010100
00100000
00000000
53
00021000
00020000
01211200
02021000
00021000
00010100
00100000
00000000
72
00021002
00020020
01211200
02022000
00021000
00010100
00100000
00000000
73
00021002
00020020
01211110
02022000
00022200
00010100
00100000
00000000
76
00021002
00020020
01211110
02021000
00022220
00010110
00100000
00000000
64
00022202
00020020
01211110
02021100
00021120
00010110
00100000
00000000
85
00022202
00020020
01211110
02021100
00021111
00020110
00120000
00000000
36
00022202
00020020
01212110
02021200
00011121
00120112
00120000
00000000
56
00022202
00020020
01212110
02021200
00011221
00111212
00120200
00000000
87
00022202
00020020
01212110
02021200
00012221
00121211
00220201
02000000
71
00022212
00020210
01212210
02021200
00012221
00121211
00220201
02000000
74
00022212
00020210
01212210
02022110
00022111
00221211
02220201
02000000
31
00111112
00010210
01211222
02022120
00022211
00222211
02220201
02000000
68
00111112
00010210
01211222
02022120
00022121
00222221
02220121
02000100
48
00111112
00012210
01212222
02012120
00012121
00212221
02210121
02010100
88
00111112
00222210
01222222
02012120
00011121
00212121
02210111
02010101
82
00111112
00222211
01222212
02012120
00011121
00212121
02220211
02012101
25
00111112
00222211
01222212
01012120
01011121
00212221
02222211
02012101
34
00111112
00121211
01112212
01122120
01222221
00222221
02222211
02012101
18
00111112
00121211
01112122
01121122
01212221
00122221
01222211
12012101
26
00111112
00121111
01111122
22222222
02112221
01222221
01122211
12012101
13
00111112
02221111
12211122
22222222
02112221
01222221
01122211
12012101
11
10111112
01221111
12111122
22212222
02111221
22222121
01122211
12012101
78
10111112
22221111
22111122
22212222
02111221
22221121
01122111
12012111
21
11111112
21121111
21111122
21212222
01111221
21221121
02222111
12222111
17
