00000000
00000000
00000000
00012000
00022000
00002000
00000000
00000000
64
00000000
00000000
00002000
00012100
00022000
00002000
00000000
00000000
62
00000000
00000100
00001000
00012220
00022000
00002000
00000000
00000000
46
00000000
00000100
00001000
00012220
00012000
00022000
00200000
00000000
66
00000000
00020100
00002000
00012220
00011000
00022100
00200000
00000000
36
00000000
00020100
00002000
00012220
00021000
00211100
02200000
00000000
28
00000020
00020200
00002000
00012220
00021000
00211100
02100000
01000000
84
00000020
00020200
00002000
00011111
00022200
00211100
02100000
01000000
18
00000020
00020200
00202000
00021111
00012200
00111100
01100000
11000000
75
00000020
00020200
00202000
00021111
00012110
00111200
01100020
11000000
67
00000020
00020200
00202000
00021111
00012222
00111100
01100120
11000000
87
00000020
00020200
00202000
00021111
00012222
00112200
01102111
11000000
68
00000020
00020200
00202000
00021111
00012222
00112200
01101211
11000120
52
00000020
00021200
00201000
00021111
00012222
00112200
01102211
11020120
76
00000020
00021200
00201000
00221111
00022112
00112110
01102211
11020120
43
00002020
00022200
00212000
00212111
00012112
00112110
01102211
11020120
63
00002020
00022200
00211102
00211122
00012212
00112110
01102211
11020120
88
00002020
00222200
00221102
00212122
00012212
00112110
01102211
11020111
47
00002020
00222200
00221102
00212122
00012212
00112120
01112211
11022111
31
00102020
00212200
00222222
00212222
00012212
00112120
01112211
11022111
72
00102020
00211110
00222112
00211212
02012212
00212120
01122211
11022111
38
00102020
00211110
00222112
00211212
02012112
00211120
22222211
11111111
14
00102020
00211110
00222112
10211212
02012112
20111120
22212211
11111111
21
01102020
00111112
00212122
10211212
02012112
20111120
22212211
11111111
22
01102020
01111112
00112122
10211212
02012112
22222220
22212211
11111111
23
01122020
01122112
01122222
10121222
02022112
22222220
22212211
11111111
15
01122020
01122112
22222222
10121222
12022112
11222220
12112211
11111111
35
01122020
22222112
22221222
10111222
11111112
11112220
12111211
11111111
61
01111120
22221112
22211222
10111222
11111122
11112222
12111211
11111111
24
22222220
22211112
21211222
11121222
11112122
11112222
12111211
11111111
81
