00000000
00000000
00000000
00012000
00022200
00000000
00000000
00000000
66
00000000
00000000
00000000
00012000
00022200
00002100
00000000
00000000
46
00000000
00000000
00000000
00012000
00012200
00012100
00002000
00000000
63
00000000
00000000
00000100
00011000
00012200
00012200
00002020
00000000
64
00000000
00000000
00200100
00021100
00012200
00012200
00002020
00000000
76
00000000
00000000
00200120
00021200
00012100
00011110
00002020
00000000
34
00000000
00000000
00200120
00111200
00012220
00011220
00002020
00000000
74
00000000
00000000
00220120
00112110
00012220
00011220
00002020
00000000
83
00000000
00000000
00220111
02222110
00012220
00011220
00002020
00000000
53
00000000
00000000
00221111
02221110
00011220
00222220
00002020
00000000
58
00000000
00000000
00221111
02221110
00011220
00222220
00021020
00001000
14
00000000
00000002
00221121
11111210
00012220
00222220
00021020
00001000
72
00000000
00020012
00222111
11111210
00012220
00222220
00021020
00001000
23
00000002
00020022
01111211
11112210
00022220
00222220
00021020
00001000
87
00000002
20020022
02111211
11211210
00022120
00222210
00021021
00001000
52
00000002
20021022
02211111
12211210
20022120
00222210
00021021
00001000
41
00010002
20011022
02211111
12211210
20022120
00222222
00021021
00001000
67
00010002
20011022
22211111
22211210
20022120
00222122
00021111
00001000
37
00010202
20012022
22221111
22211110
20021120
00212122
00111111
00001000
35
00010202
20012022
22221121
22211210
20112120
00122122
00211111
02001000
62
00010202
20011122
22221121
22211210
20112220
00122222
00212221
02001200
27
00010202
20011122
22221121
22211210
20112220
00122222
01122221
02022200
88
00010202
20011122
22221121
22211210
22222220
00222122
01122211
02022201
16
00010202
20011122
22211121
22111210
21222220
10222122
01222211
02222201
78
00010202
20011122
22211121
22111210
21212220
10221122
02222111
22222211
32
00012202
20122222
22212121
22112210
21212220
10221122
02222111
22222211
17
00222202
20222222
22212121
22112210
21212220
10221122
11111111
22222211
22
00222202
21222222
21112221
21112220
21212222
10221122
11111111
22222211
26
00222202
21222222
21112222
21112222
21112222
11111122
11111111
22222211
11
12222202
12222222
12112222
12112222
12112222
12111122
12111111
22222211
71
