00000000
00000000
00000000
00021000
00012000
00000000
00000000
00000000
65
00000000
00000000
00000000
00021000
00021100
00020000
00000000
00000000
37
00000000
00000000
00000000
00021000
00022220
00010000
00100000
00000000
34
00000000
00000000
00200000
00121000
00022220
00010000
00100000
00000000
56
00000000
00000000
00200000
00121000
00012220
00011200
00100000
00000000
74
00000000
00000000
00202000
00122010
00012120
00011200
00100000
00000000
85
00000000
00000000
00202000
00122010
00012211
00011220
00100000
00000000
86
00000000
00000000
00202000
00122010
00012211
00011211
00100200
00000000
43
00000000
00000000
00212000
00111012
00012121
00011211
00100200
00000000
77
00000000
00000000
00212000
00111222
00011221
00011211
00100210
00000000
57
00000000
00000000
00212000
00111222
00012221
00021211
00201110
02000000
83
00000000
00020000
00222001
00121211
00022121
00021211
00201110
02000000
35
00000000
00020000
00222001
00121211
00111121
00011221
00201120
02000020
32
02000000
00220000
00122001
00122211
00111221
00011221
00201120
02000020
63
02000000
00220000
00111101
00121111
00111121
00011221
00202120
02020020
41
02010000
00222000
00112101
00122111
00112121
00012221
00202120
02020020
31
02110000
00112000
00111101
00122111
00112121
00012221
00202220
02020220
87
02110000
00112000
00111101
02222111
00212121
00022211
00202221
02020220
62
02110200
00112200
00121201
02222211
00212221
00022211
00202221
02020220
73
02222200
00122200
00221111
02222211
00212221
00022211
00202221
02020220
72
02222200
00111110
00221111
02222211
00222221
00222211
00202221
02020220
25
02222202
00111120
00211211
02122211
01111111
00222211
00202221
02020220
15
02222222
00111220
00112211
01122211
11111111
00222211
00202221
02020220
82
02222222
00111111
20112211
02122211
11211111
00222211
00202221
02020220
26
02222222
00211111
22222211
02212211
11121111
01112111
00202221
02020220
88
02222222
00211111
22222211
02212211
11121111
01122111
00222211
02020221
27
02222222
00211111
22222211
02212211
12121111
22222111
01111111
02020221
17
02222222
00211111
22222211
02212211
12121111
11222111
12111111
22020221
38
02222222
00211111
22222211
22212211
22121111
21222111
21111111
22120221
58
02222222
00211111
22222211
22212211
22121111
21222111
21111111
22111111
12
02222222
12211111
22222211
22112211
22111111
21221111
21111111
22111111
11
