00000000
00000000
00000000
00222000
00021000
00000000
00000000
00000000
53
00000000
00000000
00001000
00221000
00022000
00000200
00000000
00000000
56
00000000
00000200
00002000
00221000
00021000
00001200
00000000
00000000
24
00000000
00000200
00202000
01121000
00022000
00001200
00000000
00000000
76
00000000
00000200
00202000
02121000
20022000
00001110
00000000
00000000
36
00000000
00000200
00202000
02121000
20012000
00102110
00002000
00000000
32
00000000
00120200
00202000
02121000
20012000
00102110
00002000
00000000
43
00000000
00120200
00212000
02111000
20012000
00102210
00002020
00000000
88
00200000
00220200
00212000
02111000
20011000
00102110
00002010
00000001
67
00200000
00220200
00222000
02112000
20011200
00101110
00002110
00000001
58
00200000
00220200
00222000
02112000
20011200
00102110
00021110
00001001
37
00200000
00220200
00222000
02122000
20021200
00122110
00111110
00001001
74
00200000
00220200
02222000
02222010
20021100
00121110
00111110
00001001
52
00200000
00221200
02221000
02221010
20021100
00122222
00111110
00001001
21
01200000
00121200
02211000
02221010
20021100
00122222
00121110
00201001
14
22200000
00121200
01211000
11111010
20021100
00122222
00121110
00201001
48
22200000
00121200
01222200
11111010
20011100
00112222
00111110
00211001
28
22200000
00121200
01222200
11111020
20011102
00112222
00111110
01111001
41
22210000
02222200
01212200
11111020
20011102
00112222
00111110
01111001
51
22211000
02211200
01111200
11112020
20021102
00212222
02111110
01111001
72
22211000
02211110
01111200
11112020
20021102
00212222
02111220
01111021
25
22211000
02211110
22222200
21112020
21021102
00112222
02111220
01111021
12
22211002
11111120
21222200
21112020
21021102
00112222
02111220
01111021
18
22211002
11111120
21222200
22222020
22221102
00112222
01111220
11111021
73
22222202
11112120
21121110
22222020
22221102
00112222
01111220
11111021
26
22222202
11112120
21121110
21212020
21121102
01112222
22222220
11111021
83
22222202
11122220
21122211
21212210
21122202
01122222
22222220
11111021
68
22222202
11122220
21122221
21212222
21122202
01112222
22221220
11111111
87
22222202
11122220
21112221
21211221
21122221
01112211
22221111
11111111
16
22222202
11122220
11112221
11211221
11122221
11112211
11221111
11111111
82
