00000000
00000000
00000000
00021000
00012000
00000000
00000000
00000000
34
00000000
00000000
00000000
00111000
00222000
00000000
00000000
00000000
46
00000000
00000000
00000000
00111000
00212000
00020000
00002000
00000000
26
00000000
00000000
00000000
00111000
02222000
01020000
00002000
00000000
36
00000000
00000000
00020000
00221000
02122000
01120000
00002000
00000000
33
00000000
00000000
00120000
00122000
02122200
01120000
00002000
00000000
56
00000000
00000000
00120000
02222000
02212200
01121000
00002000
00000000
14
00000000
00020000
00220000
12222000
01212200
01121000
00002000
00000000
64
00000000
00020000
20220000
12111100
01212200
01121000
00002000
00000000
74
00000000
00020000
20220000
12111110
01212100
02121000
20002000
00000000
66
00000000
00020000
20220000
12121110
01212100
02121200
20002020
00000000
52
00000000
00021000
20210000
22121110
22212100
02121200
20002020
00000000
23
00000000
00021000
21110200
22121210
22212200
02121200
20002020
00000000
76
00000000
00221000
22210200
22221210
22212100
02121110
20002020
00000000
22
00000000
01111000
22222200
22222210
22212100
02122110
20002020
00000000
58
00000000
01111000
22221200
22221210
22221200
02122210
20001220
00001000
75
00000000
01111000
22221200
22221110
22221110
02122222
20001220
00001000
85
00000000
01111200
22222200
22221110
22221111
02122212
20001120
00001000
12
00000000
11111200
21222200
22121110
22211111
02121212
20002220
00001200
27
00000000
11111200
21222200
21122222
21211122
01121212
21002220
00001200
72
00000000
11111110
21222220
21121222
21211122
01121212
21002220
00001200
16
00000000
11111110
11222220
11121222
11211122
11121212
21002220
00022200
47
00000200
11112210
11222220
11121222
11211122
11111212
21012220
00022200
71
00000210
11112110
11221220
11211222
11212122
11221212
22222220
00022200
78
00000210
11112222
11221220
11211222
11212122
11221212
22222110
00022210
38
00000210
11112222
11121220
11111222
11112122
11121212
21212110
02111110
81
00020211
11122212
11121120
11111222
11112122
11121212
21212110
02111110
18
02020211
11222212
11121120
11111222
11112122
11121212
11212110
11111110
31
02120211
11112222
11121122
11111222
11112122
11121212
11212110
11111110
51
22111111
12111222
11221122
11121222
11112122
11121212
11212110
11111110
87
