00000000
00000000
00000000
00222000
00021000
00000000
00000000
00000000
53
00000000
00000200
00002000
00221000
00021000
00000000
00000000
00000000
36
00000000
00000200
00002000
00222000
00022000
00102000
00000000
00000000
63
00000000
00000200
00002100
00221000
00222000
00102000
00000000
00000000
57
00000000
00000200
00002100
00221000
00222200
00101000
00001000
00000000
76
00000000
00000200
00002100
00221000
00222100
00201010
02001000
00000000
43
00000000
00000220
00011200
00222000
00222100
00201010
02001000
00000000
26
00000000
00000220
00222200
00222000
00122100
01201010
02001000
00000000
71
00000010
00000120
00221200
00212000
00122220
01201010
02001000
00000000
46
00000010
00000120
00221200
00212000
00112220
01112010
02002000
00002000
32
00000010
02100120
00211200
00121000
00112120
01112010
02002000
00002000
47
00000010
02100120
00211200
00121000
00112120
01111020
02012020
00002000
87
00000010
02100120
00211200
02221000
00212120
01121010
02012021
00002000
12
00000010
11100120
00211200
02221000
02212120
02221010
02022021
00002000
23
00000010
11100120
22222200
02121000
02212120
02221010
02022021
00002000
74
00000210
11100220
22222200
02121010
02212110
02221010
02022021
00002000
18
00000210
11100220
22222220
02121020
02212120
02121020
01022021
10002000
78
00000210
11100220
22222222
02121020
02212210
02122010
01022011
10002010
52
00000210
11101220
22211222
02121020
02212210
02222010
01222011
10002010
17
02000210
12201220
22221222
02112020
02112210
01222010
11222011
10002010
38
02000210
12201220
22221222
02112020
02112210
22222010
11122011
10102010
42
02200210
12211220
22211222
02112020
02112210
22222010
11122011
10102010
81
02200211
12221210
22212222
02222220
02112210
22222010
11122011
10102010
82
02200211
12221211
22212212
02222120
02111210
22212010
11222011
10122010
67
02200211
12221211
22212212
02222120
02112210
22222210
11112111
10122010
14
02200211
12221211
12212212
12111120
22222210
22122210
11112111
10122010
85
02200211
12221211
12212112
12111110
22222211
22122210
12212111
12222010
11
12200211
11221211
12112112
12111210
22222221
22122222
12212111
12222010
84
12200211
11221211
12112111
12111211
22222221
22122222
12212221
12222210
41
11110211
11111211
11112111
12111211
22222221
22122222
12212222
12222222
51
