00000000
00000000
00000000
00021000
00012000
00000000
00000000
00000000
56
00000000
00000000
00000000
00022200
00011000
00001000
00000000
00000000
73
00000000
00000000
00000010
00022100
00012000
00002000
00002000
00000000
67
00000000
00000002
00000020
00022200
00012000
00001000
00002100
00000000
65
00000000
00000002
00000020
00022200
00021100
00201000
00002100
00000000
58
00000000
00000002
00000020
00022200
00022100
00221000
00001100
00001000
34
00000000
00000002
00000020
00122200
00012200
00221020
00001100
00001000
27
00000000
00000002
00000020
00122200
00222200
00121020
01001100
00001000
24
00000000
00000002
00000020
01122200
02222200
00111020
01001100
00001000
14
00000000
00000002
00000020
11122200
01222200
00122020
01021100
00001000
85
00000000
00000002
02000020
11222200
01222201
00122010
01021100
00001000
43
00000000
00000002
02010020
11121200
01222101
00122010
01022100
00001200
22
00000000
01000002
01010020
11121200
01222101
00122010
01022220
00001200
63
00000000
01000002
01010120
11121100
01222101
00222010
01222220
00001200
87
00000000
01000002
01010120
11121100
22222101
00222010
01111111
00001200
16
00000000
01000002
21010120
12121100
11222101
10222010
01111111
00001200
78
02000000
02000002
22010120
12121100
11222101
10222010
01111111
00001110
12
02000000
12000002
11010120
12121100
11222101
10222010
01221111
00201110
31
02100000
11020002
11020120
12121100
11222101
10222010
01221111
00201110
32
02100000
11120002
11010120
12122220
11222201
10222010
01221111
00201110
52
02100000
11111022
11010220
12122220
11222201
10222010
01221111
00201110
75
02100000
11111022
11010220
12122220
11111111
10222010
22221111
00201110
53
02100000
11111022
11011220
12111120
12111111
12222010
22221111
00201110
81
02100001
11111222
11012120
12121120
12211111
12222010
22221111
00201110
11
11102001
11112222
11012120
12121120
12211111
12222010
22221111
00201110
83
11102001
11112221
11012121
12122222
12211111
12222010
22221111
00201110
41
11112001
11121221
11222121
12222222
12211111
12222010
22221111
00201110
61
11111101
11121111
11222121
12222222
12211122
12222012
22221111
00201110
28
11111101
11121111
11222121
11222222
11211122
11212012
21121112
01201112
66
11111101
11121111
11222121
11222222
11211122
11211112
22121112
22201112
48
