00000000
00000000
00000000
00021000
00012000
00000000
00000000
00000000
43
00000000
00000000
00210000
00021000
00012000
00000000
00000000
00000000
34
00000000
00000000
00222000
00112000
00012000
00000000
00000000
00000000
65
00000000
00000000
00222000
00222000
00211100
00000000
00000000
00000000
42
00000000
00010000
00212000
00212000
00221100
00200000
00000000
00000000
62
00020000
00020100
00221000
00222000
00221100
00200000
00000000
00000000
23
00020000
00020100
01111000
00222000
00222100
00202000
00000000
00000000
57
00020000
00020100
01112000
00222200
00221100
00201000
00001000
00000000
73
00020000
00020100
22222010
00222100
00221100
00201000
00001000
00000000
52
00020000
00021100
22221010
00221100
00221100
00202000
00001200
00000000
47
00020000
00022100
22222210
00222100
00221100
00201000
00011200
00000000
51
00021000
00021100
22221210
00221200
00222200
00201200
00011200
00000000
24
00021000
00011102
22121220
01111200
00222200
00201200
00011200
00000000
25
00021020
00011202
22122220
01121200
01222200
00101200
00011200
00000000
76
00021020
00011202
22122220
01122200
01222200
00101120
00011202
00000000
86
00021020
00011202
22122220
01122200
01222200
00102111
00021202
00200000
58
00022220
00012202
22122220
01122200
01222200
00102111
00011102
00201000
46
00022220
00012202
22122220
01212200
02112200
20111111
00011102
00201000
12
00022220
10012202
21122220
01112200
02112202
20111112
00011102
00201000
14
00022220
10012202
11122220
11112200
01122202
20211112
02011102
00201000
74
00022220
10012202
11122220
11111110
01122102
20211212
02011122
00201000
18
00022220
10012202
11122220
11121110
01122102
20121212
01022122
10221000
72
00022220
10222222
11122110
11121110
01122102
20121212
01022122
10221000
68
00022220
10222222
11122110
11121110
01222102
22222212
01021122
10221100
21
01222220
10222222
11212110
11221110
01222102
22222212
01021122
10221100
28
01222220
12222222
12212110
12221110
02222102
22222212
01021122
11111100
15
01222220
12222222
12212110
12221110
11111102
22222212
01021222
11111120
37
01222220
12222222
12212120
12222222
11111102
21112212
01111222
11111120
17
22222220
12222222
12212120
12222222
11111102
11112212
11111222
11111120
83
22222220
12222222
12212121
12222222
11111122
11112222
11111222
11111120
81
22222221
12222211
12212121
12222222
11111122
11112222
11111222
11111120
88
