00000000
00000000
00000000
00021000
00012000
00000000
00000000
00000000
43
00000000
00000000
00012000
00012000
00012000
00000000
00000000
00000000
66
00000000
00000000
00222000
00012000
00011000
00000100
00000000
00000000
64
00000000
00000000
00222000
00021100
00211000
00000100
00000000
00000000
25
00000000
00000000
00222000
00022220
01111000
00000100
00000000
00000000
73
00000000
00000000
00222010
00022120
01112000
00000200
00000020
00000000
75
00000000
00000000
00222010
00022110
01212010
02000200
00000020
00000000
46
00000000
00000000
00222010
00022110
01211010
02020200
00002020
00000000
37
00000000
00000000
00222010
02022110
02211010
02010200
00102020
00000000
15
00000000
00000000
00222010
02022110
11121010
01210200
00102020
00000000
62
00000000
00000100
00221010
02012110
11121010
01210200
00202020
00200000
42
00000000
00010100
00111010
01012222
11121020
01210200
00202020
00200000
68
00000000
00210100
00121010
01012222
11121020
01210200
00201020
00200100
28
00000000
02210100
00221010
01022222
11122020
01210200
00101020
01200100
56
00000000
02210100
00221010
01022222
11122220
01211200
00101020
01200100
12
00000000
11110100
00221010
01022222
11122220
01212200
00102020
01202100
48
00000000
11112100
00222010
01022222
11122220
01212200
00102020
01111100
88
00000000
11112100
00122010
21012222
12121220
01212100
00102010
01111101
76
00000000
11112100
02222010
22011212
12121110
01212110
00102010
01111101
63
00000000
11112220
02222210
22012112
12121110
01212110
00102010
01111101
51
00001000
11111120
02221210
22011112
12121110
01222110
00122010
01111101
67
02001000
12211120
02221210
22011112
12121110
01222110
00111110
01111101
27
02001000
12211120
02221210
22011112
22111110
22222110
01111110
01111101
82
02001000
12211111
02221210
22011112
22111110
22222110
01111210
01111121
13
02001000
12211111
11211210
22222222
22221110
22222110
01111210
01111121
31
02101200
11112211
11121210
22222222
22121110
22122110
01111210
01111121
11
11101200
11112211
11121210
22222222
22121210
22122120
01111222
01111121
86
11101200
11112211
11121210
22222222
22121210
22222111
02111211
22222221
71
11101110
11112111
11121222
22222222
22121210
22222111
02111211
22222221
85
11101112
11112121
11121221
22222221
22121211
22222111
02111211
22222221
17
