00000000
00000000
00000000
00222000
00021000
00000000
00000000
00000000
35
00000000
00000000
00000000
00222000
00122000
00002000
00000000
00000000
53
00000000
00000000
00021000
00222000
00122000
00002000
00000000
00000000
33
00000000
00000200
00112000
00122000
00122000
00002000
00000000
00000000
64
00000000
02000200
00212000
00121100
00122000
00002000
00000000
00000000
32
00000000
02100200
00112200
00122100
00122000
00002000
00000000
00000000
73
00000000
02100200
00111110
00122100
02222000
00002000
00000000
00000000
16
00000000
02100200
00111110
00122220
01222000
10002000
00000000
00000000
85
02000000
02200200
00121110
00122210
01222001
10002000
00000000
00000000
31
02100000
02100200
00121120
00122222
01222001
10002000
00000000
00000000
13
02100000
01100220
10121220
00122222
01222001
10002000
00000000
00000000
71
02100010
01120120
10122220
00122222
01222001
10002000
00000000
00000000
75
02102010
01110210
10121220
00122112
01222011
10002000
00000000
00000000
11
11102012
01110220
10121220
00122112
01222011
10002000
00000000
00000000
65
11102012
01110220
12222220
00221112
01121111
10002000
00000000
00000000
14
11102012
21110220
12222220
10221112
01121111
10002000
00000000
00000000
61
11102112
21110120
12222120
10221112
01221111
10202000
00000000
00000000
41
11111112
21110120
12222120
10221212
01222111
10222000
00000000
00000000
57
11111112
21110120
12222120
10222212
01222111
10222000
00002000
00002000
27
11111112
21110120
12222120
10221212
01212111
10222000
01202000
00002000
52
11111112
21111120
12211120
10121222
01212121
10222020
01202000
00002000
26
11111112
21111120
12211120
10111222
01112122
11222022
01202000
00002000
66
11111112
21111120
12211120
10111222
01111122
11111122
22202000
00002000
18
11111112
21111120
12211120
12222222
01211122
11121122
11202000
10002000
77
11111112
21111110
12211110
12222212
01211212
11121122
11202012
10002000
48
11111112
22222222
12211120
12222212
01211212
11121122
11101012
10012000
47
11111112
22222222
12211120
12222212
01211212
11111122
11111022
10012020
83
11111112
22222212
12211111
12222212
01211212
11212122
11221022
10222020
15
11111112
22212212
12111111
12222212
12211212
12212122
12221022
12222020
88
11111112
22212212
12111111
12222211
12211211
12212221
12222211
12222021
68
