00000000
00000000
00000000
00012000
00022200
00000000
00000000
00000000
46
00000000
00000000
00000000
00012000
00022200
00210000
00000000
00000000
64
00000000
00000000
00000200
00012200
00021200
00210000
00000000
00000000
53
00000000
00000000
00001200
00011200
00021200
00222000
00000000
00000000
35
00000000
00000000
00001200
00011200
02222200
00222000
00000000
00000000
72
00000000
00020010
00002100
00011200
02222200
00222000
00000000
00000000
27
00000000
00020010
00022100
00022200
02222200
00122000
01000000
00000000
14
00000000
00020010
00022100
10022200
01222200
00222000
02000000
20000000
47
00000000
00020210
00022200
10022200
01222200
00122000
02010000
20000000
75
00000002
00020220
00022200
10022200
01111110
00122000
02010000
20000000
71
00000012
00020120
00021200
10012200
01111120
00122002
02010000
20000000
66
00000012
00020120
00021200
10012200
01112120
00112202
02012000
20000000
77
00000012
00020120
00021200
10222200
01121120
00112102
02012010
20000000
82
00000012
00020111
00021200
10222200
01122120
00112202
02012020
20000002
85
00000012
00020111
00021200
10222200
01122211
00112222
02012020
20000002
31
00100012
00012111
00022200
10222200
01122211
00112222
02012020
20000002
68
00100012
00012111
00022200
10222220
01122221
00112222
02011020
20000102
83
00100012
00222111
00022201
10222210
01122121
00111222
02011020
20000102
51
00101012
00221111
00021201
10221210
01121121
00121222
02022020
20020102
37
00101012
00221111
00021201
10221210
01221121
00211222
02222020
20220102
78
00121012
00222111
00021201
10221210
01221111
00211212
02222010
20220112
28
00121012
00222111
00021201
10221210
02221111
20211212
02122010
21220112
26
00121012
00222111
00021201
12211210
02221111
21121212
01122010
21220112
23
00121012
00222111
21021201
12111210
01211111
21121212
01122010
21220112
33
00121012
00112111
21111201
12111210
01211111
22121212
22222010
21220112
58
02221012
00112111
21111201
12111210
01211111
22121212
22211010
21111112
67
02221012
00212111
21121201
12112210
01211211
22121122
22222222
21111112
61
02221112
02211111
22211201
12122210
01212211
22121222
22222222
21111112
73
02221112
02211111
22211111
22122110
22211211
22111222
22122222
21111112
11
11111112
01211112
22111112
22112222
22211222
22111222
22122222
21111112
12
