00000000
00000000
00020000
00022000
00021000
00000000
00000000
00000000
53
00000000
00000000
00022200
00022000
00021000
00000000
00000000
00000000
33
00000000
00000000
00122200
00222000
00021000
00000000
00000000
00000000
73
00000000
00000000
00111110
00222000
00022200
00000000
00000000
00000000
25
00000000
00000000
00111110
02222000
01022200
00000000
00000000
00000000
23
00000000
00000020
01111210
01222000
01022200
00000000
00000000
00000000
46
00000000
00000020
01111222
01212000
01012200
00010000
00000000
00000000
56
00000000
00200020
01221222
01212000
01011200
00011000
00000000
00000000
22
00000000
01200020
22221222
01212000
01011200
00011000
00000000
00000000
42
00000000
01110020
22111222
22212000
01011200
00011000
00000000
00000000
75
00000000
01110020
22111222
22212000
01021110
00012000
00000200
00000000
64
00000000
01110020
22111222
22211100
02021110
00222000
00000200
00000000
16
00000000
01110020
22111222
22111100
01022222
10222000
00000200
00000000
81
00000201
01110020
22111122
22111100
01022222
10222000
00000200
00000000
66
02000201
02110020
22111122
22111100
01021122
10222100
00000200
00000000
47
02000201
02110020
22111122
22222220
01011122
10111100
00010200
00000000
84
02002201
02120020
22211122
22222221
01011112
10111100
00010200
00000000
12
02202201
12220020
21211122
22122221
01011112
10111100
00010200
00000000
62
02202201
12220120
21211112
22122221
01011222
10111120
00010200
00000000
11
12202201
11220120
21111112
22112221
01021222
10211120
02010200
00000000
77
12202201
11220122
21111122
22112211
01021212
10211110
02010210
00000000
57
12202201
11220122
21111122
22112211
01021212
10211120
02011112
00000000
26
12202201
11220122
21111122
22112211
01022212
11121120
02222222
00000000
58
12202201
11220122
21111122
22112211
01022222
11121122
02211222
00001000
38
12202201
11220122
21211122
22212211
01222222
11121122
01111222
00101000
68
12202201
11222222
21222222
22212221
01222222
11121122
01111122
00101100
88
12202201
11222222
21222222
22212221
01222221
12121121
21111111
00101101
71
12202211
11222112
21221212
22212211
01222211
12122111
21111211
00101121
41
11111111
11111112
21211112
22212211
01222211
12122111
22211211
02101121
15
11111111
11111112
11111112
11212211
11222211
12122111
22221211
02222221
18
