00000000
00000000
00000000
00021000
00012000
00000000
00000000
00000000
34
00000000
00000000
00200000
00121000
00012000
00000000
00000000
00000000
32
00000000
00100000
00100000
00121000
00222000
00000000
00000000
00000000
56
00200000
00200000
00200000
00221000
00211000
00001000
00000000
00000000
22
00200000
22200000
00100000
00211000
00211000
00001000
00000000
00000000
26
00200000
22200000
00100000
00222200
00111000
01001000
00000000
00000000
73
00200000
22200000
00100010
00222100
00221000
01201000
00000000
00000000
11
10200000
21200000
00100010
00222100
00222000
01201200
00000000
00000000
37
10200000
21200000
02100010
00222100
00122000
01101200
00100000
00000000
13
10200000
11200000
12100010
20222100
00122000
01101200
00100000
00000000
76
10200000
11200000
12220010
20222100
00122000
01101110
00100000
00000000
15
10200000
11200000
12220010
10222100
10122000
01201110
02100000
00000000
28
10200000
11200000
12220010
10222100
10122000
01201210
01100020
01000000
53
10200000
11200000
11111210
10212100
10121000
01201210
01100020
01000000
78
10200000
11200000
11111222
10212100
10121000
01201210
01100010
01000010
82
10200000
11200001
11111212
10212100
10122000
01202210
01102010
01000010
41
10210000
11100001
11111212
10212220
10122000
01202210
01102010
01000010
58
10210002
11100002
11111212
10211220
10121000
01201210
01101010
01001010
21
11110002
11100002
11111212
10211220
10121000
01201210
01101020
01001012
24
11110002
11100002
11111212
11111220
10121000
22201210
01101020
01001012
25
11110002
11120002
11122212
11121220
11121000
21201210
01101020
01001012
84
11110002
11120002
11122212
11121111
11121000
21201210
01102020
01021012
72
11110002
11120012
11122112
11121111
11121000
21201222
01102020
01021012
38
11110002
11120012
11122112
11121111
11121000
21201222
02102020
21111012
47
11110002
11120012
11122112
11121111
11121000
21102222
02112220
21111012
62
11110002
11120112
11121112
11111111
11121000
21102222
02112220
22222222
46
11110002
11120112
11121112
11112121
11111200
21112222
02112220
22222222
51
11111022
11110122
11121122
11112121
11111200
21112222
02112220
22222222
87
11111022
11112222
11122222
11212121
12112100
21112212
02111111
22222222
75
11111022
11112222
11122222
11212122
12112222
21112122
02111211
22222222
17
11111022
11112222
11122222
11212122
12112222
11112122
11111211
22222222
61
