00000000
00000000
00000000
00021000
00012000
00000000
00000000
00000000
65
00000000
00000000
00000000
00022200
00011100
00000000
00000000
00000000
53
00000000
00000200
00002000
00021200
00011100
00000000
00000000
00000000
34
00000000
00000200
00002000
00111200
00012100
00020000
00000000
00000000
63
00000000
00000200
00002220
00111200
00012100
00020000
00000000
00000000
61
00000100
00000100
00002120
00121100
00222100
00020000
00000000
00000000
56
00000100
00000100
00002120
00121100
00212100
00022200
00000000
00000000
43
00000100
00000100
02011120
00211100
00222100
00022200
00000000
00000000
77
00000100
00000100
02222220
00211100
00221100
00022100
00000010
00000000
36
00000120
00000200
02222220
00211100
00211100
00111100
00000010
00000000
81
00000111
00000200
02222220
00211200
00222220
00111100
00000010
00000000
72
00000111
00000210
02222120
00211200
00222220
00111200
00000020
00000002
22
20000111
02000210
02222120
00221200
00222220
00111200
00000020
00000002
42
20000111
02210210
02222120
00212200
00212220
00111200
00000020
00000002
52
20020111
02221110
02221120
00211200
00211220
00111200
00000020
00000002
26
20020111
02221110
02221120
00211200
02222220
01111200
00000020
00000002
31
20120111
02112110
02121220
00111220
02122220
01111200
00000020
00000002
15
20120111
02112110
02121220
00111220
11122220
01112200
00002020
00000002
82
22220111
02212111
02121210
00111120
11121220
01112200
00002020
00000002
68
22220111
02212111
02121210
00111120
11121220
01212200
02001020
00000102
84
22220111
02212111
02121210
00111121
11121222
01212100
02001020
00000102
76
22220111
02212111
02121222
00111122
11121212
01212110
02001020
00000102
18
22220111
02212111
02221222
00211222
11212212
01222110
01201020
10000102
48
22220111
02212111
02221222
00211222
11212212
01222110
01201020
10210102
47
22220111
02212111
02221222
00211222
12212212
22222110
02111020
10210102
28
22220111
02212111
02221222
20211222
22212212
22222110
02111020
11110102
24
22220111
02212111
02121222
21111222
21112222
21212222
01111020
11110102
67
22220111
02212111
02121122
21211122
21122122
21212122
01111220
11110122
13
22220111
02212111
11121122
21211122
21122122
21212122
22222220
11110122
87
22222111
02222211
11221121
22211121
21122121
21212111
22222221
11110122
12
