00000000
00000000
00000000
00021000
00012000
00000000
00000000
00000000
65
00000000
00000000
00000000
00021000
00021100
00020000
00000000
00000000
34
00000000
00000000
00000000
00111200
00022100
00020000
00000000
00000000
66
00000000
00000000
00000000
00111200
00021200
00020200
00000200
00000000
76
00000000
00000000
00020000
00121200
00021100
00020210
00000200
00000000
74
00000000
00000000
00020000
00121110
00021100
00020222
00000200
00000000
33
00000000
02000000
00220000
00121110
00022100
00020222
00000200
00000000
32
00000000
02100000
00112000
00122110
00022100
00020222
00000200
00000000
56
00000000
02100000
00112020
00122210
00012100
00021222
00000200
00000000
68
00000000
02100000
00112020
00122210
00012100
00021122
00000200
00002100
11
10000000
01100000
00112020
02222210
00012100
00021122
00000200
00002100
36
10000000
01100000
00112020
02222210
00012100
00111222
00000220
00002100
25
10000000
01100000
00112020
02122210
01012100
00111222
00000220
00002220
72
10000000
01100010
00112010
02122210
01222100
00111222
00000220
00002220
23
10000000
01100010
01112010
01122210
22222100
00111222
00000220
00002220
16
10000000
01100010
01112010
01122210
21222100
10211222
02000220
00002220
87
10200000
01200010
01212010
01222210
21222100
10211212
02000221
00002220
47
10200000
01200010
01212010
01222210
21222100
20111212
22010221
00002220
88
10200000
01220010
01222010
02222210
21221100
20111112
22010211
00002221
14
10200000
02220010
22222010
22111110
21221100
20111112
22010211
00002221
18
10200000
02220010
22222010
22111210
21222220
20111122
21010221
10002221
85
10200000
02220010
22222010
22211210
21212111
20221121
22210221
10002221
62
10200020
02220220
22222020
22221220
21212121
20221121
22210221
10002221
48
10200020
02220220
22222220
22222220
21222121
20221121
22210221
10011111
41
10210020
02210220
22212220
22212220
22212121
22211121
22210221
10011111
12
10210020
11110220
11212220
12112220
12212121
12222221
12222221
10011111
52
12210020
12211220
12221120
12112210
12211221
12221221
12221221
10011111
83
12210220
12212220
12221111
12112210
12211221
12221221
12221221
10011111
28
12222220
12222220
12221111
12112210
12211221
12211221
12121221
11011111
84
12222220
12222222
12221121
12112211
12211211
12211121
12121221
11011111
38
12222220
12222222
12221121
12112211
12211211
12211121
11111221
11111111
81
