00000000
00000000
00000000
00021000
00012000
00000000
00000000
00000000
34
00000000
00000000
00200000
00121000
00012000
00000000
00000000
00000000
65
00000000
00000000
00200000
00122200
00011100
00000000
00000000
00000000
32
00000000
00100000
00100000
02222200
00011100
00000000
00000000
00000000
35
00000000
00100000
00100000
02122200
00121100
00200000
00000000
00000000
56
00000000
02100000
00200000
02122200
00111100
00201000
00000000
00000000
37
00000000
02100000
00200000
02122200
00112100
00102000
00102000
00000000
47
00000000
02220000
00200000
02122200
00112100
00101000
00112000
00000000
43
00000000
02220000
00210000
02211200
00212100
00201000
00212000
00200000
23
00000000
02220000
02110000
22111200
00212100
00201000
00212000
00200000
13
00000000
02220000
11110000
22111200
00212200
00201200
00212000
00200000
76
00000000
22220000
21110000
22111200
00212100
00201110
00212000
00200000
48
00000000
22220000
21110000
22111220
00212200
00202110
00221000
00210000
75
00000000
22220000
21110000
22111220
00211120
00202222
00221000
00210000
63
00000000
22220000
21120100
22121120
00221120
00222222
00221000
00210000
67
00000000
22220000
21120120
22121220
00212120
00221122
00221100
00210000
41
00010000
22222000
21110220
22111220
00212120
00221122
00221100
00210000
11
10010000
21222000
21120220
22211220
02212120
00221122
00221100
00210000
84
10010000
21222000
21120220
22211211
02212210
00221222
00222200
00210200
31
10110000
21122000
21120220
22211221
02212222
00221222
00222200
00210200
15
12110000
11222000
11120220
11211221
11112222
00221222
00222200
00210200
72
12110000
11222010
11120122
11211222
11112222
00221222
00222200
00210200
58
12110020
11222020
11120122
11211222
11112222
00121222
00211200
00211200
81
12110021
11222210
11120222
11211222
11112222
00121222
00211200
00211200
27
12110021
11222210
11122222
11212222
11112222
00121222
01111200
00211200
51
12111021
12211210
12122222
12221222
12211222
02221222
01111200
00211200
77
12111021
12211210
12122212
12221212
12211212
02221112
02211110
02211200
17
12111021
12211210
12122212
12221212
12211212
22221112
12111110
02211200
18
12111021
12211210
12122212
12221212
12211212
22121122
11111112
11111200
78
12111021
12211222
12122222
12221212
12211212
22121122
11111112
11111110
61
