00000000
00000000
00020000
00022000
00021000
00000000
00000000
00000000
35
00000000
00000000
00020000
00022000
00121000
00020000
00000000
00000000
53
00000000
00000000
00021000
02011000
00221000
00020000
00000000
00000000
47
00000000
00000000
00021000
02021000
00221000
00020000
00020000
00020000
36
00000000
00000000
00021000
02021000
02211000
00220000
00020000
00020000
33
00000000
00000000
00111000
02011000
02222200
00220000
00020000
00020000
27
00000000
00000200
00112000
02021000
02212200
00120000
01020000
00020000
34
00000000
00020200
00222000
02121000
02122200
00120000
01020000
00020000
58
00000000
00020200
00222000
02221000
02222200
00220000
01210000
00021000
52
00000000
00021200
00221000
02221000
02222200
00220000
02210000
20021000
14
00000000
00021200
00221000
11111000
01222200
00120000
02222000
20021000
56
00000200
00022200
00221000
11111000
01211200
00111000
02221000
20021000
22
00000200
01022200
00121000
11211000
02211200
20111000
02221000
20021000
38
00000200
01222200
00221000
11211000
02211200
20111000
02111000
20111000
74
00000200
01222200
00221000
11211010
02221100
20112000
02222200
20111000
23
00000200
01222200
01121000
11212010
02221200
20112020
02222200
20111000
78
00000200
01222200
22221000
12112010
02211200
20111020
02222100
20111010
41
00010200
01112200
21211000
12112210
02212200
20121020
02222100
20111010
85
00012200
01122200
21211000
12112210
02212201
20121010
02222100
20111010
63
00012200
01121200
21211100
12111210
02212201
20122210
02222100
20111010
71
00011110
01121100
21211100
12111210
02212201
20122220
02222102
20111010
26
20011110
02121100
21211100
11111210
01112201
21122220
02122102
20111010
12
20011110
11122220
11211200
11112210
01122201
21222220
02122102
20111010
68
20011110
11122220
11211202
11112220
01122201
21212220
02121102
20111110
84
20011110
11122220
11211202
11111111
01122201
21212220
02122222
20111110
81
20011111
11122210
11212102
11121111
01222201
22212220
22122222
20111110
86
20211111
11222210
11212102
11121111
01222201
22211111
22122212
20111110
73
20211111
21222110
21212112
22121111
22222201
22211111
22122212
20111110
28
20211111
21222222
21212122
21121211
21222201
21211111
21122212
21111110
88
20211111
21222222
21212122
21121221
21222221
21211211
21122211
21111111
21
