00000000
00000000
00000000
00012000
00022000
00002000
00000000
00000000
64
00000000
00000000
00200000
00021100
00022000
00002000
00000000
00000000
36
00000000
00000000
00200000
00221100
00022000
00102000
00000000
00000000
46
00000000
00000000
00200000
00222220
00021000
00112000
00000000
00000000
73
00000000
00000000
00200010
00222120
00022000
00112200
00000000
00000000
84
00000000
00000002
00200020
00222211
00022000
00112200
00000000
00000000
62
00000000
00000102
00200010
00222211
00022000
00122200
00020000
00000000
37
00000000
00000102
00200010
00222111
02021000
00212200
00120000
00000000
43
00000000
00000102
00222010
00212111
02011000
00212200
00120000
00000000
67
00000000
00000102
00222010
00222111
02211000
00211200
00120100
00000000
65
00000000
00000102
00222020
00222211
02212100
00221100
00220100
02000000
22
00000000
01000102
00122020
00212221
02222220
00221100
00220100
02000000
42
00000020
01010202
00112020
00212221
02222220
00221100
00220100
02000000
52
00200020
01021202
00112020
00211221
02221220
00221100
00220100
02000000
76
00200020
01021202
00212020
02211221
02221120
00221110
00220100
02000000
38
00200020
01021202
00212020
02212221
02222120
00222210
00222100
02100000
58
00200020
01021202
00211020
02211221
02221120
00221220
00222220
02101000
48
00200020
01221202
00221020
02212221
02211210
00211120
00211220
02111000
14
00200020
01221202
00221020
11112221
01211222
00111120
00211220
02111000
86
00200020
22221202
00221020
11112121
01211211
00111111
00211220
02111000
23
00202020
22222202
01112020
11112121
01211211
00111111
00211220
02111000
83
00202020
22222202
01112021
11112111
01211111
00121111
00212220
02222200
81
00202021
22222201
02112021
12112111
02211111
02221111
00212220
02222200
63
00202021
22222221
02111221
12112121
02221121
02221121
00212220
02222200
16
00202021
22222221
02111221
12112121
01221121
12111121
20212220
02222200
15
00202021
22222221
02111221
11112121
11221121
12211121
22212220
02222200
88
00202021
22222221
22111221
22112121
21221121
22211121
22212210
02222201
21
01222021
21222221
22111221
21112121
21221121
22211121
22212210
02222201
87
01222021
21222221
22111221
21112121
21221121
22211121
22212221
02222221
18
22222021
22222211
22211121
21121121
21212121
22111221
21212221
11111111
61
