00000000
00000000
00000000
00012000
00022000
00002000
00000000
00000000
64
00000000
00000000
00002000
00012100
00022000
00002000
00000000
00000000
46
00000000
00000000
00002000
00012220
00011000
00012000
00000000
00000000
57
00000000
00000000
00002000
00022220
00211000
00011000
00001000
00000000
52
00000000
00021000
00002000
00021220
00211000
00011000
00001000
00000000
73
00000000
00021000
00002010
00021120
00222200
00011000
00001000
00000000
43
00000000
00021000
00012010
00011120
00212200
00021000
00002000
00000200
83
00000000
00021002
00012021
00011210
00212100
00021000
00002000
00000200
41
00210000
00021002
00012021
00011210
00212100
00021000
00002000
00000200
66
00210000
00021002
00012021
00011210
00211100
00022220
00002000
00000200
21
01110000
00021002
00222021
00021210
00212100
00022220
00002000
00000200
75
01110000
00011002
00222221
00021210
00212210
00022220
00002000
00000200
25
01110000
00011002
00222221
00021220
01112222
00022220
00002000
00000200
58
01110000
00011002
00222221
00021220
01111222
00022220
00021000
00001200
72
01110000
00011012
00222121
00021220
22222222
00022220
00021000
00001200
23
01110000
02011012
01211121
00021220
22222222
00022220
00021000
00001200
13
01110000
01011012
11211122
00021222
22222222
00022220
00021000
00001200
48
01110000
01011012
11211122
00011222
22212222
00222220
00011000
00011200
77
01110000
01011012
11211112
00021212
22212212
00222210
00011020
00011202
34
01110000
01011012
11211112
00111212
22212212
00222220
00011220
00011202
26
01110000
21011012
12211112
00211212
22122212
01222220
00011220
00011202
37
01110000
21011012
12211122
00211212
22122212
01122220
00211220
02011202
11
11110000
11011012
12211122
00211212
22122212
22222220
00211220
02011202
78
11110000
11011012
11211122
02222212
22212212
22221210
00211110
02011112
27
11110000
11011012
11211122
22222212
21212212
21121210
01111110
02011112
17
11112000
11022012
11212122
12222212
11212212
11121210
11111110
02011112
62
11112200
11022222
11211222
12212212
11112212
11121210
11111110
02011112
71
11111110
11022112
11211212
12212212
11122212
11221210
12111110
22011112
32
11111110
11111112
11111212
12112212
11122222
11221222
12111110
22011112
87
11111110
11111112
11111212
12111222
11122222
11222212
12221111
22222222
81
