00000000
00000000
00000000
00012000
00022200
00000000
00000000
00000000
66
00000000
00000000
00000000
00012000
00022200
00002100
00000000
00000000
64
00000000
00000000
00000000
00011100
00022220
00002100
00000000
00000000
86
00000000
00000000
00000000
00011100
00022210
00002201
00000020
00000000
57
00000000
00000000
00000000
00011100
00021222
00001101
00001020
00000000
34
00000000
00000000
00000000
00111100
00011222
00002101
00021020
00000000
76
00000000
00000000
00000000
00111100
00011122
00002111
00022020
00002000
78
00000000
00000000
00000000
00111100
00011122
00002121
00022210
00002010
74
00000000
00000000
00000000
00111110
00011112
00002112
00022222
00002010
46
00000000
00000000
00002000
00112210
00012122
00012112
00022222
00002010
38
00000000
00000000
00002000
00122210
00222122
00021112
00012222
00102010
33
00000000
00000000
00102000
00112222
00221122
00021112
00012222
00102010
43
00000000
00000000
00112000
00111222
00221122
00221112
00022222
00102010
52
00000000
00001000
00111000
02222222
00221122
00221112
00022222
00102010
25
00000000
00001000
02111000
02222222
01121122
00222112
00022222
00102010
63
00000000
00001200
02112200
02222222
01121222
00222212
00022222
00102010
83
00000000
00001200
02112201
02222212
22221122
00221212
00012222
00102010
14
00000000
00201200
02222201
11212112
21221222
00121222
00012222
00102010
16
00000000
00201202
02222202
11212112
11221222
10121222
00012222
00102010
88
00000200
00202202
02222202
11212112
11221222
10121122
00012212
00102011
22
00000200
01202202
01122202
11212112
11221222
12221122
00012212
00102011
48
00000200
01202202
01122202
11212112
11221222
12221122
00222212
00112011
81
02000201
02202201
02122201
12212111
12221221
12221121
00222211
00112011
51
02022201
02202201
02121201
12211111
12221221
12221121
00222211
00112011
28
02022201
02202201
02121221
12211121
12221221
12211121
00122211
01112011
27
02022201
02222201
02222221
12211221
12211221
12111121
01122211
01112011
12
02022201
12222201
01222221
12112221
12221221
12211121
02122211
22222011
17
02022201
12222201
22222221
22112221
22121221
21211121
21122211
22222011
11
12222201
12222201
22122221
22112221
22121221
21211121
21122211
22222011
72
12222221
11111211
22122111
22111211
22111211
21111111
21122211
22222011
68
