00000000
00000000
00000000
00012000
00022200
00000000
00000000
00000000
66
00000000
00000000
00000000
00222000
00021200
00000100
00000000
00000000
33
00000000
00000000
00120000
00222000
00021200
00000100
00000000
00000000
53
00000000
00000000
00111200
00222000
00021200
00000100
00000000
00000000
64
00000000
00020000
00121200
00222100
00021100
00000100
00000000
00000000
35
00000000
00020000
00121200
00112100
00111200
00000120
00000000
00000000
73
00000000
00020000
00121110
00112100
00121200
00200120
00000000
00000000
41
00010000
00010000
00111110
02222100
00121200
00200120
00000000
00000000
15
00010000
00010000
00111110
01222100
10121200
00200220
00000200
00000000
68
00010000
00010000
00111110
01222220
10121100
00200120
00000100
00000100
85
00010000
00010000
00111110
01222210
10221101
02200110
00000100
00000100
27
00010000
00010000
00111110
01221210
10211101
02100110
02000100
02000100
37
00010000
00010000
00111110
01221210
10211101
01200110
02200100
02200100
18
00010000
00010000
00111110
01221222
10211101
01100110
01200100
12200100
47
00010000
00010000
20111110
02221222
10211101
01100110
01110100
12200100
48
00010000
00010000
20111110
02221222
10212101
01100210
01110120
11110100
83
00010000
00210000
20211111
02221211
10212101
01100210
01110120
11110100
22
00010000
01110000
20211111
02221211
10222101
01120210
01110120
11110100
78
00010000
01112000
20222111
02222211
10222101
01120210
01110110
11110110
75
00010000
01112000
20221111
02222111
10222111
01120222
01110110
11110110
62
00012000
01122100
20222111
02222111
10222111
01120222
01110110
11110110
57
02012000
01222100
20222111
02222111
10222111
01120122
01111110
11110110
87
02012000
01222100
20222111
02222111
10222111
02120111
21111111
11110110
56
02012020
01222200
20222111
02222111
10222111
02111111
21111111
11110110
31
02112020
02112200
22221111
02222111
10122111
02111111
21111111
11110110
11
11112020
01112200
22121111
02212111
10122111
02112111
21112111
11112110
25
11112020
22222200
22121111
01212111
11122111
01112111
21112111
11112110
61
11111120
22222220
22111211
01112111
11122111
01112111
21112111
11112110
81
11111111
22222210
22111111
01111111
11112111
01112211
21112121
11112222
16
