00000000
00000000
00000000
00021000
00012000
00000000
00000000
00000000
56
00000000
00000000
00000000
00022200
00011000
00001000
00000000
00000000
73
00000000
00000000
00000010
00022220
00011000
00001000
00000000
00000000
53
00000000
00000200
00002010
00021220
00011000
00001000
00000000
00000000
33
00000000
00000200
00102020
00011222
00011000
00001000
00000000
00000000
82
00000000
00000201
00102010
00011222
00011020
00001000
00000000
00000000
76
00000000
00000201
00102010
00222212
00011010
00001010
00000000
00000000
51
00001000
00200101
00202010
00222212
00011010
00001010
00000000
00000000
35
00001000
00200101
00201010
00212212
00121010
00002010
00000200
00000000
46
00001000
00200101
00201010
00222212
00112020
00012210
00000200
00000000
43
00001000
00202101
00222010
00212212
00112020
00012210
00000200
00000000
24
00001000
00202101
00222010
01112212
00112020
00022210
00200200
00000000
61
00001100
00201101
02212010
01212212
00122020
00022210
00200200
00000000
58
00001100
00221101
02222010
01222212
00122020
00022210
00200100
00001000
57
00001100
00221101
02222210
01222212
00121020
00011210
00201100
00001000
41
00011100
00211101
02212210
01212212
00111020
00011210
00201200
00001200
28
00011100
00211101
02212222
01212212
00111020
00011210
00101200
01001200
21
01011100
00111101
02212222
22212212
00111020
00011210
00101200
01001200
15
01011100
00111101
02112222
21222212
10211020
02011210
00101200
01001200
22
01011100
01111101
22222222
22222212
10211020
02011210
00101200
01001200
85
01011120
01111201
22222221
22222211
10211021
02011210
00101200
01001200
72
01011120
01111111
22222111
22221211
10211021
02011222
00101200
01001200
77
01011120
01111111
22222111
22222211
10222211
02011212
00101210
01001200
12
01011120
11111121
11222121
12122221
10212221
02011222
00101220
01001220
81
01011111
11111111
11222121
12122221
10212221
02011222
00202220
01022220
88
01211111
11221111
11222121
12212221
10211221
02011122
00202210
01022221
25
01211111
11221111
11222121
11122221
11121221
02022122
00222210
01022221
38
01211111
11221111
11222121
11222211
12121121
22021122
00212210
01111111
27
01211111
11221111
11222121
11222211
11121121
21021122
01112222
01111111
17
22211111
12221111
11222121
11222211
11121121
11021122
11112222
01111111
36
