00000000
00000000
00000000
00021000
00012000
00000000
00000000
00000000
34
00000000
00000000
00002000
00112000
00012000
00000000
00000000
00000000
64
00000000
00000000
00202000
00121100
00012000
00000000
00000000
00000000
32
00000000
00100000
00102000
00121100
00022000
00020000
00000000
00000000
52
00000000
02101000
00201000
00121100
00022000
00020000
00000000
00000000
36
00000000
02101000
00201000
02221100
00012000
00120000
00000000
00000000
47
00000000
02101000
00201000
02222220
00012000
00110000
00010000
00000000
56
00000000
02101200
00202000
02221220
00011000
00111000
00010000
00000000
43
00000000
02101200
00212000
02212220
00012000
00112000
00012000
00000000
68
00000200
02102200
00222000
02212220
00012000
00112000
00011000
00000100
84
00000200
02102200
00222000
02211111
00012000
00122000
00211000
00000100
35
00000200
02102200
00122020
02111211
00112000
00112000
00211000
00000100
42
00000200
02112200
00122020
02211211
02222000
00112000
00211000
00000100
72
00000200
02222222
00122020
02211211
02222000
00112000
00211000
00000100
41
00010200
02212222
00122020
02212211
02222200
00112000
00211000
00000100
63
00010200
02211222
00111122
02211221
02212200
00112000
00211000
00000100
67
00010200
02211222
02222222
02211221
02212200
00111000
00211100
00000100
85
00010200
02211222
02222222
02212211
02222201
00211000
02211100
00000100
14
00010200
02111222
01222222
11112212
01222202
00111002
02211100
00000100
12
00010200
11111222
01222222
11112212
01222202
00112002
02212100
00002100
76
00010200
11111222
01212222
11111212
01222102
02222012
02212100
00002100
28
00010200
11111222
01212222
11111212
01222102
02222012
22212100
01002100
18
00210200
11221222
01212222
11111212
01212102
02122012
21212100
11002100
71
00210210
11221112
01221212
11112212
01212202
02122022
21212102
11002100
38
00210210
11221112
01221212
12112212
22212202
02122022
21112102
11102100
66
02210210
12221112
02221112
12112112
22211102
02111122
21112102
11102100
11
11110210
11221112
02121112
12112112
22211102
02111122
21112222
11102100
78
11110210
11221112
02121112
12122112
22221102
02121122
21222122
11122110
75
11110222
11221122
02121212
12122112
22221112
02121112
21222112
11122110
13
11110222
11221122
11121212
11122112
22122112
02111212
21221122
11122222
51
11111222
11211122
11121212
11122112
22122112
02111212
21221122
11122222
16
