00000000
00000000
00020000
00022000
00021000
00000000
00000000
00000000
35
00000000
00000000
00020000
00022000
00112000
00002000
00000000
00000000
53
00000000
00000000
00021000
00012000
00122000
00202000
00000000
00000000
33
00000000
00000000
00111000
00222000
00222000
00202000
00000000
00000000
65
00000000
00000000
00111000
00221000
00222220
00202000
00000000
00000000
76
00000000
00000000
00111000
00222200
00222120
00202010
00000000
00000000
57
00000000
00200000
00211000
00221200
00221120
00201010
00001000
00000000
73
00000000
00200000
00211010
00221100
00222120
00201210
00001000
00000000
86
00000000
00200000
00221010
00222100
00222210
00201221
00001002
00000000
74
00000000
00200000
00221010
00222222
00222120
00201221
00001002
00000000
21
01000000
00100000
00211010
00221222
00222120
00202221
00001202
00000000
46
01000000
00102000
00221010
00211122
00211120
00211111
00001202
00000000
78
01000000
00102000
00222210
00212122
00221120
00211111
00001102
00000010
24
01000000
00102200
00222220
01112122
00121120
00211111
00001102
00000010
88
01000000
00102200
02222220
01212122
00121120
00211111
00001101
00000011
26
01000000
00102200
02222220
01212122
00121120
01111211
00002101
00020011
77
01000000
00102200
02222220
01222122
00221120
02111111
20002111
00020011
12
01000000
10102200
01222220
01222122
02211120
02111111
20002111
00020011
14
01000000
10102200
01222220
11222122
01221120
02211111
22002111
00020011
22
01000000
11102200
01122220
11212122
01221220
02222111
22022111
00020011
37
01000000
11102200
22222220
11112122
01121220
02112111
22111111
00020011
72
01200000
12202210
22222110
11111112
01111210
02112111
22111111
00020011
16
01200000
12202210
22222110
11111112
01111210
11112111
22112111
00022011
61
01200120
12201210
22212110
11111112
01111210
11112111
22112111
00022011
28
01200120
12222210
22222110
11121112
01121210
11122111
21122111
01022011
11
11200120
11222210
22222110
22111112
22221210
22122111
21222111
01022011
51
11201120
11221110
22222222
22111122
22221210
22122111
21222111
01022011
38
11201120
11221110
22222222
22111122
22221210
22122211
21122211
01122211
18
11201120
11222222
12222222
12111122
12221210
12122211
11122211
11122211
81
11201111
11222212
12222122
12111122
12221222
12122221
11122211
11122211
41
