00000000
00000000
00000000
00012000
00022200
00000000
00000000
00000000
46
00000000
00000000
00000000
00012000
00022200
00210000
00000000
00000000
26
00000000
00000000
00200000
00022000
00022200
01110000
00000000
00000000
43
00000000
00000000
00210000
00222000
00012200
01110000
00000000
00000000
25
00000000
00000000
00210000
02222000
01012200
01110000
00000000
00000000
63
00000000
00000000
00210100
02221000
01022200
01112000
00000000
00000000
14
00000000
00000000
00210100
12111000
21022200
01112000
00000000
00000000
22
00000000
01000000
00110100
12111000
21022200
22222000
00000000
00000000
47
00000000
01200000
00120100
12112000
21012200
22112000
00010000
00000000
23
00000000
01200000
01120100
11112000
21012200
22122000
00210000
00000000
67
02000000
02200000
02120100
12112000
22012200
22121000
00210100
00000000
66
02000000
02200000
02120100
12112000
22011200
22221100
00220100
00002000
13
02000000
22200000
21120100
22112000
22011200
22221100
00220100
00002000
11
12000000
21200000
21120100
22112000
22012200
22222100
00222100
00002000
52
12200000
22201000
21110100
22112000
22012200
22222100
00222100
00002000
48
12200000
22201000
21110100
22112000
22012200
22212100
00211200
00012020
28
12200200
22202000
21120100
22212000
22012200
22212100
00111200
01012020
27
12200200
22202020
21120200
21212000
21012200
21112100
01111200
01012020
35
12200200
22202020
21120200
21112000
21112200
21112100
22222200
01012020
41
11110200
22102020
21120200
21112000
21112200
21112200
22222220
01012020
38
11110200
22222020
21220200
22112000
21112200
21112200
22122220
01112020
81
11110201
22222020
21220102
22111000
21112200
21112200
22122220
01112020
18
11110201
12222020
11220202
12111020
11112200
11112200
11122220
11112020
53
11110201
12212020
11111202
12222220
11112200
11112200
11122220
11112020
62
11112201
12222120
11212202
12222220
11112200
11112200
11122220
11112020
84
11112201
12222220
11212222
11111211
11112200
11112200
11122220
11112020
76
11112201
12222220
11212222
11111222
11112102
11111120
11122220
11112020
68
11112201
12222220
11212222
11111222
11112222
11111120
11121120
11111120
87
11112201
12222220
11212222
11111222
11112122
11111210
11121121
11111122
71
11111111
12222222
11211222
11111212
11112112
11111210
11121121
11111122
86
