00000000
00000000
00000000
00021000
00012000
00000000
00000000
00000000
65
00000000
00000000
00000000
00021000
00012100
00000200
00000000
00000000
43
00000000
00000000
00010000
00011000
00012220
00000200
00000000
00000000
76
00000000
00000000
00210000
00021000
00012120
00000210
00000000
00000000
23
00000000
00000000
01110000
00021000
00012120
00000220
00000020
00000000
88
00000000
00000000
01110000
00011000
00011120
00000120
00000020
00000021
87
00000000
00000000
01110000
00011000
00222220
00000110
00000021
00000021
74
00000000
00000000
01112000
00022010
00222210
00000110
00000021
00000021
67
00000000
00200000
01122000
00022010
00222210
00000110
00000111
00000021
64
00000000
02200000
01222000
00022110
00222110
00000110
00000111
00000021
21
01000000
01100000
01212000
00021110
00222110
00002110
00000211
00000021
47
01000000
01100000
22212000
00021110
00222110
00001110
00010211
00000021
34
01000000
01100000
22112200
00111210
00212210
00001210
00010211
00000021
26
01000000
01100000
22112220
00111220
00112220
01001220
00010221
00000021
86
01000000
01100000
22112220
00111220
02222220
01001111
00010221
00000021
72
01000000
01100010
22112110
00111210
02222210
01002111
00012221
00000021
12
01000000
11100010
21112110
00111210
02222210
02002111
20012221
00000021
46
01000000
11100010
21112110
00111110
02211210
02012111
20022221
00200021
48
01000000
11100010
21112110
00111110
02211222
02012121
20011221
00210021
84
21000000
22100010
21212110
00121111
02212211
02012221
20011221
00210021
28
21000000
22100010
21212222
00121121
02212211
02012221
20011221
01110021
68
22200000
22200010
21212222
00121121
02212111
02012121
20011111
01110111
36
22200000
22202010
21222222
00221121
02112111
02112121
20011111
01110111
82
22200000
22202011
21222211
00221121
02212111
02222121
20211111
01110111
51
22221000
22202011
21221211
00221121
02212111
02222121
20211111
01110111
16
22221020
22202021
21221221
00221121
02212111
11111121
20211111
01110111
61
22221120
22221011
21221221
00121121
01212111
11111121
20211111
01110111
62
22221120
22221111
21221111
00121121
01212111
11112121
20212211
01112111
27
22221120
22221111
22221111
02221121
01212111
11112121
21112211
01112111
14
22221120
22221111
22221111
22111121
22212111
21112121
21112211
01112111
81
