00000000
00000000
00020000
00022000
00021000
00000000
00000000
00000000
53
00000000
00000000
00021000
00022000
00022200
00000000
00000000
00000000
33
00000000
00020000
00121000
00022000
00022200
00000000
00000000
00000000
66
00000000
00020000
00121000
00222000
00021200
00000100
00000000
00000000
64
00000000
00020000
00121000
00222100
00022100
00002100
00000000
00000000
24
00000000
00020000
00122000
01111200
00022220
00002100
00000000
00000000
74
00000000
00020000
02222000
01211110
00022220
00002100
00000000
00000000
84
00000000
00020000
02222020
01211211
00022210
00002100
00000000
00000000
57
00000000
00020000
02222020
01211211
00022210
00021100
00001000
00000000
41
00012000
00020000
02212020
01211211
00022210
00021100
00001000
00000000
36
00012000
00020000
02212020
01211211
00012220
00111102
00001000
00000000
13
00012000
20020000
12112020
01211211
00012220
00111102
00001000
00000000
62
00012000
20020100
22111010
22211211
00012220
00111102
00001000
00000000
63
00012000
20020120
22111120
22211121
00012120
00111102
00001000
00000000
31
00112000
20010120
22111220
22212121
00022120
00211102
02001000
00000000
61
00111100
20210120
22221220
22212121
00022120
00211102
02001000
00000000
83
00111100
20210112
22221121
22212211
00022120
00211102
02001000
00000000
15
00111100
20210112
22121121
21212211
10022120
00221102
02201000
00000000
76
00111120
20210122
22121121
21212211
10022110
00221112
02201000
00000000
18
00111120
20210122
22121121
21211221
10012120
00121222
01201020
10000000
47
00111120
20210122
22121121
22211221
12012120
00111222
01111020
10000000
22
00111120
21110122
22121121
22211221
12012220
00112222
01121020
10200000
85
00111120
21110122
22121121
22211211
12011111
00112222
22221020
10200000
35
00111120
21110122
22121121
22111211
11111111
00112222
22222020
10202000
48
00111120
21110222
22122121
22121211
12211111
02222122
22211020
10212000
11
10111120
11110222
12122121
12121211
12211211
02222222
22222220
10212000
88
10111120
11110222
12122121
12121211
12211211
02222122
22222222
10212001
28
12222220
11210222
11122121
11121211
11211211
01212122
21122222
11112001
52
12222220
11212222
11121121
11221211
12211211
22212122
21122222
11112001
81
11111111
11212211
11121121
11221211
12211211
22212122
21122222
11112001
78
