00000000
00000000
00000000
00222000
00021000
00000000
00000000
00000000
33
00000000
00000000
00100000
00212000
00022000
00002000
00000000
00000000
66
00000000
00000000
00100000
00212000
00021000
00002220
00000000
00000000
46
00000000
00000000
00100000
00212000
00021000
00222220
00000000
00000000
64
00000000
00200000
00200000
00211100
00021000
00222220
00000000
00000000
27
00000000
00200000
00200000
00222220
00011000
00122220
01000000
00000000
53
00000000
00200000
00201000
00221220
00011000
02222220
01000000
00000000
75
00000000
00200000
00201000
00221122
00011020
02222220
01000000
00000000
37
00000000
00200000
00201000
00221122
00011020
02212220
02100000
02000000
57
00000000
00200000
00201200
00222122
00021020
02211220
02101000
02000000
62
00000000
00200100
00201100
00222122
00021020
02211220
02202000
02020000
58
00000000
00200100
00201100
00222122
00021020
02212220
02201200
02021000
22
00000000
22200100
00101100
00212122
00021020
02212220
02201200
02021000
35
00000000
22220100
00102100
00112222
00111020
02212220
02201200
02021000
16
00000000
22220100
00102100
00112222
20111020
12112220
02201200
02021000
31
00100000
22120120
00102200
00112222
20111020
12112220
02201200
02021000
17
00100000
22120120
00102200
00112222
22111020
12112220
12201200
02021000
81
00100001
22120110
00102100
00111222
22111020
22112220
22201200
22021000
38
00100021
22120210
00102100
00111222
22111020
22112220
22101200
22111000
14
00100021
22120210
00202100
12222222
22111020
22112220
22101200
22111000
13
00100021
21120210
10202100
11222222
22222220
22112220
22101200
22111000
85
20100021
22120210
10202100
11222212
22222221
22112210
22101100
22111000
61
20100111
22120110
10202100
11222212
22222221
22112210
22101200
22111020
83
20100111
22120110
10202101
11222211
22222221
22222210
22222200
22111020
68
20100111
22120110
12202101
12222111
22122121
22212110
22221100
22111120
86
20100111
22120110
12202221
12222211
22122111
22212111
22221100
22111120
52
20100111
22111110
12222221
12221211
22121111
22211111
22221100
22111120
82
20120111
22222111
12222211
12221111
22121111
22211111
22221100
22111120
88
22220111
22222111
12222211
12221111
22121111
22211111
22221100
22111111
51
22221111
22221111
12221211
12222111
22121211
22211121
22221102
22111111
77
