00000000
00000000
00020000
00022000
00021000
00000000
00000000
00000000
53
00000000
00000000
00021000
00022000
00022200
00000000
00000000
00000000
33
00000000
00000200
00112000
00022000
00022200
00000000
00000000
00000000
66
00000000
00000200
00112000
00222000
00021200
00000100
00000000
00000000
25
00000000
00000200
00112000
00122000
01022200
00000200
00000020
00000000
88
00000000
00000200
00112000
00112000
01021200
00000200
00000210
00000001
46
00000000
00000200
00112000
00122000
01222200
00010200
00000210
00000001
36
00000000
00020200
00122000
00122000
01122200
00110200
00000210
00000001
64
00000000
00020200
00122000
00111100
01121200
00110200
00000222
00000001
32
00000000
02220200
00212000
00121100
01122200
00110200
00000222
00000001
75
00000000
02220200
00222000
00122100
01111210
00110220
00000222
00000001
71
00000010
02220100
00221000
00112100
01112210
00112220
00000222
00000001
23
00000010
02220100
01111000
00112100
01112222
00112220
00000222
00000001
31
00100010
02110100
01111000
00112100
01122222
00212220
02000222
00000001
57
00100010
02222100
01111000
00111100
01121222
00211220
02001222
00000001
74
00100010
02222100
01111200
00112220
01121222
00211220
02001222
00000001
51
00101010
02211100
02111200
20112220
02121222
00211220
02001222
00000001
86
00101210
02212200
02121200
20212120
02121212
00211111
02001221
00000001
84
00101210
02212200
02121220
20212121
02121221
00211121
02001221
00000001
11
10101210
22212200
02121220
20212121
02121221
00211121
02001221
00000001
68
10101210
22212200
02121220
20212121
02122221
00212121
02002211
00002101
83
10101210
22212200
02121111
20212121
02122221
00222121
02022211
00002101
38
10101222
22212200
02121111
20212111
02122121
00221121
02012211
00102101
41
10111222
22211220
02121221
20212121
02122121
00221121
02012211
00102101
21
11111222
22111220
02111221
20211121
02122121
00221121
02012221
00102221
15
11111222
22111220
02111221
20211121
11122121
00221121
02222221
00102221
24
11111222
21112220
01121221
21211121
22122121
20221121
02222221
00102221
18
11111222
21112220
01121221
21211121
22112121
20121121
22222221
10102221
26
11111222
21112220
22221221
22211121
21212121
21121121
22222221
10102221
48
11111222
21112220
22221221
22211121
21212121
21121121
22211221
12111111
82
