00000000
00000000
00000000
00021000
00012000
00000000
00000000
00000000
34
00000000
00000000
00002000
00112000
00012000
00000000
00000000
00000000
64
00000000
00000000
00002000
00111200
00012020
00000000
00000000
00000000
65
00000000
00000000
00002000
02222200
00011120
00000000
00000000
00000000
33
00000000
00000000
00102000
02212200
00012120
00020000
00000000
00000000
74
00000000
00000000
00102020
02211220
00012120
00020000
00000000
00000000
56
00000000
00000000
00102020
02221220
00222220
00021000
00000000
00000000
15
00000000
00000000
00102220
01222220
10222220
00021000
00000000
00000000
23
00000000
00000000
01102220
01122220
10222220
00221000
00000000
00000000
57
00000000
20000000
02102220
01222220
10122220
00211000
00001000
00000000
22
00000000
21000000
01102220
01222220
10122220
00212000
00001200
00000000
37
00000000
21000000
01102220
01222220
12222220
00112000
00101200
00000000
77
00000000
22200000
01202220
01222220
12222220
00112000
00101110
00000000
84
00000000
22200000
01202220
01111111
12222220
00122000
00201110
02000000
38
00000000
22200000
01202220
01111111
12222220
00122000
00101210
02100020
76
00000000
22200000
01222220
01221111
12222110
00122010
00101210
02100020
83
00000000
22200000
01111111
01221111
12222222
00122020
00101210
02100020
87
00000000
22202000
01122211
01222121
12222122
00122010
00101211
02100020
58
00000000
22202000
01122211
01222121
12222122
00222010
00121111
02101020
62
00000020
22202200
01122111
01222121
12222122
00222010
00121111
02101020
14
00000020
22202200
01122211
11222221
11222222
00122210
00111111
02101020
11
10000020
21202200
01122211
11222221
11222222
02222210
00111111
02101020
61
10000120
21201100
22222111
12122121
11222122
02222110
00111111
02101020
41
10010120
21101102
21222122
12122222
11222122
02222110
00111111
02101020
27
10012220
21102202
21222122
12121222
11212122
01122110
01111111
02101020
72
10012220
21102212
21222112
12121212
11212112
02122110
21111111
02101020
16
10012220
22222212
21222112
12121212
11212112
11122110
21111111
02101020
18
10012220
22222212
21222112
12121212
11212122
11122222
11111111
11101020
21
11012220
21122212
21212112
12121212
11212122
11122222
11122111
11121020
81
11011111
21122211
21212111
12121211
11212121
11122221
11122121
11121022
68
