00000000
00000000
00000000
00021000
00012000
00000000
00000000
00000000
56
00000000
00000000
00000000
00021000
00021000
00021000
00000000
00000000
35
00000000
00000000
00000000
02021000
00211000
00021000
00000000
00000000
37
00000000
00000000
00000000
02021000
00211000
00021000
00102000
00000000
25
00000000
00000000
00002000
02022000
01112000
00022000
00102000
00000000
47
00000000
00000000
00002000
02222000
01122000
00012000
00112000
00000000
43
00000000
00000000
00012000
02112000
01112000
00012000
00122000
00200000
48
00000000
00000000
00012000
02112000
01112000
00012000
00112000
00222000
13
00000000
00000000
10012000
01112000
22222000
00012000
00112000
00222000
63
00000000
00000000
10011100
01112000
22222000
00012000
02222000
00222000
26
00000000
00000020
10011200
01112000
21122000
01012000
02222000
00222000
68
00000000
00002020
10012200
01112000
21122000
01012000
02221000
00222100
73
00000000
00002020
10021110
01212000
22122000
21012000
02221000
00222100
17
00000000
00002020
10021110
01212000
22122000
21012200
11112000
00222100
42
00000000
00012020
10011110
01212000
22222000
22222200
11222000
00222100
51
00021000
00021020
10021110
01222000
22222000
22222200
11222000
00222100
67
00021000
00021020
10021110
01222000
22222000
22222200
11111200
00222220
31
00111000
00011020
10221110
02222000
22222000
22222200
11111200
00222220
65
00111000
00011020
10221110
02222000
22222220
22221200
11111200
00222220
64
00111000
00011020
10221120
02222220
22221220
22211200
11111200
00222220
86
00111000
00011020
10221120
02222220
22222210
22221201
12211200
02222220
76
00111000
00011020
10221120
02222220
22222210
22221121
12211202
02222220
83
00111000
00011020
10221111
02222210
22222110
22221221
12211222
02222220
88
00111000
00011020
10221111
02222222
22222120
22221221
12211221
02222221
81
00111021
00011020
10221121
02222222
22222120
22221221
12211221
02222221
23
00111221
00012020
11121121
02222222
22212120
22221221
12211221
02222221
62
00111221
00222220
11221121
02222222
22212120
22221221
12211221
02222221
14
00111221
20222220
12221121
12222222
11212120
12121221
12211221
02222221
85
00111221
20222220
22221121
22222211
21212111
22121221
22211221
22222221
22
02222221
22222220
22121121
22212211
22211111
22121121
22211211
22222221
11
11111111
21222220
22121121
22212211
22211111
22121121
22211211
22222221
82
