00000000
00000000
00000000
00012000
00022000
00002000
00000000
00000000
66
00000000
00000000
00020000
00022000
00021000
00002100
00000000
00000000
57
00000000
00000000
00020000
00022000
00022000
00002100
00002000
00002000
46
00000000
00000000
00020000
00022000
00022000
00012100
00002200
00002000
48
00000000
00000000
00020000
00022000
00022200
00012200
00001200
00012000
68
00000000
00000000
00020000
00022000
00022200
00022200
00022200
00011100
42
00000000
00010000
00010000
00012000
00012200
00022200
00222200
00011100
78
00000000
00010000
00010000
00012000
00012200
00021200
00222220
00011110
88
00000000
00010000
00010000
00012000
00011220
00021200
00222210
00011111
36
00000000
00010000
00010000
00012000
00011220
02222200
00212210
00011111
53
00000000
00010000
00011000
00211000
00021220
02222200
00212210
00011111
15
00020000
00020000
00021000
00221000
10021220
01222200
00112210
00011111
74
00020000
00020000
00021000
00221010
10021120
01221200
00112222
00011111
84
00020000
00020000
00021000
00221011
10021110
01221100
00211222
02011111
33
00020000
00020000
00211000
02211011
10021110
01221100
00211222
02011111
27
00020000
00020000
00212000
02222211
10012210
01121200
01111222
02011111
51
00021000
00010000
00112000
01222211
10012210
01121200
22222222
02011111
38
00021000
00012000
00122000
01222211
10012210
01121200
22112222
02111111
18
00021000
00012000
00122000
01222211
10012220
01121202
21112222
11111111
76
00021000
00222000
00222000
01222211
10012210
01121112
21112112
11111111
22
00021000
01222000
00122002
01212221
10011210
01121112
21112112
11111111
73
00021000
22222000
00122012
01212111
10011210
01121112
21112112
11111111
11
10021000
21222000
00122012
01212111
10011210
22221112
21112112
11111111
31
10111000
21112002
00121022
01212211
10012210
22221112
21112112
11111111
63
10111000
21111002
00121122
22211111
20012110
22221112
21112112
11111111
25
10111000
21111002
00111122
22111112
21012222
21121112
21112112
11111111
72
10111000
21111012
00111112
22111112
22222222
22121112
21112112
11111111
23
10111020
21111022
01111122
21111122
21222222
21121112
21112112
11111111
81
12111021
21211011
01121121
21112121
21222221
21121111
21112111
11111111
13
12111021
11222211
11122221
11122221
11222221
11121111
11112111
11111111
61
