00000000
00000000
00000000
00021000
00012000
00000000
00000000
00000000
65
00000000
00000000
00000000
00021000
00021100
00020000
00000000
00000000
36
00000000
00000000
00000000
00022200
00012100
00120000
00000000
00000000
43
00000000
00000000
00012000
00012200
00012100
00120000
00000000
00000000
62
00000000
00000100
00211000
00022200
00012100
00120000
00000000
00000000
75
00000000
00002100
00212000
00022100
00012110
00120000
00000000
00000000
63
00000000
00002100
00211100
00021100
00012110
02220000
00000000
00000000
23
00000000
00002220
01111200
00022100
00022110
02220000
00000000
00000000
71
00000210
00002220
01111200
00022100
00022110
02220000
00000000
00000000
37
00000210
00202220
01121200
00022100
00021110
02210000
00100000
00000000
34
00000210
00202220
01121200
00211100
02021110
02210000
00100000
00000000
16
00000222
00202220
01121200
00211100
02021110
11110000
00100000
00000000
41
00010222
00102220
01121200
00211100
02022222
11110000
00100000
00000000
86
00010222
00102220
01121200
00211100
02022212
12210001
02100000
00000000
18
00010222
00102220
01121200
00221100
02022212
12220001
01120000
10000000
74
00010222
00101220
22221100
00221110
02022212
12220001
01120000
10000000
15
00010222
00101220
22221100
00221110
12022212
11220001
01220000
10200000
24
00012222
00102220
22222100
01112110
11022212
11220001
01220000
10200000
58
00012222
00102220
22222100
01112110
11022212
11120001
01222000
10201000
28
00012222
00102220
22222100
01112110
11021212
11110001
22222000
11201000
22
00012222
01102220
21122102
01112120
11021212
11110001
22222000
11201000
48
00012222
01102220
21122102
01112120
11021212
11110002
22112002
11111000
67
00222222
02102220
21122102
01112120
11021212
11110002
22111102
11111000
56
00222222
02202220
22122102
22222120
21011212
21111002
22111102
11111000
21
01222222
01222220
21222102
22222120
21011212
21111002
22111102
11111000
73
01222222
01222220
21222112
22222110
21011212
21111002
22222222
11111000
12
01222222
11222220
11222122
12222120
11011222
11111022
12222222
11111000
66
22222222
12222220
11222122
12222120
11011122
11111122
12221222
11111000
35
22222222
12222220
11222122
11222120
11111122
11111122
12221222
11111000
88
22222222
12222220
11222122
11222120
11111122
11111122
12221222
11111021
82
22222222
11111211
11222122
11222122
11111122
11111122
12221222
11111021
68
