00000000
00000000
00000000
00021000
00012000
00000000
00000000
00000000
65
00000000
00000000
00000000
00021000
00021100
00020000
00000000
00000000
34
00000000
00000000
00000000
00111000
00022220
00020000
00000000
00000000
66
00000000
00000000
00000000
00111000
00021220
00020200
00002000
00000000
85
00000000
00000000
02000000
00211000
00021111
00020200
00002000
00000000
37
00000000
00000000
02200000
00221000
00022111
00010200
00102000
00000000
67
00000000
00000000
02200000
00221000
00022111
00020100
00122100
00000000
24
00000000
00000000
02200000
02111000
20022111
00020100
00122100
00000000
12
00000000
10000000
01220000
02121000
20022111
00020100
00122100
00000000
14
00000000
10000000
01220000
11121000
20022111
00020200
00122220
00000000
36
00000000
10000000
22220000
21121000
20012111
00120200
00122220
00000000
52
00000000
10001000
22210000
21121000
20012111
00120200
02222220
00000000
22
00000000
11021000
21220000
21121000
20012111
00120200
02222220
00000000
38
00000000
11221000
22220000
21121000
20012111
00120200
02122220
00100000
88
00000000
11221000
22120000
21111000
20011111
00120100
02122222
00100001
56
00000000
11221000
22120000
21112000
20011211
00111120
02112222
00100001
68
00000000
11222200
22120000
21112000
20011211
00111120
02111122
00100101
41
00010000
11212200
22222000
21112000
20011211
00111120
02111122
00100101
31
00110000
11112200
22122000
22212000
22011211
00111120
02111122
00100101
51
00111000
11111200
22121000
22211020
22011221
00111120
02111122
00100101
73
00111000
11111100
22121010
22211020
22222221
00111120
02111122
00100101
78
00111000
11111100
22122210
22212010
22222211
00111110
02111112
00100111
72
00111000
11111110
22122110
22222210
22212211
00111110
02111112
00100111
86
20111000
22111110
22222110
22222210
22212211
00111111
02111111
00100111
16
20111000
22111110
22212110
22122210
21212211
20111111
21111111
00100111
21
21111020
21111210
21212110
21122210
21212211
20111111
21111111
00100111
61
21111120
21111110
21212110
21122210
21212211
20121111
21211111
02100111
18
21111120
21111110
21212110
21122210
21212211
22221111
21211111
11100111
81
21111111
21111110
21212222
21122220
21212211
22221111
21211111
11100111
84
21111111
21111110
21212212
21111111
21212211
22222111
21222111
11102111
82
21111111
21111111
21212211
21111111
21212211
22222111
21222111
11102111
48
