00000000
00000000
00000000
00222000
00021000
00000000
00000000
00000000
33
00000000
00200000
00200000
00212000
00021000
00000000
00000000
00000000
35
00000000
00200000
00200000
00222000
00112000
00000200
00000000
00000000
63
00000000
00200000
00200100
00221000
00122000
00002200
00000000
00000000
53
00000000
00200020
00201200
00212000
00122000
00002200
00000000
00000000
77
00000000
00200020
00222200
00222000
00121000
00002100
00000010
00000000
62
00000000
00200120
00221200
00222000
00122000
00002200
00000020
00000002
23
00000000
00200120
01111200
00222000
00222000
02002200
00000020
00000002
65
00000200
00200220
01111200
00221000
00222100
02002200
00000020
00000002
17
00000200
00200220
01111200
00211000
00122220
01002200
10000020
00000002
31
02100200
00200220
01121200
00212000
00122220
01002200
10000020
00000002
85
02100200
00200220
02121200
20212000
00111111
01002200
10000020
00000002
81
02100201
00200210
02121100
20212000
00111211
01002220
10000020
00000002
57
02100201
00200210
02121100
20212020
00111221
01001120
10001020
00000002
11
11100201
00200210
02121100
20212020
02222221
01001120
10001020
00000002
24
11100201
00200210
02121200
21112220
01222221
01001120
10001020
00000002
67
11100201
00200210
02121200
21112220
01222221
01002110
10001220
00000022
22
11100201
01220210
01122200
21112220
01222221
01002110
10001220
00000022
46
11100201
01220222
01122200
21112220
01112221
01011110
10001220
00000022
41
11110201
01110222
01112200
21112220
01112221
01012110
10022220
00000022
86
11110201
01110222
01111200
21112120
22222211
01012111
10022220
00000022
84
11112201
01120222
01211200
22112111
22222211
01012111
10022220
00000022
73
11112201
01120222
01211110
22112111
22222211
01012121
10022222
00000022
36
11112201
01120222
01211110
22211111
22212211
02222121
10222222
00000022
58
11112201
01120222
01211110
22211111
22211211
02221211
10222222
00001222
16
11112201
22220222
02211110
22211111
21221211
11112211
10222222
00001222
48
11112201
22220222
02222222
22211122
21221212
11112112
10111222
00011222
13
11112201
11220222
12222222
12211122
12121212
12212112
12222222
00011222
18
11112201
11220222
12222222
12211122
12111212
12112112
12222222
12011222
52
11112201
11111222
12211222
12111122
11111212
12112112
12222222
12222222
71
