00000000
00000000
00020000
00022000
00021000
00000000
00000000
00000000
35
00000000
00000000
00020000
00022000
00112000
00000200
00000000
00000000
53
00000000
00000000
00021000
00012000
00122000
00200200
00000000
00000000
77
00000000
00000000
00022200
00012000
00121000
00200100
00000010
00000000
62
00000200
00000200
00021200
00012000
00121000
00200100
00000010
00000000
33
00000200
00000200
00111200
00012000
00122000
00202100
00000010
00000000
57
00000200
00020200
00121200
00021000
00121000
00201100
00001010
00000000
37
00000200
02020200
00221200
00021000
00121000
00101100
00101010
00000000
73
00000200
02020200
00221120
00021002
00121000
00101100
00101010
00000000
23
00000200
02020200
01111120
00021002
00121000
00102100
00101210
00000000
71
00000210
02020100
01111120
00021002
00221000
02102100
00101210
00000000
51
00001110
02010100
01111120
00021002
00221000
02102100
00102210
00002000
15
00001110
02010100
01111120
00022202
10221000
01102100
00102210
00002000
11
10001110
01010100
01111120
00022202
10221000
02102100
20102210
00002000
65
10001110
01010100
01111120
00021102
10221100
02102220
20102210
00002000
68
10001110
01010100
01111120
00021202
10222100
02222120
20102110
00002100
24
10001110
01010100
01111120
01021202
12222100
02212120
20101110
00002100
48
10021110
01020100
01121120
01021202
12222100
02212120
20101110
00011100
74
10021110
01020100
01122120
01021222
12222220
02212120
20101110
00011100
85
10021110
01020100
01122122
01021222
11111211
02212110
20101110
00011100
52
10022222
01021100
01121122
01021222
11111211
02212110
20101110
00011100
16
10022222
01021100
01121122
01021222
11112211
11112210
20101120
00011102
18
10022222
01021100
01121122
01021222
11122211
11122210
10122220
10011102
32
10022222
01111100
01111122
01021222
11122211
11122210
10222220
12011102
72
10022222
01111110
22222222
02021212
11222211
11122210
10222220
12011102
38
12022222
02211110
22222222
02021212
11222111
11121210
10112220
11111102
31
11122222
02211110
22222222
02021212
11222122
11121222
10112220
11111102
34
11122222
02111110
22112222
02112212
12122122
12221222
12222220
11111102
82
11122222
02111111
22112212
02112112
12121122
12211222
12122220
11111102
78
11122222
02111111
22112212
02112112
12121212
12211222
12122222
11111112
12
