00000000
00000000
00000000
00021000
00012000
00000000
00000000
00000000
65
00000000
00000000
00000000
00021000
00012100
00000200
00000000
00000000
67
00000000
00000000
00000000
00021000
00222100
00000100
00000100
00000000
25
00000000
00000000
00000000
00021000
01121100
00020100
00000100
00000000
36
00000000
00000000
00000000
00022200
01112100
00120100
00000100
00000000
47
00000000
00000000
00000000
00022200
01212100
02110100
00010100
00000000
63
00000000
00000000
00002100
00022100
01212100
02110100
00010100
00000000
24
00000000
00000000
00002100
01022100
01112200
02110120
00010100
00000000
17
00000000
00000000
00002220
01022200
01112200
01110120
10010100
00000000
85
00000000
00000000
00002220
01022200
22222201
01110110
10010100
00000000
72
00000020
00000020
00002120
01021200
22212201
01110110
10010100
00000000
75
00000020
00000020
00002120
01021200
22211211
01110210
10010200
00000200
42
00000020
00010020
20001120
02021100
22211211
01110210
10010200
00000200
56
00000020
00010020
20001120
02021200
22212211
02221110
10210200
00000200
33
00000020
00010220
20102220
02021200
22211211
02221110
10210200
00000200
82
00000020
00010221
20102210
02021100
22211211
02221120
10210202
00000200
86
00002020
00020221
20202210
02021100
22211211
02221111
10210202
00000200
81
00002021
00020221
20202120
02022220
22211211
02221111
10210202
00000200
88
00002021
00020221
20202120
02022220
22212221
02221221
10210221
00000201
58
00002021
00022221
20202220
02022220
22212221
02221211
10210121
00001201
61
00002111
00022121
20202120
02022120
22212221
02222111
10220121
00201201
78
00002111
00022121
20202120
02022120
22212221
02222211
10222111
00201111
83
00002111
00022111
20202111
02222120
22222221
02222211
10222111
00201111
41
00011111
00021111
20202111
02222120
22222221
02222211
10222111
00201111
23
00011111
02021111
22202111
02122120
22212221
02221211
10222111
00201111
48
00011111
02021111
22222111
02222120
22212221
02211211
10212111
00211111
28
00011111
02021111
22222111
02222120
22212221
02211211
12222111
01111111
14
00011111
02021111
22222111
11211120
22212221
22111211
12212111
01111111
18
00011111
02021111
22222111
11211120
22212221
22111211
11212111
11111111
11
12011111
02021111
22122111
11211120
22212221
22111211
11212111
11111111
84
12011111
02221111
22222111
11211111
22212211
22111111
11211111
11111111
12
