00000000
00000000
00000000
00222000
00021000
00000000
00000000
00000000
33
00000000
00000000
00100000
00212000
00022200
00000000
00000000
00000000
35
00000000
00000000
00100000
00112000
02222200
00000000
00000000
00000000
26
00000000
00000000
00100000
02222000
02122200
01000000
00000000
00000000
23
00000000
00000000
01100000
01222000
02122200
21000000
00000000
00000000
66
00000000
02000000
02100000
02212000
02121200
21000100
00000000
00000000
75
00000000
02200000
02200000
02212000
02121110
21000100
00000000
00000000
13
00000000
02200000
12200000
01212000
02122110
21002100
00000000
00000000
15
00000000
02200000
12200000
02212000
12122110
22002100
02000000
00000000
17
00000000
02200000
12200000
02212000
12122222
11002100
12000000
00000000
31
00100000
01100000
12100000
02112000
12122222
11002200
12000200
00000000
64
00100000
01100000
12100000
02222220
12122222
11002200
12000200
00000000
53
20100000
02100000
12201000
02222220
12122222
11002200
12000200
00000000
28
20100000
02100000
12201000
02222220
12222222
11022200
11000200
01000000
86
20100000
02100000
12201200
02222220
12222212
11022201
11000200
01000000
21
21100000
01100000
11201200
01222220
11222212
11022202
11000202
01000000
73
21100000
01102000
11202210
01222220
11222212
11022202
11000202
01000000
37
21100000
01102000
11202210
01222120
11221222
11012222
11100202
01000000
42
21100000
01112200
11102210
01222120
11221222
11012222
11100202
01000000
84
21100000
01112200
11102210
01222111
11221222
11222222
11100202
01000000
88
21100000
01112202
11102220
01222211
11222221
11222221
11100201
01000001
41
21110000
22222202
12102120
01222211
11222221
11222221
11100201
01000001
71
21110010
22222102
12222220
01222211
11122221
11222221
11100201
01000001
47
21110010
22212102
12212220
01212211
11122121
11211221
12110201
21000001
14
21110010
22112102
11212220
11212211
11122121
11211221
12120201
21002001
78
21110010
22112102
11212222
11212221
11122221
11212221
12120101
21002011
77
22222010
22122202
11212222
11212221
11121221
11212121
12120111
21002011
61
22222222
22121102
11212122
11212121
11121121
11212121
12120111
21002011
57
22222222
22121102
11212122
11212121
11121121
11221221
12122111
21022011
38
22222222
22122222
11212222
11212121
11121121
11221221
11112111
21122011
68
