00000000
00000000
00000000
00021000
00012000
00000000
00000000
00000000
56
00000000
00000000
00000000
00021000
00021000
00021000
00000000
00000000
37
00000000
00000000
00000000
00021000
00022200
00011000
00100000
00000000
74
00000000
00000000
00000200
00022010
00022100
00011000
00100000
00000000
52
00000000
00001000
00000100
00022010
00022220
00011000
00100000
00000000
34
00000000
00001020
00000200
00122010
00012220
00011000
00100000
00000000
85
00000000
00001020
00000200
00122010
00021111
00211000
00100000
00000000
35
00000000
00001020
00000200
02222010
00111111
00111000
00100000
00000000
81
00000001
00001010
00000100
02221010
00121111
00112000
00100200
00000000
13
00000001
00001010
10000100
01221010
00221111
00212000
00200200
00200000
47
00000001
00001010
10000100
01221010
00221111
00221000
00220200
00220000
28
00000001
00001010
10000100
01221010
00221111
00221000
00122200
01220000
26
00000001
00001010
10000100
01222210
00221111
01111000
00122200
01220000
78
00000001
00001010
10000100
01222210
00222211
01111200
00122100
01220010
53
00000001
00001010
10001100
01211110
02221211
01211200
00122100
01220010
15
00000001
00001010
10201100
01221110
11112211
01211200
00122100
01220010
58
00000001
00001010
10201120
01221210
11112211
01111200
00111100
01111010
82
00000001
00001011
10201110
01221110
12111211
22222200
00111100
01111010
23
00000001
00001011
11201110
01121110
12111211
22222200
00112200
01111210
14
00000001
02001011
12201110
12121110
12111211
22122200
00112200
01111210
12
00002001
12002011
11202110
12122110
12112211
22122200
00112200
01111210
76
00002001
12002011
11202110
12122110
12112211
22111210
00112220
01111210
87
00002001
12002011
11202110
12122110
12122211
22211210
02111111
01111210
17
00002001
12002011
11222110
12222110
12122211
11211210
11111111
01111210
11
10002001
11002011
11122110
12212110
12121211
11211110
12111111
22222210
42
12002001
12012011
12111110
12212110
12121211
11211110
12111111
22222210
31
11122001
11022011
12121110
12222110
12121211
11211110
12111111
22222210
32
11122001
11122211
11112210
12221210
12121211
11211210
12111211
22222210
71
11122011
11122111
11111210
12211210
12121211
11211210
12111221
22222222
61
11111111
11121111
11111210
12211210
12121221
11211222
12111222
22222222
84
