00000000
00000000
00000000
00012000
00022000
00002000
00000000
00000000
64
00000000
00000000
00002000
00012100
00022000
00002000
00000000
00000000
66
00000000
00000000
00022000
00022100
00021000
00002100
00000000
00000000
33
00000000
00000000
02222000
00012100
00021000
00002100
00000000
00000000
35
00000000
00000000
02222000
00222100
00121000
00002100
00000000
00000000
32
00000000
00100000
02122000
02222100
00121000
00002100
00000000
00000000
15
00000000
00100000
02122000
01222100
10122200
00002100
00000000
00000000
46
00000000
00100000
02122200
01222200
10121200
00011100
00000000
00000000
14
00000000
00100000
01122200
11222200
10221200
02011100
00000000
00000000
75
00000000
00100000
01122200
11222200
10221210
02012200
00000200
00000000
76
00000000
02100000
01212200
11221200
10221110
02011110
00000200
00000000
52
00000000
02101000
01211200
11221200
10222110
02011210
00000220
00000000
21
01000000
21101000
02211200
11221200
10222110
02011210
00000220
00000000
58
01000000
21101000
02211200
11221200
10222110
02012210
00000220
00001020
42
01200000
21221000
02212200
11221200
10222110
02012210
00000220
00001020
68
01200000
21221000
02212200
11221220
10222220
02012120
00000120
00001120
88
01200000
21221000
02212200
11221220
10222220
02022120
00020110
00001111
73
01200000
21221000
02211110
11221210
10222210
02022120
00020112
00001111
48
01202000
21222000
02212110
11212210
10212210
02012120
00010112
00011111
85
01202000
21222200
02212210
11212210
10212211
02012110
00010112
00011111
41
01112000
21111200
22212110
12212210
10212211
02012110
00010112
00011111
71
01112010
21111100
22211110
12212210
10212211
02022110
00210112
00011111
27
01112210
21112200
22221210
12212210
10212211
02022110
01110112
00011111
72
01112210
21111110
22221110
12211210
10212211
02022110
01120112
00211111
25
22222210
22111110
21211110
11111210
11112211
01022110
01120112
00211111
28
22222210
22111110
21211110
11111210
11112211
01022110
22220112
01111111
57
22222210
22111210
21211120
11111222
11111211
01011110
22221112
01111111
86
22222210
22111220
21211122
11111222
11111211
01011111
22221111
01111111
16
22222210
22111220
21211222
11212222
11221211
11211111
21221111
01111111
18
22222222
22111220
21211222
11212222
11221211
11211111
11221111
11111111
82
