00000000
00000000
00000000
00012000
00022200
00000000
00000000
00000000
64
00000000
00000000
00000200
00012200
00022200
00000000
00000000
00000000
74
00000000
00000000
00200200
00021110
00022200
00000000
00000000
00000000
34
00000000
00000000
00202200
00112110
00022200
00000000
00000000
00000000
66
00000000
00000000
00222200
00122110
00021100
00000100
00000000
00000000
56
00000000
00000000
00222200
00222110
02011100
00001100
00000000
00000000
24
00000000
00000000
00222200
01111210
02011200
00001200
00000200
00000000
75
00000000
00000000
02222200
02211210
02021110
00002200
00000200
00000000
47
00000000
00000000
02222200
02211220
02022222
00001200
00010200
00000000
52
00000200
00002000
02221200
02211220
02022222
00001200
00010200
00000000
51
00001200
00001000
02221200
02211220
02022222
00002200
00012200
00000000
71
00021110
00002000
02221200
02211220
02022222
00002200
00012200
00000000
84
00021110
00002000
02221202
02211122
02022222
00002200
00012200
00000000
77
00021110
00002000
02221202
02211122
02021222
00002100
00011210
00000020
46
00021110
00002000
02221202
02212122
02021222
00211100
00011210
00000020
73
00021110
00022000
02222112
02212222
02021222
00211100
00011210
00000020
27
00021110
00022000
02222112
02221222
02222222
00111100
01011210
00000020
32
02021110
00222000
02122112
02122222
02122222
00111100
01011210
00000020
12
02021110
10222000
01222112
02222222
02222222
00221100
01222210
00000020
16
02021110
10221002
01212122
02122222
01222222
10221100
01222210
00000020
76
02021110
10221022
01212222
02122222
01222122
10221110
01222210
00000020
14
02021110
10221022
01212222
11122222
01222122
10222222
01222210
00000020
62
02021110
10221122
01212122
11122122
01222122
10222222
22222210
00000020
81
02021111
10221112
01212122
11122122
01222122
10222222
22222220
00000220
28
02021111
10221112
01212122
11122122
01221122
10212222
22222220
01200220
87
02021111
10221111
01212121
11122121
01221121
10212211
22222221
22200220
58
02021111
10221111
01212121
11122121
01221121
12222211
22211121
22201220
88
02021111
12221111
02212121
12122121
02221121
12222111
22211111
22201111
31
02111111
12111111
02111121
12122121
02221121
12222211
22222111
22221111
13
02111111
11111111
11111121
11122121
22121121
22212211
22221111
22221111
11
