00000000
00000000
00000000
00021000
00012000
00000000
00000000
00000000
43
00000000
00000000
00210000
00021000
00012000
00000000
00000000
00000000
23
00000000
00000000
01112000
00022000
00012000
00000000
00000000
00000000
66
00000000
00000000
22222000
00012000
00011000
00000100
00000000
00000000
62
00000000
00000100
22221000
00012000
00021000
00200100
00000000
00000000
46
00000000
00002100
22222000
00012000
00011000
00210100
00000000
00000000
63
00000000
00002100
22222220
00011000
00011000
00210100
00000000
00000000
22
02000000
02002100
22122220
00011000
00011000
00210100
00000000
00000000
32
02000000
02102100
22112220
00012000
00012000
00222100
00000000
00000000
67
02000000
02102220
22112220
00012000
00012000
00221100
00000100
00000000
71
02002010
02102220
22111220
00012000
00012000
00221100
00000100
00000000
61
02002110
02222220
22121220
00022000
00022000
00221100
00000100
00000000
83
02002110
02222210
22121111
00022000
00022000
00222100
00000200
00000020
12
02022110
11221110
22121111
00022000
00022000
00222100
00000200
00000020
68
02022110
11222222
22121111
00022000
00022000
00222100
00000100
00000120
81
02022111
11222211
22221111
00222000
00022000
00222100
00000100
00000120
35
02022111
11222211
22221211
00212020
00122000
00222100
00000100
00000120
65
02022111
11222211
22221211
00212010
00111200
00222220
00000100
00000120
14
02022111
11222211
12221211
10212010
02222200
00222220
00000100
00000120
47
22022111
12222211
12221211
10212010
01212100
00111220
00010100
00000120
85
22022111
12222211
12221211
10212010
01212201
00111220
00010102
00000120
64
22022111
12222111
12221111
10211110
02211101
20111120
00010102
00000120
31
22111111
21112111
22121111
20111110
22111101
20111120
00010102
00000120
86
22111111
21112111
22121111
20111112
22111102
20111112
00010102
00000120
24
22111111
22112111
21221111
21121112
22112102
20111212
00010122
00000120
88
22111111
22112111
21221111
22121111
22212101
20122211
00012221
00000111
58
22111111
22112111
21221111
22121111
22211101
22221211
00011121
00001111
17
22111111
22112111
21221111
22111111
22111101
22221211
10222221
00001111
27
22111111
22112111
22221111
22111111
22111101
22121211
12211111
02001111
75
22111111
22112111
22221111
22111111
22111111
22121111
22211111
22001111
38
