00000000
00000000
00000000
00021000
00012000
00000000
00000000
00000000
34
00000000
00000000
00002000
00112000
00012000
00000000
00000000
00000000
63
00000000
00000000
00202100
00121000
00012000
00000000
00000000
00000000
32
00000000
00100000
00102100
02221000
00012000
00000000
00000000
00000000
52
00002000
00102000
00102100
02222000
00012000
00000000
00000000
00000000
15
00002000
00102000
00102100
01222000
10022000
00002000
00000000
00000000
66
00002000
00102000
00102100
01212000
10021000
00002220
00000000
00000000
57
00002000
00102000
00102100
01212000
10021000
00002220
00001200
00000000
64
00002000
00102000
00102100
01221100
10221000
00002220
00001200
00000000
43
00202000
00202000
00211100
01221100
10221000
00002220
00001200
00000000
61
00202220
00201000
00211100
01221100
10221000
00002220
00001200
00000000
25
00202220
00201000
00211100
01121100
11111000
00002220
00002200
00020000
22
00202220
01201000
00121100
01112100
11111200
00002220
00002200
00020000
42
00202220
01111000
00111100
22222100
11111200
00002220
00002200
00020000
68
00202220
01111000
00111100
22222100
11112100
00002220
00002220
00020100
23
00202220
01112000
01121100
21222100
22112100
20002220
00002220
00020100
88
00202220
01112000
01121100
21222100
22121100
20022120
00002210
00020101
47
00202220
01112000
01111200
21212220
22111100
20011120
00011110
00020101
72
00202220
01112010
01111100
21211220
22222220
20011220
00012110
00020101
87
00202220
01112210
01112200
21221220
22222120
20011210
00012111
00020101
83
00202220
01112210
01112201
21221210
22222120
20011222
00012111
00020101
26
00202220
01112210
01112201
21221222
21222120
21011222
00012111
00020101
58
00202220
02112210
22222201
22221222
21222120
21011222
00011111
00021101
36
00202220
02112210
22122201
22121222
21212120
22111222
20011111
00021101
12
02202220
12212210
22122201
22121222
21212120
22111222
20011111
00021101
18
02202220
12212222
12122202
12121222
11212120
12111222
10011111
10021101
81
02222221
12222212
12122102
12121222
11212120
12111222
10011111
10021101
38
02222221
12222212
12122102
12121222
11212120
12221222
10211111
10111101
27
02222221
12222222
12122222
12121222
11212120
11121222
11111111
10111101
11
11111111
11222222
12122222
12221222
11222120
11122222
11111221
10111121
85
