00000000
00000000
00000000
00021000
00012000
00000000
00000000
00000000
34
00000000
00000000
00002000
00112000
00012000
00000000
00000000
00000000
65
00000000
00000000
00002000
02222000
00011100
00000000
00000000
00000000
52
00000000
00001000
00001000
02221000
00021100
00020000
00000000
00000000
33
00000000
00001000
00101000
02222200
00022100
00020000
00000000
00000000
63
00000000
02001000
00201100
02222100
00022100
00020000
00000000
00000000
14
00000000
02001000
00201100
11111100
00022220
00020000
00000000
00000000
32
00002000
02102000
00102100
11112100
00022220
00020000
00000000
00000000
37
00002000
02102000
00102100
11112100
00021220
00020000
00120000
00000000
43
00002000
02102000
00111100
11112100
00021220
00020000
02220000
00000000
76
00002000
02102000
00111120
11111200
00022120
00020010
02220000
00000000
41
00012000
02101020
00111220
11112200
00022120
00020010
02220000
00000000
11
12012000
01201020
00121220
11112200
00022120
00020010
02220000
00000000
42
12012000
01111020
00111220
11112200
00022220
00020020
02220002
00000000
74
12012000
01111220
00111220
11111210
00022220
00020020
02220002
00000000
48
12012000
22222220
00111220
11111210
00012220
00010020
02210002
00010000
13
12012000
12222220
12222220
11111210
00012220
00010020
02210002
00010000
71
12222010
12222110
12221210
11111210
00012220
00010020
02210002
00010000
28
12222210
12222210
12221210
11111210
00012220
00010020
02110002
01010000
26
12222210
12222210
12222210
11221210
00222220
01010020
01110002
01010000
66
12222210
11222210
12122210
12211210
02221220
01010120
01110002
01010000
85
12222210
11222210
12122210
12211210
02221111
01020120
01112002
01010000
15
12222210
11222210
12122210
11212210
11122111
01022220
01112002
01010000
77
12222210
11222210
12122210
11222210
11221111
02022110
22222012
01010000
58
12222210
11222222
12122220
11222210
11221111
02021110
22221012
01011000
83
12222210
11222222
12111111
11222210
12221111
22021110
22221012
01011000
36
12222210
11222222
12111111
11221210
11121211
22112210
22222222
01011000
18
12222210
11222222
12111122
11221222
11121221
12112210
11222222
11011000
81
12222211
11222211
12111121
11221221
11121221
12112222
11222222
11011000
68
12222211
11222211
12111121
11221121
11121121
12112122
11221222
11011120
38
12222211
11222211
12111121
11221121
11121121
12111122
11111222
11111120
88
