00000000
00000000
00000000
00222000
00021000
00000000
00000000
00000000
53
00000000
00000200
00002000
00221000
00021000
00000000
00000000
00000000
36
00000000
00000200
00002000
00221000
00021000
00120000
00000000
00000000
33
00000000
00000200
00102000
00211000
00021000
00220000
02000000
00000000
18
00000000
00000200
00102000
00212000
00022000
00122000
01000000
10000000
63
00000000
00000200
00102200
00222200
00012000
00122000
01000000
10000000
66
00000000
00000200
00102200
00212200
00012000
00112100
01002000
10000000
48
00000000
00000200
00102200
00212200
00012000
00112220
01001000
10010000
73
00000000
00200200
00202210
00212100
00011000
00112220
01001000
10010000
42
00000000
00210200
00201222
00212100
00011000
00112220
01001000
10010000
82
00000000
00210201
00201212
00212220
00011000
00112220
01001000
10010000
67
00000000
00210201
00201212
00212220
00021000
00112220
01001200
10010020
24
00000000
00210201
00122212
01122220
00021000
00112220
01001200
10010020
35
00000000
00210201
00122212
01122220
00111000
00112220
01002200
10012020
52
00000000
00211201
00111222
01121222
00111000
00112220
01002200
10012020
21
01002000
00112201
00112222
01122222
00112000
00112220
01002200
10012020
72
01002000
02111111
00212122
01121222
00112000
00112220
01002200
10012020
12
01002000
11111111
00212122
01121222
00112000
00112220
01002200
10222020
77
01002000
11111111
00112122
01111222
00111000
20112120
02002210
10222020
47
01002000
11111111
00112122
01111222
02111000
20212120
02021110
10222020
86
01022000
11122111
00122222
01121222
02121000
20222111
02021110
10222020
15
01022000
11122111
00122222
22221222
22121000
20222111
02021110
10222020
75
01022000
11122111
00122212
22221212
22122010
20222211
02021120
10222022
31
01122000
11112111
00121212
22221112
22222010
22222211
02021120
10222022
87
01122000
11112111
00121212
22222222
22222210
22222211
02021111
10222022
17
01122000
11212111
02221212
22212222
22122210
21222211
12021111
10222022
28
22222000
12212111
02221212
22212222
22122210
21222211
11021111
11222022
13
22222020
12212121
11111222
11212222
12122210
11222211
11021111
11222022
81
22222021
12212111
11111122
11211222
12112222
11122222
11021212
11222022
61
22222111
12211111
11111122
11211222
12112222
11122222
11022222
11222222
37
