00000000
00000000
00020000
00022000
00021000
00000000
00000000
00000000
35
00000000
00000000
00020000
00022000
00112000
00002000
00000000
00000000
42
00000000
00010000
00210000
00022000
00112000
00002000
00000000
00000000
53
00000000
00210000
00221000
00012000
00112000
00002000
00000000
00000000
57
00000000
00222000
00221000
00011000
00111000
00001000
00001000
00000000
51
00001000
00222200
00221000
00011000
00111000
00001000
00001000
00000000
23
00001000
00222200
02111000
20011000
00111000
00001000
00001000
00000000
61
00001100
00221200
02222200
20011000
00111000
00001000
00001000
00000000
72
00001120
00221210
02222100
20011000
00111000
00001000
00001000
00000000
13
00001120
00221210
11112100
20021000
00211000
02001000
00001000
00000000
22
00001120
01111210
11112100
20021000
00222200
02001000
00001000
00000000
81
00021111
01221210
12122100
20021000
00222200
02001000
00001000
00000000
17
00021111
01221110
12121100
20011000
00122200
01002000
10002000
00002000
76
02021111
02221110
12121100
20011000
00122100
01002010
10002000
00002000
47
02021111
02221110
12221100
22011000
00122100
01001010
10012000
00002000
66
02021111
02221110
12221100
22011000
00221100
01021110
10012000
00002000
37
02021111
02222222
12221100
22011000
00221100
01011110
10112000
00002000
67
02021111
02222222
12221100
22011000
00222220
01011110
10111100
00002000
74
02021111
02222222
12221100
22011010
00222110
01211110
10121100
00002000
73
02021111
02222112
12221110
22012010
00222210
01211120
10121102
00002000
77
02021111
02222112
12221110
22012010
00222210
01211110
10221112
00202000
64
02021111
02222112
12222222
22011120
00221210
01212110
10221112
00202000
12
02021111
11111112
12222222
22011120
00221220
01212120
10221222
00202020
88
02021111
11111112
12222222
22222220
00221220
01212120
10221212
00202021
85
02021111
11111112
12222122
22222210
20221111
02212120
10221212
00202021
68
02221111
11221112
12222122
22222210
20221111
02212120
10221112
00202111
28
02221111
11221112
12222122
22222210
20221111
02212120
10121112
22202111
48
02221111
11221112
12222122
22222210
20221121
02212122
10111112
22211111
27
02221111
11221112
12222122
22221222
20211122
02112122
11111112
22211111
25
02221111
11221112
11212122
21121222
21111122
22222122
22111112
22211111
11
