00000000
00000000
00020000
00022000
00021000
00000000
00000000
00000000
33
00000000
00000000
00120000
00012000
00022200
00000000
00000000
00000000
64
00000000
00000000
00120020
00011200
00022200
00000000
00000000
00000000
53
00000000
00020000
00122020
00021200
00022200
00000000
00000000
00000000
51
00001000
02010000
00222020
00021200
00022200
00000000
00000000
00000000
36
00201000
02020000
00222020
00021200
00012200
00100000
00000000
00000000
34
00201000
02020000
00222020
00221200
00222200
00100000
00000000
00000000
24
00201000
02010000
02222020
01211200
00222200
00100000
00000000
00000000
56
00201000
02010000
02222020
01221200
00222200
00101200
00000000
00000000
46
00201000
02010000
02212020
02211200
20112200
00111200
00000000
00000000
32
00201000
02110000
02112020
02111200
20212200
00122200
00002000
00000000
13
00221000
02120000
11122020
02121200
20222200
00122200
00002000
00000000
52
00221000
02211000
12111020
22121200
20222200
00122200
00002000
00000000
77
00221000
22211000
22111020
22111200
20221200
00122100
00002010
00000000
75
00221000
22222200
22112020
22121100
20221110
00122100
00002010
00000000
48
00222200
22222200
22112020
22121100
20221110
00122100
00001010
00010000
37
00222200
22222200
22112020
22121100
20221110
00212100
02101010
00010000
25
00222200
22222200
22112020
22121200
21111120
00212102
02101010
00010000
11
10222200
21222200
22122020
22221200
22111120
20212102
02101010
00010000
67
12222200
22222200
22122020
22221200
22111120
20211102
02101110
00010000
71
11111110
22222100
22121020
22211200
22211220
20221202
02102220
00010200
85
11111110
22222220
22121020
22211200
22211111
20221202
02102220
00010200
74
11111110
22222210
22122210
22212210
22221211
20221202
02102220
00010200
88
11111112
22222220
22122210
22212210
22221211
20221102
02102210
00010201
78
11111112
22222220
22122210
22212210
22221211
20221102
02102222
00010211
76
11111112
22122222
22112220
22211210
22221111
20221112
02102212
00010211
18
11111112
22122222
22112220
22211210
22211111
20221112
02202212
10210211
17
11111112
12122222
12112220
12211222
12211122
10221212
12202212
10210211
58
11111112
12122222
12112220
12211222
12211222
10222212
12222222
10211111
83
11111112
12122212
12111111
12211221
12211221
10222211
12222221
10211111
28
11111112
12122212
12111111
12211221
12211221
10212211
12122221
11111111
26
