00000000
00000000
00000000
00012000
00022200
00000000
00000000
00000000
66
00000000
00000000
00000000
00012000
00021200
00000200
00000200
00000000
77
00000000
00000000
00000000
00222000
00021200
00000100
00000210
00000000
68
00000000
00000000
00000000
00222000
00022200
00002100
00000110
00000100
33
00000000
00000000
00100000
00212000
00021200
00002100
00000210
00000120
88
00000000
00000000
00120000
00222000
00021200
00002100
00000210
00000111
23
00000000
00000000
01120000
02222000
00011200
00001100
00000110
00000111
75
00000000
02000000
02220000
02222000
00011110
00001100
00000110
00000111
11
12000000
02000000
02120000
02212000
00011110
00001100
00000110
00000111
42
12000000
02010000
02110000
02212000
00011210
00001120
00000110
00000111
25
12000000
02010000
02110000
02112000
01011222
00001120
00000110
00000111
63
12000000
02010000
02110100
02111000
01222222
00001120
00000110
00000111
87
12000000
02010000
02110100
02111000
01222122
00002210
00002111
00000111
31
11100000
02010000
02110100
02111000
22222122
00002210
00002111
00000111
74
11100000
02012000
02120200
02211020
22222112
00002210
00002111
00000111
26
11100000
01012000
01120200
01211020
21122112
01002222
00002111
00000111
62
11100000
01011100
01120200
01211020
21122112
02002222
00202111
00000111
46
11100000
01011100
01120200
01211020
22112112
22012222
00201111
00000111
84
11100000
01011100
01120200
01211021
22112111
22012221
00202211
00002111
48
11120000
01022100
01120200
01211021
22112111
22012121
00201211
00011111
47
11120000
01022100
01122200
01222021
22212111
22011121
00211211
00011111
32
11120000
01111100
22222200
02221021
22212111
22011121
00211211
00011111
14
11122000
01122100
21222200
11111021
22212111
22011121
00211211
00011111
73
11122000
01122100
21111110
11111011
22212111
22222221
00211211
00011111
12
11122000
11122100
11112110
11111211
22212211
22222221
00211211
00011111
61
11111100
11121100
11112222
11111221
22212211
22222221
00211211
00011111
72
11111102
11121120
11112212
11112211
22222211
22222221
00211211
00011111
82
11111122
11121221
11112221
11112221
22222221
22222221
00211211
00011111
28
11111122
11121221
11112211
11112121
22221221
22212221
00221211
01211111
27
11111122
11121221
11112211
11112121
21221221
22212221
22222211
01211111
18
