00000000
00000000
00000000
00222000
00021000
00000000
00000000
00000000
35
00000000
00000000
00000000
00222000
00112000
00000200
00000000
00000000
53
00000000
00000000
00001000
00212000
02222000
00000200
00000000
00000000
26
00000000
00000000
00201000
00222000
02122000
01000200
00000000
00000000
15
00000000
00000000
00201000
00222000
11222000
01200200
00000000
00000000
65
00000000
00000000
00201000
00222000
11111200
01200220
00000000
00000000
23
00000000
00000000
01201000
02222000
11111200
01200220
00000000
00000000
22
00000000
01000000
01101000
02212000
12111200
22200220
00000000
00000000
64
02000000
02000000
02101000
02211100
12111200
22200220
00000000
00000000
37
02000000
02000000
02101200
02211200
12111200
21100220
00100000
00000000
12
02000000
12000000
01101200
02111200
12111200
21200220
00120000
00000000
75
02000000
12000000
01101200
02222220
12111120
21200220
00120000
00000000
46
02000000
12000000
01101200
02222220
12211120
21120220
00122000
00000000
48
02000000
12000000
01101200
22222220
22211120
21110220
00112000
00010000
32
02000000
11100000
01101200
22222220
22211120
21210220
00212000
00210000
77
02000000
11102000
01102200
22222220
22211120
21210120
00212010
00210000
84
02000000
11102000
01102200
22222221
22211110
21210120
00222010
00222000
73
02020000
11202000
02102210
22222111
22211110
21210120
00222010
00222000
31
02120000
11102002
02102220
22222211
22212110
21220120
00222010
00222000
72
02120000
11102012
02102110
22221211
22212120
21220122
00222010
00222000
51
02111000
11121012
02202110
22221211
22212120
21220122
00222010
00222000
87
02111000
11121012
02202110
22221211
22212220
21220212
00222211
00222000
56
02111000
11122222
02202210
22221211
22211120
21111112
00222211
00222000
27
02111000
11122222
02202210
22221211
22211120
22111112
21111111
00222000
11
11111000
11122222
02202210
22221221
22211122
22111122
21111211
00222000
68
11111000
11122222
02202210
22221221
22212122
22121122
22211111
02222100
83
11111000
11122222
02222211
22222211
22212222
22121122
22211111
02222100
71
11111010
11122212
02222211
22222211
22212222
22121222
22211122
02222102
81
11111011
11122211
02222211
22222211
22222222
22122222
22211222
02222222
13
11111011
11122211
11111111
21222211
22122222
22112222
22211222
02222222
18
11111011
11122211
11111111
11222211
12122222
12112222
11211222
12222222
61
