00000000
00000000
00000000
00021000
00012000
00000000
00000000
00000000
34
00000000
00000000
00000000
00111000
00222000
00000000
00000000
00000000
46
00000000
00000000
00200000
00221000
00212000
00010000
00000000
00000000
56
00000000
00000000
00200000
00221000
00221000
00012000
00000200
00000000
36
00000000
00000000
00200000
00221000
00211000
00212000
00200200
00000000
23
00000000
00000000
01202000
00122000
00212000
00212000
00200200
00000000
28
00000000
00000000
01202000
00122000
00212000
00222000
00102200
01000000
27
00000000
00000000
01202000
00122000
00212000
00222000
01202200
01200000
32
00200000
00200000
01202000
00222000
00212000
00222000
01202200
01200000
43
00200000
00200000
01112000
00212000
00212000
00222000
02202200
22200000
65
00200000
00202000
01122000
00211000
00211100
00222000
02202200
22200000
41
00210000
00102000
22222000
00211000
00211100
00222000
02202200
22200000
42
00210000
00112000
22212000
00221000
00212100
00222200
02202200
22200000
62
00210000
00111100
22212000
00222200
00212200
00222200
02202200
22200000
26
02210000
00211100
22221000
00212200
00112200
01222200
02202200
22200000
75
02210000
00211100
22221000
02212100
00211110
01222200
02202200
22200000
12
02210000
10211100
21221000
02112100
00211110
22222200
02202200
22200000
58
02210000
10221100
21222000
02112200
00211120
22221202
02201200
22201000
25
02210200
10222100
21222000
01112200
01111120
22221202
02201200
22201000
73
02210200
10222220
21222010
01112100
01111120
22221202
02201200
22201000
11
11110200
10222222
21222020
01112200
01112120
22221202
02201200
22201000
85
11110200
10222222
21222020
02112200
22222111
22221202
02201200
22201000
87
11110200
10222222
21222020
02112202
22222121
22221201
02201201
22201000
47
11110200
10222222
21222020
02112202
22212122
22211202
02211202
22201002
63
11110200
10221222
21111120
02222222
22212222
22212202
02221202
22201002
81
11110201
10221212
22111120
22222222
22212222
22212202
02221202
22201002
68
11110201
10221212
22111120
22222122
22212122
22212202
02222222
22201102
51
11111201
10211212
22111120
22222122
22212222
22212222
02222222
22201102
78
11111201
10211212
22111110
22222112
22212212
22211212
02222112
22222222
17
11111201
10211222
12222222
12212122
12112212
11211212
11111112
22222222
71
11111111
10211112
12221212
12212112
12112212
11211212
11111112
22222222
22
