00000000
00000000
00020000
00022000
00021000
00000000
00000000
00000000
53
00000000
00000000
00021000
00022000
00022200
00000000
00000000
00000000
56
00000000
00000000
00022200
00022000
00021200
00001000
00000000
00000000
75
00000000
00000000
00022200
00022000
00022222
00001000
00000000
00000000
34
00000000
00000000
00022200
00122000
00012222
00002000
00002000
00000000
64
00000000
00000000
00022200
00121100
00022222
00022000
00002000
00000000
42
00000000
00012000
00022200
00122100
00022222
00022000
00002000
00000000
61
00000100
00011000
02012200
00222100
00022222
00022000
00002000
00000000
86
00020100
00022000
02022200
00222100
00022212
00022001
00002000
00000000
35
00020100
00022000
02022200
00222100
00211112
02022001
00002000
00000000
47
00020100
00022000
02022200
00222200
00212212
02011201
00012000
00000000
68
00020100
00022000
02022200
00222200
00222212
02012201
00011200
00000100
77
00020100
00022000
02022200
00222200
00222212
02022201
00022110
00020100
31
00120100
00012000
02021200
00222100
00222212
02022201
00022120
00020102
25
00120100
00011000
02011200
00122102
01111122
02022201
00022120
00020102
33
00120100
00011000
02111200
00112102
22222222
02022201
00022120
00020102
83
00120100
00011000
02111201
00112221
22222221
02022201
00022120
00020102
38
00120100
00011000
02111201
00112211
22222221
02021221
00012120
00120102
51
00111100
00011000
02111201
00112211
22222221
02021221
00012220
00122102
17
00111100
02011000
02211201
00122211
22122221
01021221
10012220
00122102
78
00111100
02011000
02211201
00122211
22122211
01021221
10012222
00122112
62
00111100
02011100
02211101
02222111
22222111
01021121
10012122
00122112
16
00111100
02011100
02211101
02122111
22222111
12021121
12012122
00122112
13
00111120
01011200
11112101
01122111
22122111
12011121
12011122
00122112
72
00111120
01211110
11122101
01122111
22122111
12011121
12011122
00122112
81
00111111
01211110
12122101
22222111
22122111
12011121
12011122
00122112
28
00111111
22211110
22122101
21222111
21122111
11011121
11011122
01122112
36
00111111
22211110
22122221
21221221
21112121
11111121
11011122
01122112
21
21111111
22111110
21212221
21221221
21112121
11111121
11011122
01122112
82
21111111
22111111
21212211
21222121
21121121
21211121
22011122
22222112
37
