00000000
00000000
00000000
00021000
00012000
00000000
00000000
00000000
34
00000000
00000000
00200000
00121000
00012000
00000000
00000000
00000000
65
00000000
00000000
00200000
00121000
00012100
00000200
00000000
00000000
32
00000000
00100000
00102000
00122000
00012100
00000200
00000000
00000000
67
00000000
00100000
00102000
00122000
00012100
00000200
00000120
00000000
88
00000000
00100000
00102000
00112000
00021100
00200100
00000110
00000001
56
00000000
00100000
00102000
00112000
00012100
00202100
00002110
00000001
47
00000000
00100000
00102000
02222000
00012100
00201100
00011110
00000001
27
00200000
00200000
00202000
02222000
00012100
00101100
01011110
00000001
22
00200000
01200000
00102000
02212000
00012100
00102100
01012110
00002001
46
00200000
01200000
00102000
02212000
00022100
00211100
02012110
20002001
64
00200000
01220000
00202000
02211100
00021100
00211100
02012110
20002001
25
00200000
01220000
00202000
02211100
02021100
02111100
02012110
20002001
35
00200000
01220000
00202000
02211100
02111100
02222220
02012210
20002001
87
00200000
01220000
00202000
02211100
02111102
02222220
02012211
20002001
14
00200000
02220000
20202000
12111100
01211102
02122220
02012211
20002001
75
00200000
02220000
20202000
12111200
01211122
02122222
02012211
20002001
17
00200000
02220000
20202200
12112200
01121122
01222222
12012211
20002001
28
00200000
02220000
20202200
22112200
22221122
01222222
11012211
21002001
11
10200000
01220000
20102200
22112200
22221122
22222222
21012211
21002001
84
10200000
01220000
22102200
22212201
22221121
22222221
21012211
21002001
51
10201000
22210000
22102200
22212201
22221121
22222221
21012211
21002001
48
10201000
22210000
22102200
22212201
22221111
22222121
21012211
21012201
43
10201000
22210000
22112200
22211201
22221111
22222121
22222211
21012201
52
10201000
22211000
22111200
22211221
22221221
22222121
22222211
21012201
73
10201200
22212000
22121110
22211111
22221211
22222111
22222211
21012201
71
10201110
22212000
22122222
22211121
22221211
22222111
22222211
21012201
78
10221110
22222000
22122222
22211121
22221211
22222111
22222211
21011111
21
11111110
21122000
21112222
21211121
21221211
21222111
22222211
22211111
82
11111110
21122021
21112221
21211121
21221211
21222111
22222211
22211111
62
