00000000
00000000
00000000
00222000
00021000
00000000
00000000
00000000
53
00000000
00000000
00001000
00221000
00022000
00000200
00000000
00000000
56
00000000
00000000
00001200
00222000
00021000
00001200
00000000
00000000
23
00000000
00000200
01002200
00122000
00011000
00001200
00000000
00000000
72
00000000
00000210
01002100
00122000
00012000
00002200
00002000
00000000
64
00000000
00000210
01002220
00111200
00012000
00002200
00002000
00000000
71
00000010
00020110
01002220
00111200
00012000
00002200
00002000
00000000
65
00000010
00020110
01002120
00121100
00211100
00002200
00002000
00000000
33
00000010
00020110
01102120
00111200
00222220
00002200
00002000
00000000
43
00000010
00020110
22222220
00111200
00222220
00002200
00002000
00000000
74
00000010
00020110
22222210
00111120
00222222
00002200
00002000
00000000
32
00200010
00220110
22212210
00211120
00222222
00002200
00002000
00000000
76
00200010
00220112
22212220
00211210
00222112
00002210
00002000
00000000
36
00200010
00220112
22212220
00211222
00212122
00102210
00002000
00000000
24
00200010
00220112
22212220
02111222
02212122
00102210
00002000
00000000
16
00200010
00220112
22222220
02121222
01222122
10122210
00002000
00000000
67
00200210
00220212
22222220
02121222
01212122
10121110
00002100
00000000
14
00200210
00220212
22222220
11121222
01212122
10122222
00002100
00000000
26
00200210
00220112
22221220
11111222
01112122
11122222
00002200
00002000
41
00210210
00112222
21212220
11112222
01112122
11122222
00002200
00002000
68
00210210
00112222
21212220
22112222
22222122
11112122
00001100
00002100
83
00210210
02222222
22211111
22112212
22222122
11112122
00001100
00002100
12
00210210
12222222
11211111
12112212
12222122
11112222
00002100
00022100
21
01110210
11122222
11211111
12112212
12222122
11112222
00002220
00022100
78
01110210
11122222
11211111
12112212
12212112
12111212
20002110
00022110
37
01110210
11122222
11221111
12122212
12222112
11221212
20122110
00022110
18
01110210
11122222
11221111
12122212
12222112
11221212
10222110
12022110
87
01110210
11122222
11221111
12122211
12222111
12221211
12222111
12022110
51
21111110
12111122
11221111
11122211
12222111
12221211
12222111
12022110
81
21111111
12111111
11221111
11122211
12222111
12221211
12222121
12022222
38
