00000000
00000000
00020000
00022000
00021000
00000000
00000000
00000000
35
00000000
00000000
00020000
00022000
00121000
00200000
00000000
00000000
37
00000000
00000000
00020000
00022000
00122000
00100200
00100000
00000000
65
00000000
00000000
00020000
00022200
00111200
00100200
00100000
00000000
53
00000000
00000000
00021000
00222200
00111200
00100200
00100000
00000000
23
00000000
00000000
01022200
00122200
00111200
00100200
00100000
00000000
72
00000000
00000010
01022100
02221200
00111200
00100200
00100000
00000000
14
00000000
00000010
01022100
11112200
00112200
00102200
00100000
00000000
75
00000000
00000010
01022100
11212200
02111110
00102200
00100000
00000000
57
00000002
00000020
01022200
11212200
02111110
00101100
00101000
00000000
52
00000002
00001020
01021200
11221200
02122110
00121100
00101000
00000000
26
00000002
00001220
01022200
11221200
01122110
01121100
00101000
00000000
42
00000002
20011220
02021200
11221100
01122110
01121100
00101000
00000000
47
00020002
20012220
02011200
11211100
01112110
01111100
00111000
00000000
61
00020102
20011120
02011100
11211100
01112222
01111100
00111000
00000000
84
00022102
20012120
02012100
11212101
01112212
01111100
00111000
00000000
33
00022102
20012120
02112100
11112101
01112212
01121100
00211000
02000000
86
00022102
20012120
02112200
11112221
01112211
01121101
00211000
02000000
48
00022102
20012120
02112200
11112221
01112211
01122101
00112000
02012000
32
00022102
20112120
01112200
11112221
01112211
01122201
00112020
02012000
31
00111102
20112120
01112200
11112221
01112211
01122201
00122020
02222000
76
00111102
20112120
22222200
12111221
01212111
01121111
00122020
02222000
88
00111102
20112120
22222200
22111221
22212111
02121111
00222010
02222001
16
00111102
20112120
22222200
22111221
21212111
22121111
20222010
02222001
82
00111102
20112111
22222200
22111221
21212121
22121121
20222020
02222021
87
02111102
20212111
22222200
22111221
21212121
22121111
20222021
02222021
11
11111122
20212211
22222200
22111221
21212121
22121111
20222021
02222021
68
11111122
20212212
22222202
22111221
21212121
22121111
20222011
02222111
18
11111122
10212222
12222222
12111221
11212121
12121111
10222011
11111111
22
11111122
11112222
11122222
11111221
11212221
12121211
10222211
11111111
27
