00000000
00000000
00020000
00022000
00021000
00000000
00000000
00000000
33
00000000
00000000
00120000
00222000
00021000
00000000
00000000
00000000
35
00000000
00000000
00120000
00122000
00112000
00000200
00000000
00000000
65
00000000
00000000
00120000
00122000
00211100
02000200
00000000
00000000
63
00000000
00000000
00120100
02221000
00211100
02000200
00000000
00000000
32
00000000
00100000
00110100
02221000
00222220
02000200
00000000
00000000
14
00000000
00100000
00112100
11122000
00222220
02000200
00000000
00000000
46
00000000
00100000
00112100
11112000
00122220
02210200
00000000
00000000
56
00000000
00100000
00112100
11112000
00112220
02221200
00200000
00000000
62
00000000
02100100
00211100
11122000
00112220
02221200
00200000
00000000
85
00000000
02100100
00211100
11122000
00111211
02221220
00200000
00000000
42
02000000
02210100
00121100
11122000
00111211
02221220
00200000
00000000
28
02000000
02210100
00121100
11122000
00121211
02222220
00120000
01000000
48
02000000
02210100
00111100
11112000
02222211
02212220
00110000
01010000
31
02220000
02120100
00121100
11122000
02222211
02212220
00110000
01010000
51
02221000
02110100
20121100
12122000
02222211
02212220
00110000
01010000
27
02221020
02110200
20122100
12121000
02212211
02112220
01110000
01010000
16
02221020
02110200
20122220
12121000
01212211
11112220
01110000
01010000
64
02221020
02120200
20122220
12121200
01211221
11112222
01110000
01010000
74
02221020
02120200
20122220
12122110
01212121
11122222
01112000
01010000
84
02221020
02120100
20122210
12122111
01212111
11122122
01112000
01012000
52
02222220
02111100
20112110
12122111
01212111
11122122
01112000
01012000
68
02222220
02111100
20112110
22122111
22212111
11122122
01112000
01011100
12
02222220
11111100
10112110
12122111
12212111
12122122
22222000
01011100
67
02222220
12211100
12222110
12122111
12212111
12121112
22222100
01011100
11
12222220
11211100
12122110
12212111
12221111
12122112
22222200
01011120
18
12222220
11222220
12122210
12212111
12221111
12122112
11222200
11011120
87
12222220
11222220
12122210
12212111
12221111
12122111
11222201
11222220
77
12222220
11222222
12122220
12212211
12222111
12122111
11111111
11222220
83
12222220
11222222
12111112
12212212
12222112
12122212
11111122
11222222
81
