00000000
00000000
00000000
00021000
00012000
00000000
00000000
00000000
56
00000000
00000000
00000000
00022200
00011000
00001000
00000000
00000000
53
00000000
00000000
00001000
00021200
00012000
00001200
00000000
00000000
65
00000000
00020000
00002000
00021200
00011100
00001200
00000000
00000000
73
00000000
00020000
00002010
00022220
00011100
00001200
00000000
00000000
52
00000000
00021020
00001020
00021220
00011100
00001200
00000000
00000000
77
00000000
00021020
00001020
00021220
00012100
00001200
00000020
00000002
32
00200000
00121020
00002020
00021220
00012100
00001200
00000020
00000002
83
00200000
00121020
00002021
00021210
00222100
00001200
00000020
00000002
63
00200000
00221020
00202111
00021110
00222100
00001200
00000020
00000002
67
00200000
00221020
00202121
00021220
00222220
00001100
00000120
00000002
43
00202000
00222020
00212121
00022220
00222220
00001100
00000120
00000002
41
00212000
00211020
00212121
00022220
00222220
00002100
00020120
00000002
85
00212000
00211020
00212121
00022222
00222221
00002100
00020120
00000002
86
00212000
00211020
00211121
00022122
00222221
00002201
00022220
00000002
82
00212000
00222221
00212221
00022222
00222221
00002201
00022220
00000002
22
00212002
01111122
00212222
00022222
00222221
00002201
00022220
00000002
24
00212002
01111122
02222222
01022222
00222221
00002201
00022220
00000002
58
00212002
01111122
02221222
02021222
20221221
00001201
00021220
00001002
87
00212022
01111222
02222222
02021222
20221221
00001201
00021111
00001002
36
00212022
01111222
02222222
02021222
20211221
00101201
00012111
00021002
38
02212022
02211222
02222222
02021222
20211221
00101201
00012111
00111002
76
02212022
02211222
02222222
02021222
20211121
00101121
00012121
00111022
34
02212022
02211222
02212222
02112222
20121121
00201121
02012121
00111022
13
02212022
02211222
11112222
01112222
20122121
00222221
02012121
00111022
16
02212022
02211222
11112222
01112222
20122121
20222221
21012121
00111022
26
02212022
02211222
11112222
01112222
20122121
21211111
22012121
20111022
61
02211122
02211122
11112122
01112122
20122121
22221111
22222121
20111022
68
02211122
02211122
12112122
22222122
20122121
22211111
22221111
20111122
12
02211122
11111122
11112122
22122122
22222121
22211111
22221111
20111122
28
