00000000
00000000
00000000
00012000
00022000
00002000
00000000
00000000
46
00000000
00000000
00000000
00012000
00222000
00012000
00000000
00000000
64
00000000
00000000
00000200
00012100
00221000
00012000
00000000
00000000
62
00000000
00000100
00000100
00012220
00221000
00012000
00000000
00000000
73
00000000
00000100
00000110
00012120
00221000
00022000
00020000
00000000
36
00000000
00000100
00000110
00011120
00211000
00222000
00220000
00000000
28
00000000
00000100
00000110
00011120
00211000
00222000
00122000
01000000
27
00000000
00000100
00000110
00011120
02211000
00222000
01122000
01000000
26
00000000
00000100
00002110
00012120
02112000
01222000
01122000
01000000
68
00000000
00000102
00002120
00012220
02112000
01212000
01121000
01000100
48
00000000
00000102
00002120
00012220
02112000
01212000
02111000
21010100
24
00000000
00002102
00002220
01012220
01112000
01212000
02111000
21010100
17
00000000
00002102
00002220
21012220
02112000
01212000
11111000
21010100
65
00000000
00002102
00002120
21012120
02111100
01222200
11111000
21010100
84
00000000
00002102
00002110
21012111
02111100
22222200
21111000
21010100
15
00000000
00002222
00002210
21012111
11111100
21222200
21111000
21010100
41
00010000
00001222
00002110
21012111
11111100
21222200
22221000
22210100
77
00010000
00001222
00002110
21012111
11111100
21222100
22222010
22222100
67
00010000
00001222
00002110
22222111
12211100
21221100
22222110
22222100
43
00010000
00001222
00011110
22211111
12211100
21221100
22222222
22222100
61
00010100
00001122
00011120
22211121
12222220
21221200
22222222
22222100
81
00010101
00201112
00021120
22212121
12222220
21221200
22222222
22222100
78
00010101
00201112
00221120
22222121
12222220
21221200
22222122
22222110
76
00010101
00201112
00222222
22222121
12222210
21221110
22222112
22222110
13
00010101
20201112
20222222
21222121
22122210
21211110
22221112
22222110
21
01010101
20122222
20222222
21221121
22122110
21211110
22221112
22222110
71
01010111
20122112
22221212
22211111
22122110
21211110
22221112
22222110
22
21010111
22122112
21221212
21221111
21122110
21211110
22221112
22222110
51
21011111
22111112
21121212
21221122
21122222
21211120
22221212
22222110
86
22211111
22211111
21221211
21221121
21122211
21211111
22221212
22222110
88
