00000000
00000000
00000000
00012000
00022000
00002000
00000000
00000000
64
00000000
00000000
00020000
00021100
00022000
00002000
00000000
00000000
32
00000000
00100000
00010020
00021200
00022000
00002000
00000000
00000000
34
00000000
00100000
00010220
00112200
00022000
00002000
00000000
00000000
65
00000000
00100000
00010220
00111220
00022200
00002000
00000000
00000000
76
00000000
00100000
00210220
00121220
00022100
00002010
00000000
00000000
35
00000000
00100000
00210220
00121220
00211100
02002010
00000000
00000000
72
00000000
00100010
02210120
00221220
00221100
02002010
00000000
00000000
57
00000000
00102010
02220220
00221220
00221100
02001010
00001000
00000000
62
00000000
00102110
02220120
00221220
00222100
02021010
00001000
00000000
14
00000000
00102110
01220120
10222220
00222200
02021020
00001002
00000000
41
00010000
00101110
22220120
10222220
00222200
02021020
00001002
00000000
53
00010000
00121110
22222120
10221220
00221200
02021020
00001002
00000000
12
02010000
10221110
11222120
10121220
00211200
02021020
00001002
00000000
37
02010000
10221110
11222120
10221220
02211200
02011020
00101002
00000000
82
02010000
10221111
11222110
10221120
02212200
02011220
00101002
00000000
86
02010000
10221111
11222110
10221120
02212200
02021111
00102002
00000200
48
02010200
10222211
11222210
10221220
02212200
02021111
00101002
00010200
47
02010220
10222221
11222220
10221220
02212200
02011111
00111002
00010200
88
02010220
10222221
11222220
10221220
02212200
02012111
00112001
00012201
24
02010220
10222221
11222220
12111220
22112200
02012111
00112001
00012201
31
02110220
10122221
11122220
12111220
22112200
02012211
00112201
00012201
51
02111220
10111221
11121220
12112220
22122200
02222211
00122201
00012201
78
02111220
12222221
12221220
12122220
22112200
02221211
00122101
00011111
83
02111220
12222221
12221211
12122220
22112102
02221211
00122101
00011111
84
02111220
12222221
12221211
12111111
22112101
02221211
02222101
00011111
38
02111220
12222221
12221211
12111111
22112101
02121211
02112221
00111111
75
22111220
22222221
22221211
22111111
22112111
02121111
02111221
00111111
16
22111220
22222221
22221211
22111111
22112111
12121111
02211221
02111111
18
22111220
22222221
22221211
22111111
22112111
22121111
22211221
11111111
81
