00000000
00000000
00000000
00021000
00012000
00000000
00000000
00000000
34
00000000
00000000
00200000
00121000
00012000
00000000
00000000
00000000
65
00000000
00000000
00200000
02221000
00011100
00000000
00000000
00000000
22
00000000
01000000
00100000
02211000
00021100
00002000
00000000
00000000
57
00000000
01000000
00100200
02212000
00021100
00001000
00001000
00000000
46
00000000
01020000
00200200
02212000
00011100
00011000
00001000
00000000
64
00000000
01020000
00200200
02211100
00021100
00012000
00001200
00000000
36
00000000
01020000
00200200
02211100
00011100
02222000
00001200
00000000
35
00000000
01020000
00202200
02222100
00212100
02212000
00001200
00000000
77
00000000
01020000
00202200
02222220
00212200
02212000
00001110
00000000
23
00000000
21020000
02202200
02222220
00222200
02212000
00001110
00000000
13
00000000
21020000
12202200
01222220
00122200
02212000
00002110
00002000
37
00000000
21020000
12202200
01222220
00122200
02112000
00202110
00022000
17
00000000
21020000
12202200
01222220
00122200
01212000
12202110
00022000
38
00000000
21020000
12202200
01222220
00122200
01112020
12102210
00122000
18
00000000
21020000
22202200
22222220
00122200
01112020
11102210
10122000
68
00200000
22020000
22202200
22222220
00122200
01112020
11101210
10111100
52
00200000
22021000
22201200
22221220
00121200
01111020
11101222
10111100
11
10200000
22221000
22201200
22211220
00121200
01111020
11101222
10111100
85
10200000
22222200
22201200
22211210
00121201
01111010
11101122
10111100
78
10200000
22222200
22201200
22211210
00122201
01121010
11201112
12111110
41
10210000
22221220
22201200
22212210
00122201
01121010
11201112
12111110
47
10210000
22221220
22201200
22212210
00112201
01111010
11111112
12222222
15
10210000
12221220
12201200
12212210
10112201
01111210
11112222
12222222
81
10210001
12221210
12201102
12211220
10112201
01111210
11112222
12222222
51
10211001
12211222
12101102
11211220
10112201
01111210
11112222
12222222
75
10211001
12211222
12101102
12211120
12111111
02211210
12122222
12222222
21
11111001
12211222
12221102
12222120
12121211
02221220
12122222
12222222
84
11111001
12211221
12222221
12222221
12122221
02221220
12122222
12222222
61
11111121
12211221
12222221
12222221
12122221
02221220
12122222
12222222
86
11111121
12211221
12221221
12222121
12122211
02221111
12122222
12222222
16
