00000000
00000000
00020000
00022000
00021000
00000000
00000000
00000000
33
00000000
00000000
02220000
00012000
00021000
00000000
00000000
00000000
64
00000000
00000000
02220000
00021100
00022000
00000200
00000000
00000000
56
00000000
00000000
02220000
00022220
00021000
00001200
00000000
00000000
73
00000000
00000000
02220010
00022120
00022000
00002200
00002000
00000000
75
00000000
00000002
02220020
00022210
00022010
00002200
00002000
00000000
53
00000000
00000202
02222020
00022110
00022010
00002200
00002000
00000000
46
00000000
00000202
02222020
00022210
00022010
00022200
00202000
00000000
48
00000000
00000202
02222020
00022210
00022020
00022102
00201000
00010000
36
00000000
00000202
02222020
00022210
00222020
00211102
00201000
00010000
52
00000000
00001202
02221020
00021210
00221020
00212102
00201200
00010000
34
00000000
00022202
02222020
00121210
00221020
00212102
00201200
00010000
72
00000000
00022212
02222010
00121210
00221020
00212102
00202200
00012000
41
00010000
00012212
02212010
00111210
00211020
00212222
00202200
00012000
68
00010000
00012212
02212010
00111210
00222220
00212222
00201200
00011100
71
00012010
00022112
02211010
00111210
00222220
00212222
00201200
00011100
63
00222010
00021112
02211110
00111110
00222120
00212122
00201100
00011100
32
00222010
00111112
02111110
00111110
00222120
00212222
00201120
00011100
27
00222010
00111212
02111120
00111112
00212120
00112222
01201120
00011100
28
00222010
00111212
02111120
00111112
00212120
00112222
01101220
01011120
88
00222010
00111212
02111120
00111112
00211120
00212122
01201210
01211111
47
00222012
00111222
02111220
00112112
00221120
00211122
01111210
01211111
13
00222012
00121222
11211220
02222112
00221120
00211122
01111210
01211111
22
02222012
02221222
12121220
02212112
00221120
00211122
01111210
01211111
85
02222012
02221222
12121220
02212112
00221211
00211122
01111112
01211111
61
02222112
02221122
12121122
02212122
00221211
00211122
01111112
01211111
15
02222112
02221122
12121122
02212122
12221211
00211122
01111112
01211111
14
02222112
02221122
12121122
11112122
11221211
00211122
02111112
22211111
12
02222112
12111122
12121122
12112122
12221211
02211122
02111112
22211111
11
11111112
11111122
12121122
12112122
12221211
02211122
02111112
22211111
17
