00000000
00000000
00000000
00021000
00012000
00000000
00000000
00000000
56
00000000
00000000
00000000
00021000
00012000
00001200
00000000
00000000
43
00000000
00000000
00010000
00011000
00012000
00002200
00002000
00000000
77
00000000
00000000
00012000
00012000
00012000
00002100
00002010
00000000
48
00000000
00000000
00012000
00012000
00012000
00002100
00002010
00012000
46
00000000
00000000
00012000
00012000
00012020
00011200
00002010
00012000
84
00000000
00000000
00012000
00012001
00012010
00011200
00001020
00012002
65
00000000
00000000
00012000
00021001
00211110
00011200
00001020
00012002
24
00000000
00000000
00012000
01021001
00111110
00222200
00001020
00012002
27
00000000
00000000
20012000
02021001
00211110
00122200
01001020
00012002
34
00000000
00000000
20012000
02111001
00111110
00122200
01001020
00222002
62
00000000
00020100
20021000
02121001
00121110
00122200
01001020
00222002
14
00000000
00020100
20021000
11121001
00221110
02222200
01001020
00222002
33
00000000
00020100
20112000
11111201
00222210
02222200
01001020
00222002
67
00000000
00020100
20212000
22111201
20212210
02221200
01001120
00222002
25
00000000
00020100
20212000
22111201
21112210
22221200
02001120
00222002
32
00000000
00120100
20112000
22111201
21112220
22221202
02001120
00222002
74
00000000
00120100
20112200
22112211
21122220
22221202
02001120
00222002
51
00001000
00112100
20122200
22212211
22122220
22221202
02001120
00222002
73
00001020
00112200
20112110
22222211
22222220
22221202
02001120
00222002
37
00001020
00112200
20112110
22122111
22221220
22121202
02102220
00222202
17
00001020
00112200
20112110
22122111
22221220
22121202
12202220
02222202
76
00021020
00122200
20122110
22121111
22221110
22121112
12202220
02222202
18
00022220
00122200
20122110
22121111
22221110
22121112
11202220
12222202
78
00022220
00122200
20122222
22121111
22221110
22121112
11202110
11111112
47
00222220
00222200
20222222
22221111
22221110
22121112
11111110
11111112
21
01222220
00122200
20212222
22221122
22222222
22121112
11111110
11111112
81
01111111
00122200
20212222
22221122
22222222
22121122
11111112
11111112
72
01111111
00111112
20212122
22221212
22222212
22121112
11111112
11111112
12
01111111
12222222
10212122
12221212
12222212
12121112
11111112
11111112
11
