00000000
00000000
00000000
00021000
00012000
00000000
00000000
00000000
56
00000000
00000000
00000000
00022200
00011000
00001000
00000000
00000000
73
00000000
00000000
00000010
00022220
00011000
00001000
00000000
00000000
75
00000000
00000000
00000010
00022210
00022010
00021000
00000000
00000000
53
00000000
00000000
00001010
00021110
00022210
00021000
00000000
00000000
76
00000000
00000000
00001010
00021110
00022222
00021010
00000000
00000000
66
00000000
00000020
00001020
00021120
00022122
00021110
00000000
00000000
35
00000000
00000020
00001020
00011120
02222222
00021110
00000000
00000000
47
00000000
00002020
00002020
00012120
02212222
00011110
00010000
00000000
62
00000000
00002120
00001020
00012120
02212222
00011220
00010200
00000000
77
00000000
00002120
00001020
00012120
02221222
00222220
00010210
00000000
68
00000000
00002120
00001020
00012120
02221122
00222220
00012110
00000100
37
00000000
00002120
00001020
00012120
02221122
00212220
00112220
00000120
26
00000000
00002120
00001020
00012120
02121122
02212220
02222220
00000120
48
00000000
00002120
00001020
00012120
02121122
02212220
02222220
00012220
88
00000000
00002120
00021020
00022120
02121122
02212120
02222210
00011111
32
00000000
00102120
00021020
00221120
02221122
02212120
02222210
00011111
38
02000000
00202120
00021020
00221120
02221122
02211120
02212210
00111111
83
02000000
00202120
00021021
00221110
02221122
02211120
02212222
00111111
84
02000000
00202120
00022211
00222221
02221212
02211220
02212222
00111111
28
02000000
00202120
00022211
00222221
02221222
02211222
02112222
01111111
23
02000020
00202220
01022211
00122221
02211222
02211222
02112222
01111111
15
02000020
00202220
01222211
00222221
11211222
01211222
02112222
01111111
22
02000020
02202220
02122211
02212221
12211222
02211222
02112222
01111111
11
12000020
01202222
02122222
02212222
12211222
02211222
02112222
01111111
51
12001020
22201222
02121222
02211222
12211222
02211222
02112222
01111111
31
11121020
22202222
02121222
02211222
12211222
02211222
02112222
01111111
17
11122220
22202222
02121222
02211222
12111222
01211222
11112222
01111111
13
11122220
11222222
11122222
01211222
12111222
01211222
11112222
01111111
14
11122220
11222222
11122222
11211222
12111222
22222222
11112222
01111111
81
