00000000
00000000
00000000
00012000
00022000
00002000
00000000
00000000
64
00000000
00000000
00002000
00012100
00022000
00002000
00000000
00000000
46
00000000
00000000
00002000
00022100
00211000
00012000
00000000
00000000
67
00000000
00000000
00002000
00022200
00211020
00011000
00000100
00000000
25
00000000
00000000
00002000
00022200
01211020
02011000
00000100
00000000
63
00000000
00000000
00002100
00022200
01212020
02022000
00002100
00000000
43
00000000
00002000
00012100
00012200
01212020
02022000
00002100
00000000
62
00000020
00002200
00012100
00022200
01212020
02022000
00002100
00000000
41
00010020
00001200
00222100
00022200
01212020
02022000
00002100
00000000
72
00010020
00001110
00222100
02022200
02212020
02022000
00002100
00000000
34
00010020
00001110
02212100
02222200
02222020
02022000
00002100
00000000
16
00010020
00001120
02212220
02122200
01222020
12022000
00002100
00000000
58
00010020
00022220
02222220
02121200
01221020
12021000
00001100
00001000
47
00010020
00012220
02212220
02111200
01212020
12021000
00211100
00001000
17
00010020
00012220
02212220
02111200
01112020
11021000
10222220
00001000
82
00012020
00022211
02212220
02111200
01112020
11021000
10222220
00001000
14
00012020
00022211
22212220
12111200
01212020
11021000
10222220
00001000
66
00222020
00022211
22212220
12111200
01211020
11021100
10222220
00001000
76
00222020
00022211
22212220
12211200
01221020
11022110
10222220
00001020
22
00222020
01022211
21112220
11211200
01221020
11022222
10222220
00001020
85
20222020
02022211
21212220
11221200
01222021
11022212
10222120
00001020
27
20222020
02022211
21212220
11221200
01222021
11022212
11122120
00021020
32
20222220
02112211
21222220
11221200
01222021
11022212
11122120
00021020
38
20222220
02112211
22222220
12221200
02222021
12022212
12222120
02111020
15
20222220
02112221
22122222
11221200
12222021
11022212
12122120
02111020
65
20222220
02112221
22122222
11221200
11111211
11021212
12112220
02222220
84
22222220
02212221
22122221
11221201
11111211
11021212
12112220
02222220
74
22222220
02212221
22122221
11222111
11221111
11221212
12222220
02222220
87
22222220
02212221
22122221
11222111
11221111
11221211
11111121
02222222
81
22222221
02212211
22122121
21221111
21211111
21121211
21111121
22222222
12
