00000000
00000000
00000000
00012000
00022200
00000000
00000000
00000000
66
00000000
00000000
00000000
00012000
00022200
00002100
00000000
00000000
64
00000000
00000000
00000000
00011100
00022100
00002220
00000000
00000000
36
00000000
00000000
00000000
00011100
00222100
00102220
00000000
00000000
77
00000000
00000000
00002000
00022100
00222100
00102120
00000010
00000000
86
00000000
00000000
00002000
00022100
00222100
00202111
02000010
00000000
46
00000000
00000000
00002000
00022200
00222220
00211111
02000010
00000000
42
00000000
00010000
00001000
00022100
00222210
00222111
02002010
00000000
48
00000000
00010000
00001000
00022100
00222222
00222111
02001010
00010000
26
00000000
00012000
00002000
00012100
00122222
01111111
02001010
00010000
63
00000000
00012000
00022100
00012100
00112222
01111111
02001010
00010000
33
00000000
00012000
00111100
00012100
00112222
01112111
02021010
00010000
58
00000000
00012000
00111100
00012100
00112222
22222111
02011010
00011000
84
00000000
00222000
00121100
00012101
00112211
22222111
02011010
00011000
18
00000000
00222000
00121100
00012101
00112211
22122211
01011020
10011002
25
00000000
00222000
00221100
00222101
02122211
21122211
01011020
10011002
37
00000000
00222000
00221200
00222221
02121221
21112221
01111020
10011002
41
00010200
00212000
00221100
00212211
02111221
21112221
01111020
10011002
31
00110200
00112000
00121102
00112221
02111221
21112221
01111020
10011002
68
00110200
00112000
00121102
00112221
02111221
21112221
01111020
10011122
62
00110200
00111100
00121102
02222221
02111221
21112221
01111020
10011122
14
00112200
00112100
00122102
11112111
01112221
21112221
01111020
10011122
82
00112200
00122101
00222101
12112111
22222221
21112221
01111020
10011122
17
00112200
02222101
00222101
12112111
12222221
11112221
11111020
10011122
12
00112220
11111201
00222101
12112111
12222221
11112221
11111020
10011122
81
02111111
11211201
00222101
12112111
12222221
11112221
11111020
10011122
23
02111111
11111201
01111101
11112111
11222221
11212221
11221020
10222222
72
02111111
11111111
21111101
12112111
11222221
11212221
11221020
10222222
67
02111111
11111111
21111101
12112111
12212121
12211111
12221120
12222222
87
