00000000
00000000
00000000
00012000
00022200
00000000
00000000
00000000
64
00000000
00000000
00200000
00021100
00022200
00000000
00000000
00000000
36
00000000
00000000
00220000
00022100
00012200
00100000
00000000
00000000
46
00000000
00000000
00220000
00022220
00011200
00110000
00000000
00000000
73
00000000
00000020
00220020
00022120
00011200
00110000
00000000
00000000
22
00000000
01000020
00120020
00012120
00222200
00110000
00000000
00000000
42
00000000
01010020
00110020
00012120
00222200
00210000
02000000
00000000
84
00020000
01020020
00120020
00022111
00222200
00210000
02000000
00000000
71
20020010
02020010
00220010
00022111
00222200
00210000
02000000
00000000
56
20020010
02020010
00220010
00022111
00222100
00222200
02000000
00000000
37
20020010
02020010
00220210
00022211
00221200
00212200
02100000
00000000
77
20020010
02020010
00220222
00022221
00221200
00212100
02100010
00000000
24
20020010
02020010
00220222
01022221
00121200
00212100
02200010
00200000
26
20020010
02020010
00220222
01222221
00221200
01212100
02200010
00200000
51
20021010
02010010
00120222
01222222
00221202
01212100
02200010
00200000
82
20021010
02010011
00120212
01222122
02221202
02212100
02200010
00200000
57
20021010
02010011
00120212
01222122
02222202
02212100
02202010
00202000
31
20111012
02010022
00120212
01222122
02222202
02212100
02202010
00202000
48
20111012
02010022
20120212
02222122
02222202
02212100
02201010
00212000
14
20111012
02010022
20122212
11122122
02222202
02212100
02201010
00212000
75
20111012
02010022
20122212
11122112
02222212
02222100
02221010
00212000
28
20111012
02010022
20122212
11122112
01221212
01212100
02121010
22222000
62
20111012
02010122
20121112
11212112
02121212
22212100
02121010
22222000
12
20111012
22010122
20121112
21212112
22121212
22212100
02121010
22222000
17
20111012
22012222
20122212
21212122
22121212
21212100
11121010
22222000
61
20111112
22012122
20122112
21212222
22121222
21212102
11121010
22222000
76
20111112
22012122
22222112
22212212
22121212
21212112
11121010
22222000
21
21111112
21012122
21222112
22212212
21221212
21222112
11122020
22222200
32
21111112
21112122
21112112
22111212
21121212
21122222
11122220
22222200
78
21111112
21112122
21112112
22111212
21111212
21121212
11122120
22222222
87
