00000000
00000000
00000000
00021000
00012000
00000000
00000000
00000000
56
00000000
00000000
00000000
00021000
00012000
00001200
00000000
00000000
43
00000000
00000000
00010000
00011000
00012000
00002200
00002000
00000000
67
00000000
00000000
00010000
00011000
00012000
00022200
00002100
00000000
58
00000000
00000000
00010000
00011200
00012000
00021200
00001100
00001000
36
00000000
00000000
00010000
00011200
00012000
00111200
00002100
00021000
73
00000000
00000000
00010010
00011100
00011000
02222200
00002100
00021000
77
00000000
00000000
00010010
00011100
00011020
02222200
00002110
00021000
47
00000000
00020000
00020010
00021100
00021020
02222200
00021110
00021000
32
00000000
00120000
00010010
00021100
00021020
02222200
00021210
00021020
33
00000000
02220000
00210010
00021100
00022020
02222200
00021210
00021020
35
00000000
02220000
00210010
00021100
00122020
02212200
00021220
00021022
17
00000000
02220000
00210210
00022100
00122020
01212200
10021220
00021022
25
00000000
02220002
00210220
00022200
01122020
01112200
10011220
00021022
23
00000000
02220002
01110220
00022200
01122020
01112200
10011220
00022222
31
00100000
02120002
01110220
00022200
22222020
01112200
10011220
00022222
52
00100000
02111002
02110220
02022200
22222020
01112200
10011220
00022222
14
00100000
02111002
01110220
12022200
21222020
01112200
10021220
00222222
65
00100000
02111002
01110220
12221200
21121120
01112200
10021220
00222222
53
00102000
02122002
01212220
12212200
21122120
01112200
10021220
00222222
41
00112000
22112002
02212220
12212200
21122120
01112200
10021220
00222222
13
00112000
21112002
11112220
11212200
21122220
01112220
10021220
00222222
72
00112000
21112012
11112120
11211200
22112220
22222220
10021220
00222222
37
00112000
21112222
11112220
11211200
22112220
22122220
10111220
00222222
85
00112000
21112222
11112220
11211202
22111121
22122220
10111220
00222222
71
00112010
21112122
11111220
11211202
22111122
22122222
10111220
00222222
27
00112010
21112122
11111220
11211202
21111122
21122222
11211220
02222222
81
20112011
22112112
11211120
11221202
21112122
21122222
11211220
02222222
61
20111111
22111112
11211120
11221202
21112122
21122222
21211220
22222222
83
20111111
22111111
11211111
11221222
21112222
21122222
21211220
22222222
87
20111111
22111111
11211111
11221221
21112121
21122211
21211111
22222222
21
