00000000
00000000
00000000
00012000
00022200
00000000
00000000
00000000
66
00000000
00000000
00000000
00012000
00022200
00002100
00000000
00000000
64
00000000
00000000
00002000
00012100
00022100
00002100
00000000
00000000
47
00000000
00000000
00002020
00012200
00022100
00001100
00010000
00000000
46
00000000
00000000
00002020
00012200
00012220
00011100
00010000
00000000
85
00000000
00000000
00002020
00222200
00011111
00011100
00010000
00000000
52
00000000
00001000
00001020
00221200
00011121
00011102
00010000
00000000
33
00000000
00001000
00101020
00211202
00011122
00011102
00010000
00000000
35
00000000
00001000
00101020
00111202
00111122
00011202
00012000
00000000
77
00000000
00001000
00101020
00111202
00111222
00011202
00012210
00000000
74
00000000
02001000
00201020
00121112
00112122
00011202
00012210
00000000
43
00002000
02002000
00212020
00112112
00112122
00011202
00012210
00000000
63
00002000
02002000
00211120
02222222
00212122
00021202
00012210
00000000
68
00002000
02002000
00211120
02222222
00212122
00021102
00222110
00000100
58
00002000
02202000
00221120
02222222
00212122
00021102
00221110
00001100
11
10002000
01202000
00121120
02212222
00211122
00021102
00222222
00001100
21
11002000
01102200
00112220
02221222
00211122
00021102
00222222
00001100
61
11002100
01101100
00112120
02221122
00211122
00022222
00222222
00001100
15
11022100
01102100
00112220
01221122
10211122
00022222
00222222
00001100
88
11022100
01102100
00112220
01222122
10221122
00222122
00222212
00001101
48
11222100
01202100
00212220
01212122
10211122
00212122
00211212
00011101
82
11222100
01202101
00212222
01212122
10211122
00212122
00211212
00011101
25
11222220
01202201
00212222
01112122
11111122
00112122
00211212
00011101
26
11222220
02202201
20212222
01112122
11111122
01112122
00111212
00011101
72
11222222
02202212
20212112
01111112
11111112
01112112
00111212
00011101
23
11222222
01202212
22112112
22222222
11111112
01112112
00111212
00011101
78
11222222
01222212
22222112
22222222
11111112
01111112
00111112
00011111
12
11222222
11222212
11222112
12122222
11112112
01121112
00211112
02011111
27
11222222
11222212
11222112
12222222
11212212
01222112
01221112
02211111
18
11222222
11222212
11222112
12222222
11212212
02222112
22221112
11111111
16
