00000000
00000000
00000000
00021000
00012000
00000000
00000000
00000000
34
00000000
00000000
00002000
00112000
00012000
00000000
00000000
00000000
66
00000000
00000000
00002000
02222000
00011000
00000100
00000000
00000000
52
00000000
00001200
00002000
02221000
00011000
00000100
00000000
00000000
43
00000000
00001200
00012000
02221000
00211000
00000100
00000000
00000000
14
00000000
00022200
00012000
11111000
00211000
00000100
00000000
00000000
36
00000000
00022200
00012000
11121000
00211000
02100100
00000000
00000000
63
00000000
00022200
00211100
11221000
00211000
02100100
00000000
00000000
61
00000100
00021100
00212100
11222200
00211000
02100100
00000000
00000000
17
00002100
00022100
00212100
11212200
00111000
01100100
10000000
00000000
32
00002220
00111200
00112100
11112200
00111000
01100100
10000000
00000000
72
00002220
00121110
00212100
12112200
20111000
01100100
10000000
00000000
13
00002220
02221110
10212100
11112200
20111000
01100100
10000000
00000000
11
10002220
01221110
10112100
11112200
20121000
01200100
12000000
00000000
74
10002220
22221110
20112100
21111110
20121000
01200100
12000000
00000000
21
11002220
22121220
20112220
21111110
20121000
01200100
12000000
00000000
41
11012220
22111220
20112220
21111220
20121020
01200100
12000000
00000000
83
11012220
22111222
20111121
21111220
20121020
01200100
12000000
00000000
81
11011111
22111211
20111121
21111220
20121020
02200100
12200000
00000000
23
11011111
21111211
21111121
21111220
22221020
02200100
12200000
00000000
38
11011111
21111211
21111121
21111220
22121020
02100100
12200000
00120000
84
11011111
21111111
21111111
21111111
22122210
02100100
12200000
00120000
58
11011111
21111111
21111111
21111111
22122222
02100100
12200000
00111000
16
11011111
11111111
11111111
11111111
11122222
11100200
11200020
00111000
76
11211111
11211111
11211111
11211111
11222112
11200210
11200020
00111000
56
11211111
11221111
11212111
11111211
11211122
11201112
11200020
00111000
88
11211111
11221111
11212111
11111211
11211122
11201112
12200010
20111001
28
11211111
11221111
11212111
11111211
11211122
11201122
11200020
21111021
47
11211111
11221111
11212111
11111211
11211122
11101122
11110020
22222221
87
11211111
11221111
11222111
11121211
11222121
11121111
11220021
22222221
67
