00000000
00000000
00000000
00021000
00012000
00000000
00000000
00000000
43
00000000
00000000
00010000
00011000
00222000
00000000
00000000
00000000
46
00000000
00000000
00012000
00022000
00212000
00010000
00000000
00000000
63
00000000
00000200
00012100
00021000
00212000
00010000
00000000
00000000
65
00000000
00000200
00012100
00021000
00211100
00020000
00002000
00000000
37
00000000
00020200
00022100
00021000
00211100
00010000
00102000
00000000
24
00000000
00020200
00022100
01021000
00121100
00020000
00122000
00000000
33
00000000
00020200
00112200
01011200
00122100
00020000
00122000
00000000
52
00000000
00021200
20111200
02011200
00222100
00020000
00122000
00000000
56
00000000
00021200
20111200
02222200
00221100
00021000
00122000
00000000
75
00000000
00021200
20111200
02222100
00221210
00021020
00122000
00000000
74
00000000
00021200
20111200
02222210
00222210
00022220
00122000
00000000
48
00000000
00021200
20111200
02212210
00212210
00012220
00111020
00010000
73
00000000
00021200
20111110
02212110
00221210
00222220
00111020
00010000
15
00000000
00021200
20111110
01212110
10221210
00222220
00112020
00010200
87
00000000
00021200
20111110
01211110
10221110
00222210
00122021
00012200
72
00000000
00021110
20111110
22211110
10221110
00222210
00122021
00012200
27
00000000
00021110
20111110
22211110
20211110
20122210
01122021
00012200
23
00000000
02021110
22211110
22121110
20212110
20122210
01122021
00012200
12
00000000
12221110
22211110
22121110
20212110
20122210
01122021
00012200
31
00100000
12222222
22111120
22121210
20212110
20122210
01122021
00012200
67
00100000
12222222
22111120
22121210
20212110
20121110
01211111
02012200
51
00101000
12211222
22111120
22121210
20212110
20121110
22211111
02012200
18
00101000
12211222
12111120
12121210
10212120
10122222
11211121
12012200
78
00101000
12211222
12111120
12121210
10212222
10122212
11211111
12011110
11
10101000
11211222
12111122
12121220
10212222
10122212
11211111
12011110
61
10101100
11211122
12111122
12121220
10212222
10122212
11221111
12211110
41
10111120
11111222
11112122
12121220
10212222
10122212
11221111
12211110
81
10111111
11111212
11112122
12121220
12212222
10222212
11221111
12211110
84
10111111
11111111
11112111
12121111
12212211
10222211
11221121
12222222
26
