00000000
00000000
00000000
00021000
00012000
00000000
00000000
00000000
56
00000000
00000000
00000000
00022200
00011000
00001000
00000000
00000000
73
00000000
00000000
00000010
00022100
00012000
00001200
00000000
00000000
46
00000000
00000000
00000010
00022100
00021000
00222200
00000000
00000000
57
00000000
00000002
00000020
00022200
00022000
00221200
00001000
00000000
53
00000000
00000002
00001020
00021200
00021000
00221200
00002000
00020000
26
00000000
00000002
00001220
00022200
00021000
01111200
00002000
00020000
75
00000000
00000202
00002220
00022100
00021010
01111200
00002000
00020000
42
00000000
00012202
00002220
00022100
00021010
01111200
00002000
00020000
33
00000000
00012202
00102220
00222100
00021010
01111200
00002000
00020000
35
00000000
02012202
00202220
00122100
00111010
01111200
00002000
00020000
61
00000100
02222102
00202120
00122100
00111010
01111200
00002000
00020000
58
00000100
02222102
00202120
00122100
00111010
01111200
00001000
00022200
51
00001100
02221102
00201120
02221100
00211010
01121200
00002000
00022200
76
00001100
02221102
00222220
02221100
00211010
01121110
00002000
00022200
74
00001100
02221102
00222120
02221110
00211010
22221110
00002000
00022200
15
00001100
02211102
00122120
01222110
10222210
22221110
00002000
00022200
27
00001100
02211102
00122120
01221110
10212210
22121110
02002000
02022200
18
00001100
02211102
00122120
01222222
10212220
22121210
01002000
12022200
38
00001100
02222222
00122220
01222222
10212220
22121210
01002000
11122200
47
00001100
02222222
00122220
01222222
10222220
22112210
01012200
11122200
41
00011100
02212222
00112220
01212222
10212220
22112220
01012202
11122200
77
00011100
02212222
02222220
01212222
10211220
22112120
01011112
11122200
85
00211100
02221222
02222120
01212212
10211111
22112110
01011112
11122200
25
00211100
02221222
02212122
01112222
11111211
21112110
01011112
11122200
14
00211100
02121222
22212122
22112222
21211211
21122110
01012112
11122200
37
00211100
02121222
22212122
22112222
21211221
21112120
01112222
11122220
11
10211100
01121222
22112122
22112222
21211222
21112122
01112222
11122220
71
10222222
01121122
22111122
22112222
21211222
21112122
01112222
11122220
88
10222222
22221122
22111122
22112222
21211222
21112122
01112212
11111111
17
10222222
12221122
12111122
12112222
11211222
11112122
11112212
11111111
21
