00000000
00000000
00000000
00021000
00012000
00000000
00000000
00000000
56
00000000
00000000
00000000
00022200
00011000
00001000
00000000
00000000
43
00000000
00200000
00020000
00012200
00011000
00001000
00000000
00000000
42
00000000
00210000
00010000
00012200
00021000
00201000
00000000
00000000
21
01000000
00110000
00010000
00012200
00022200
00201000
00000000
00000000
46
01000000
00110000
00010000
00222200
00012200
00211000
00000000
00000000
53
01000000
00110200
00012000
00221200
00011200
00211000
00000000
00000000
73
01000000
00110200
00222010
00221100
00011200
00211000
00000000
00000000
51
01001000
00110100
00222210
00222200
00021200
00211000
00000000
00000000
24
01001000
00110100
00122210
01222200
00021200
00212000
00000200
00000000
66
01001000
00110100
00122110
01222100
00021100
00221100
00020200
00000000
26
01001000
00110100
00122110
01222200
00022220
01111100
00020200
00000000
86
01001000
02110100
00221110
01222100
00022210
01111101
00020200
00000000
48
01001000
02110100
00221110
02222100
20022210
01111101
00010200
00010000
35
01001000
02110100
00121110
02112100
20121110
01211101
02010200
00010000
37
01001000
02110100
00122222
02112100
20121110
01111101
02110200
00010000
82
01021000
02120101
00122212
02112100
20121110
01111101
02110200
00010000
14
01021000
02120101
20122212
21112100
20121110
01111101
02110200
00010000
84
01021000
02220101
22222211
21212101
20121110
01111101
02110200
00010000
31
01111000
02110101
22121211
21112101
20121210
01111121
02110200
00010000
78
01111000
02110101
22121211
21112101
20121210
01112121
02120100
00210010
28
01111000
02110101
22121211
21112101
20121210
01212121
02120100
21110010
17
01111200
02110201
22121211
21112101
20121210
01212121
11120100
21110010
57
01111200
02110201
22121211
22212101
22221210
01211121
11111100
21110010
87
01111200
02110201
22111211
22211201
22221210
01221211
11112201
21110210
74
01111200
02110201
22111211
22211121
22222222
01221221
11112201
21110210
58
22222200
02110201
22111211
22211121
22222222
01221221
11111201
21111110
12
22222200
11110201
21111211
22111121
22212222
01221222
11111202
22222222
16
22222200
11112201
11112211
12112121
11212222
11221222
11111202
22222222
71
22222222
11112102
11111212
12112122
11212222
11221222
11111202
22222222
72
22222222
11112112
11111112
12111122
11212222
11221222
11111202
22222222
77
