00000000
00000000
00000000
00012000
00022200
00000000
00000000
00000000
46
00000000
00000000
00000000
00012000
00012200
00020000
00200000
00000000
64
00000000
00000000
00000200
00011200
00012200
00020000
00200000
00000000
74
00000000
00000000
00020200
00022110
00022200
00020000
00200000
00000000
52
00000000
00001020
00020200
00022110
00022200
00020000
00200000
00000000
28
00000000
00001020
00020200
00022110
00022200
00012000
00100000
01000000
62
00000000
00001120
00020100
00022222
00022200
00012000
00100000
01000000
81
00000001
00001110
00020100
00022222
00022200
00022000
00120000
01000000
57
00020001
00002110
00020200
00022222
00022200
00022000
00111000
01000000
53
00020021
00002210
00022200
00021222
00021200
00021000
00111000
01000000
32
00020021
00102210
00012200
00021222
00021200
00022000
00121000
01200000
35
02020021
00202210
00022200
00022222
00111200
00012000
00121000
01200000
67
02020021
00202210
00022200
00022222
00211200
02011000
00121100
01200000
51
02021021
00201210
00021200
00021222
00211200
02011000
00221100
01220000
34
02021021
00201210
00011200
00111222
00211200
02021000
00222100
01220200
76
02021021
00201210
00021200
00112222
00211200
02021020
00222102
01220200
85
02021021
00222210
00022100
00112212
00211201
02021010
00222102
01220200
36
02021021
00222210
00022100
02222212
00211201
02121010
00222102
01220200
58
02021021
00222210
00022100
02222212
00221201
02221010
02211102
01111200
22
02021021
01111110
00022100
02222212
00221201
02222010
02211202
01111220
33
02021021
01111110
00111100
02112212
02221201
02122010
02111202
01111220
23
02022221
01111210
01111200
01112212
01221201
01122010
01111202
01111220
66
02022221
01111220
01111220
01112212
01221201
01111110
01111202
01111220
31
02111111
01111220
22222220
02112212
01221201
01111110
01111202
01111220
88
02111111
01111220
22222220
02112222
01221221
01111110
01111202
01111111
14
02111111
01111220
21222220
11212222
02221221
21111110
01111202
01111111
82
22111111
02111111
21222210
11212122
02221221
21111110
01111202
01111111
15
22111111
02111111
21222210
11212122
11121221
21211110
02111202
21111111
86
22111111
02111111
21222210
11222122
11122221
21211221
02111221
21111111
17
22111111
02111111
21222222
11222122
11122221
11211221
11111221
21111111
12
