00000000
00000000
00000000
00222000
00021000
00000000
00000000
00000000
33
00000000
00200000
00200000
00212000
00021000
00000000
00000000
00000000
24
00000000
00200000
00200000
02112000
20021000
00000000
00000000
00000000
56
00000000
00200000
00200000
02212000
20211000
00001000
00000000
00000000
26
00000000
00200000
00200000
02212000
20112000
01002000
00002000
00000000
67
00000000
00200000
00200000
02212000
20222000
01201000
00002100
00000000
64
00000000
00200000
00202000
02222100
20222000
01201000
00002100
00000000
23
00000000
00200000
01202000
02122100
20212000
02201000
20002100
00000000
43
00000000
02200000
02212000
02122100
20212000
02201000
20002100
00000000
65
00000000
02200000
02212000
02121100
20221100
02221000
20002100
00000000
12
00000000
12200000
01212000
02121200
20222220
02221000
20002100
00000000
52
00000000
12221000
01222000
02121200
20222220
02221000
20002100
00000000
58
00002000
12222000
01222000
02121200
20222220
02221000
20001100
00001000
27
00002000
12222000
02222000
22121200
20212220
02121000
21001100
00001000
85
00002000
12222000
02222000
22121200
20211111
02121000
22001100
02001000
37
00002000
12222000
02222000
22121200
20221111
02121000
22221100
02001000
73
00002000
12222002
02222020
22121200
20222111
02121000
22221100
02001000
25
00002000
12222002
02222020
22121200
21111111
02121000
22222220
02001000
41
00012000
12212002
02222020
22211200
22111111
22121000
22222220
02001000
68
00012000
12212002
02222020
22212200
22111211
22111020
22221220
02001100
62
00012000
12211102
02222220
22212200
22111211
22111020
22221220
02001100
61
00011100
12211102
02222220
22222200
22112211
22222220
22221220
02001100
13
00011100
12222222
12222220
21222200
22112211
22222220
22221220
02001100
38
00011100
12222222
12222220
21222200
22112211
22122220
22222220
02221100
71
00011110
12222122
12221220
21212220
22112221
22122220
22222220
02221100
78
00011110
12222112
12221210
21212210
22112221
22121222
22222110
02221110
18
00011110
12222112
12221222
11212220
12112221
12121222
11222110
11111110
84
00011112
12222122
12221212
11211111
12112211
12121122
11221110
11111110
87
00222222
12222122
12221212
11211111
12112111
12121111
11221111
11111110
11
10222222
11222122
12121212
11211112
12112112
12121212
11221122
11111112
21
