00000000
00000000
00000000
00012000
00022000
00002000
00000000
00000000
66
00000000
00000000
00000000
00012000
00021000
00002220
00000000
00000000
35
00000000
00000000
00200000
00022000
00112000
00002220
00000000
00000000
65
00000000
00000000
00200000
00022000
00211100
02002220
00000000
00000000
22
00000000
01000000
00100000
00012200
00211200
02002220
00000000
00000000
25
00000000
01000000
00100000
00012200
22222200
02002220
00000000
00000000
46
00000000
01000000
00102000
00022200
22212200
02012220
00000000
00000000
63
00000000
01000000
00102220
00021200
22212200
02012220
00000000
00000000
87
00000000
01000000
00102220
00021200
22212100
02022210
00200001
00000000
74
00000000
01000000
00102220
00021220
22212220
02022210
00200001
00000000
77
00000000
01000000
00102220
00011220
22211220
02022120
00200021
00000020
57
00000000
01000000
00122220
00022220
22221220
02021120
00201021
00000020
86
00000000
01000000
00122220
00022220
22222220
02022111
00202021
00002020
36
00000000
01000000
00122220
00022220
22222220
02222111
00222021
00002020
72
00000000
01000010
02222210
00022210
22222210
02222111
00222021
00002020
42
00000000
01012010
02222210
00022110
22222210
02222111
00222021
00002020
41
00010200
01012010
02222110
00022110
22222210
02222111
00222021
00002020
48
00010200
01222010
02222110
00012110
22212210
02212111
00211021
00012020
16
00010200
01222010
02222110
00012110
22212210
11112111
00221021
00222020
14
00010200
01122010
01222110
10012222
11212220
11112211
00222021
00222020
31
00110200
01112010
01221110
10012122
11212210
12112211
20222021
00222020
24
00110200
01112010
01121110
11012122
11122210
12212211
22222021
00222020
28
02110200
01212010
01121110
11012122
11122210
11212211
21122021
01222020
67
02110200
01212020
01122222
11012122
11122110
11212111
21111111
01222020
51
02111200
01211020
01121222
11011222
11121210
11211211
21111211
01222220
88
02111200
01211020
22221222
21011222
21121210
21211211
21111211
01111111
62
02111200
01211120
22221122
21011122
21122222
21211111
21111111
01111111
82
02111200
01211111
22221111
21011121
21122221
21211111
22111111
21111111
34
22111200
02111111
22211111
21121121
21112221
21211111
22111111
21111111
71
22222222
02111121
22211211
21122121
21122221
21211111
22111111
21111111
12
