00000000
00000000
00000000
00222000
00021000
00000000
00000000
00000000
53
00000000
00000000
00001000
00221000
00022000
00000200
00000000
00000000
35
00000000
00002000
00002000
00212000
00122000
00000200
00000000
00000000
33
00000000
00002000
00122000
00122000
00122000
00000200
00000000
00000000
64
00000000
02002000
00222000
00121100
00122000
00000200
00000000
00000000
62
00000000
02002100
00221020
00111200
00122000
00000200
00000000
00000000
77
00000000
02002100
00222020
00112200
00122000
00002100
00000010
00000000
84
00000000
02002220
00222010
00112201
00122000
00002100
00000010
00000000
11
10000000
01002220
00122020
00112221
00122000
00002100
00000010
00000000
71
10000010
01002120
00121020
00112221
00122000
00002220
00000010
00000000
65
10000010
01002120
00121020
00112221
00121100
00202220
00000010
00000000
67
10000010
01002120
00121020
00212221
02111100
00201120
00000110
00000000
37
10000010
01002120
00121020
00212221
02222220
00101120
00100110
00000000
42
10200010
01021120
00112020
00212221
02222220
00101120
00100110
00000000
23
10200010
01021120
01112020
00112221
02212220
00101220
00100120
00000002
14
10200010
01021120
01112020
10112221
01212220
00201220
00200120
00200002
27
10200010
01021120
01112020
10112221
22212220
00101220
01200120
00200002
78
10200010
01021110
01112010
10112211
22212210
00202210
01220110
00200012
46
10200010
01021110
01112010
10112111
22211210
00211110
22220110
00200012
41
10210010
01011110
01112010
10112211
22211220
00222222
22220110
00200012
48
10210210
01012110
01122010
10212211
22211220
00212222
22210110
00210012
21
11110210
01012110
01122010
10212211
22211220
00212222
22210220
00210222
24
11110210
01012110
01122010
11112211
22111220
00212222
22220220
00222222
51
11111110
01011110
22221010
21111211
22111220
00212222
22220220
00222222
12
11111110
11011110
21221012
21111221
22111220
00212222
22220220
00222222
16
11111110
11011112
11221022
11111221
11111220
10212222
22220220
00222222
87
11111110
11011112
11221022
11111222
11111122
10212222
22220221
00222222
32
11111110
11111112
11111222
11112222
11121122
10212222
22220221
00222222
18
11111110
11111112
11111122
11111222
11111122
12222222
11220221
10222222
57
