00000000
00000000
00000000
00021000
00012000
00000000
00000000
00000000
34
00000000
00000000
00200000
00121000
00012000
00000000
00000000
00000000
56
00000000
00000000
00200000
00121000
00012000
00001200
00000000
00000000
65
00000000
00000000
00200000
02221000
00011100
00001200
00000000
00000000
76
00000000
00000000
00200000
02221000
00021100
00021110
00000000
00000000
36
00000000
00000000
00200000
02221000
00021100
00121110
00020000
00000000
14
00000000
00000000
00200000
11111000
02021100
00221110
00020000
00000000
26
00000000
00000000
00200000
11121000
01022100
01111210
00020020
00000000
42
00000000
00010000
00100000
11122200
01022200
01111210
00020020
00000000
63
00000000
00010000
00120100
11122200
01012200
01111210
00020020
00000000
48
00000000
00010000
00120100
11122200
01012200
01112210
00012020
00010000
73
00000000
00010000
00120110
11122220
01011200
01112210
00012020
00010000
78
00020000
00020000
00120110
11122220
01011200
01112210
00012010
00010010
68
00020000
00020000
00120110
11122220
01011200
01112210
00012010
00012110
75
00020000
00020000
00120110
11122222
01011110
01112110
00011010
00012110
67
00020000
00020000
00120110
11122222
01012110
01121110
00211110
00012110
27
00020000
02020000
00220110
11122222
01012110
01121110
01111110
00012110
85
00020000
02020000
00220110
11122212
01012211
01121120
01111112
00012110
86
00020000
02020000
00220110
11122212
01012211
01121111
01211112
02012110
53
00020000
02020002
00221120
11121212
01012211
01121111
01211112
02012110
31
00120000
02010002
00221120
11121212
01012211
01122111
01221112
02222110
83
00120000
02012002
00222111
11122211
01012211
01122111
01221112
02222110
18
00120000
02012202
00222211
11122211
01012211
01122111
01221112
11111110
32
00120000
02112202
00112211
11121211
01012111
01122111
22221112
11111110
72
00120020
02111212
00112111
11121211
01012111
01122111
22221112
11111110
51
00111220
02111212
00112211
11121211
01012111
01122111
22221112
11111110
12
00111220
11111212
00112211
11121211
01012111
01122211
22221122
11111112
81
02111111
11211211
00122211
11122211
01012211
01122221
22221122
11111112
16
02111111
12211211
02222211
11222211
01022211
11122221
11221122
11111112
35
02111111
12111111
02121211
11112211
21111111
12112221
11221122
11111112
13
