00000000
00000000
00000000
00021000
00012000
00000000
00000000
00000000
34
00000000
00000000
00000000
00111000
00222000
00000000
00000000
00000000
36
00000000
00000000
00000000
00111000
02222000
00100000
00000000
00000000
16
00000000
00000000
00000000
00111000
01222000
10200000
00200000
00000000
47
00000000
00000000
00000000
00111000
01222000
10100000
00222000
00000000
58
00000000
00000000
00000200
00112000
01222000
10100000
00212000
00001000
26
00000000
00000000
00000200
00112000
22222000
12100000
00212000
00001000
27
00000000
00000000
00200200
00222000
22222000
12100000
01112000
00001000
67
00000000
00000000
00200200
00222000
22222000
22100000
21111100
00001000
14
00000000
00000000
00200200
10222000
21222000
22100000
21211100
00021000
72
00000000
00000010
00200100
10221000
21212000
22100000
21222220
00021000
24
00000000
00000010
00200100
11111000
21212000
22100000
22222220
02021000
76
00000000
00000010
20200100
22111000
21212000
22100010
22222120
02021000
18
00000000
00000010
20200100
22111000
21212000
22100010
22222120
12221000
87
00000000
00000010
20200100
22111000
21212000
22220010
22222111
12221000
66
00000000
00000010
20202100
22121000
21211000
22220110
22222111
12221000
22
00000000
01020010
20202100
22111000
21211000
22220110
22222111
12221000
12
00000000
11020010
10202220
12111000
11211000
12220110
12222111
12221000
32
00000000
11120010
10102220
12111000
11222200
12220110
12222111
12221000
74
00000000
11120010
10102222
12111020
11222200
12220110
12222111
12221000
56
00000000
11120010
10102222
12111020
11211220
11111210
12222111
12221000
52
00000000
11111010
10101222
12111020
11211220
11111220
12222121
12221020
86
00000200
11111020
10101222
12111020
11211220
11111111
12222121
12221020
64
00000200
11111020
12101222
12211120
11221110
11112111
12222221
12221020
68
00200200
11211020
12201222
12211120
11221110
11112111
12221111
12221120
84
00220200
11212020
12201222
12211111
11221110
11112111
12221111
12221120
88
00220200
11212020
12201222
12211122
11222222
11112111
12221111
12221111
51
02221200
12211020
12201222
12211122
11222222
11112111
12221111
12221111
62
02221220
12211220
12202122
12221122
11222222
11112111
12221111
12221111
81
02221111
12221210
12222122
12222122
11222222
11112111
12221111
12221111
11
