00000000
00000000
00000000
00021000
00012000
00000000
00000000
00000000
65
00000000
00000000
00000000
00021000
00021100
00020000
00000000
00000000
33
00000000
00000000
00100000
00011200
00022100
00020000
00000000
00000000
35
00000000
00000000
00100000
00222200
00111100
00020000
00000000
00000000
37
00000000
00000000
00100000
00222200
00112100
00020000
00200000
02000000
47
00000000
00000000
00100000
00222200
00222100
00210000
00210000
02000000
26
00000000
00000000
00100000
00222200
00222220
01110000
00210000
02000000
66
00000000
00000000
00100000
00212200
00221220
01210100
02210000
02000000
74
00000000
00000000
00100000
00211110
00221220
02210100
22210000
02000000
38
00000000
00000000
00102000
00121210
00221220
02110100
22110000
02100000
43
00000000
00000000
00112000
00112210
00212220
02222100
22110000
02100000
85
00000000
00000000
00112000
00112210
00211111
02222100
22120000
02102000
62
00000000
00000100
02111000
00212210
00221111
02222100
22120000
02102000
24
00000000
00000100
02111000
01112210
00221111
02222100
22220000
02222000
22
00000000
01000100
01111000
01112210
00221211
02222220
22220000
02222000
77
00000000
01000100
01111000
01112210
00221211
02222210
22220210
02222000
78
00000000
01000100
01111000
22222210
00211211
02221210
22220110
02222010
25
00000000
01000100
21111000
22122210
01211211
02221210
22220110
02222010
16
00000020
01000200
21112000
22122210
01211211
11111210
22220110
02222010
73
00000020
01000200
21112010
22122110
01211211
11111220
22220112
02222010
42
00020020
01020200
21121010
22122110
01211211
11111220
22220112
02222010
18
00020020
01020220
21121020
22122120
01211221
11111220
11220112
12222010
15
20020020
02020220
21221020
21122120
11211221
11111220
11220112
12222010
83
20020020
02020220
21221021
21122222
11211121
11111220
11220112
12222010
63
20020020
02020220
21221111
21121112
11211122
11111222
11220112
12222010
61
20020120
02220110
22221111
21121112
11211122
11111222
11220112
12222010
88
20022220
02220110
22221111
21121111
11211121
11111221
11220111
12222011
21
21022220
01120110
21211111
21121111
11211121
11121221
11222111
12222011
31
21122220
01110110
21211111
21121111
11211121
11121221
11222211
12222211
12
21122220
11112110
11212111
11122111
11212121
11122221
11222211
12222211
81
