00000000
00000000
00000000
00012000
00022000
00002000
00000000
00000000
66
00000000
00000000
00000000
00222000
00021000
00002100
00000000
00000000
53
00000000
00000000
00001200
00222000
00021000
00002100
00000000
00000000
57
00000000
00000000
00001200
00222000
00021000
00002100
00001200
00000000
33
00000000
00002000
00102200
00212000
00021000
00002100
00001200
00000000
62
00000000
00002100
00101200
00212000
00021000
00002100
00022200
00000000
68
00000000
00002100
00101200
00212000
00022200
00002100
00022100
00000100
64
00000000
00002100
00101200
00222220
00022200
00002100
00022100
00000100
23
00000000
00002100
01101200
00122220
00222200
00001100
00022100
00000100
84
00000000
00002100
01101200
00111111
00222200
00002100
00022200
00000120
72
00000000
00002110
01101100
00111111
00222200
00002200
00022220
00000120
38
00000000
00002110
01101100
00111111
00222100
00001200
00222220
00100120
88
00000000
20002110
02101100
00211111
00221100
00001100
00222210
00100111
36
00000000
20002110
02101100
00111111
02111100
00201100
00122210
00100111
58
00000000
20002110
02101100
00111111
02111100
00201100
00121222
00101111
16
00000000
20002110
02101200
00111121
01111102
10201100
00121222
00101111
76
00000002
20002120
02101200
00111121
01111102
10201110
00121112
00101111
42
00020002
20012120
02101200
00111121
01111102
10201110
00121112
00101111
13
00020002
20012120
11101200
02222221
01111102
10201110
00121112
00101111
86
00020002
20012120
21101200
22222221
02111101
10201111
00121111
00101111
82
00022002
20022111
21201200
22222221
02111101
10201111
00121111
00101111
73
00022002
22022111
22201110
22222121
02111101
10201111
00121111
00101111
32
00022002
22121111
22221110
22222121
02111101
10201111
00121111
00101111
31
00122022
22111221
22222120
22222121
02111101
10201111
00121111
00101111
11
12222022
22211221
22122120
22212121
02111101
10201111
00121111
00101111
83
12222022
22211221
22122111
22212111
02111101
10201111
02221111
00101111
15
12222022
12211221
12122111
12222111
12211101
12201111
02221111
00101111
18
12222022
12211221
12122111
12222111
12221101
12221111
01221111
10101111
28
12222022
12211221
12122111
12222111
12221101
12211111
22221111
11101111
48
12222022
12211221
12122121
12222221
12222221
11211111
22111111
11111111
61
