00000000
00000000
00000000
00012000
00022200
00000000
00000000
00000000
64
00000000
00000000
00000020
00011200
00022200
00000000
00000000
00000000
66
00000000
00000000
00000020
00011200
00022200
00020100
00000000
00000000
47
00000000
00000000
00000020
00011200
00012200
00020100
00210000
00000000
56
00000000
00000000
00000020
00011200
00011200
00022100
00220000
00200000
36
00000000
00000000
00020020
00022200
00021200
00121100
00220000
00200000
53
00000000
00000000
00021020
00021200
00021200
00122200
00220200
00200000
34
00000000
00000000
00021020
00111200
00021200
00222200
02220200
00200000
74
00000000
00000000
00021020
00111120
00021220
00222200
02220200
00200000
35
00000000
00000000
00022220
00112220
00121220
00222200
02220200
00200000
78
00000000
00000000
00022220
00112220
00111220
00221200
02220200
00200210
58
00000000
00000000
00022220
00122220
00211220
02221200
02220200
00201110
48
00000000
00000000
00022220
00122220
00212220
02222200
02222200
00211110
42
00200000
00020000
00012220
00112220
00212220
02222200
02222200
00211110
24
00200000
00020000
00012220
22222220
00112220
02212200
02221200
00211110
18
00200000
00022000
00022220
22222220
00112220
02112200
01221200
10211110
72
00200000
00022010
00022120
22221220
00112220
02112200
02221200
12211110
76
00200000
00022010
00022110
22221210
00112110
02111210
02222220
12211110
17
00200002
00022020
00022210
22222210
00122110
01211210
12222220
12211110
87
00200002
00022020
00022210
22222210
00122110
22211210
12111111
12211110
62
00200202
00022220
00021210
22212210
00122210
22211210
12111111
12211110
32
00200202
00122220
00011222
22211220
00122210
22212210
12121111
12211110
71
00200212
00222110
00222212
22221210
00122210
22212210
12121111
12211110
23
00200212
00222110
01111112
22121210
00112220
22211222
12121111
12211110
41
00210212
00111110
22222222
22121210
00112220
22211222
12121111
12211110
15
00210212
00111110
22122222
21121222
10112220
11211222
12121111
12211110
25
00210212
02111110
22222222
21121222
11112220
11111222
12111111
12211110
82
00222212
02122211
22222222
21121122
11111220
11111222
12111111
12211110
21
01111112
22222211
21222222
21121122
11111220
11111222
12111111
12211110
85
01111112
22221212
21222122
21121112
11111112
11111212
12111122
12222222
11
