00000000
00000000
00000000
00021000
00012000
00000000
00000000
00000000
34
00000000
00000000
00002000
00112000
00012000
00000000
00000000
00000000
63
00000000
00000000
00002220
00111000
00012000
00000000
00000000
00000000
65
00000000
00000000
00002220
00121000
00211100
00000000
00000000
00000000
72
00000020
00000020
00002120
00121000
00211100
00000000
00000000
00000000
33
00000020
00000020
00102120
00112000
00212100
00002000
00000000
00000000
83
00000020
00000020
00102111
02222000
00212100
00002000
00000000
00000000
43
00000020
00020020
00211111
02211000
00212100
00002000
00000000
00000000
22
00000020
01020020
00121111
02221000
00222100
00022000
00000000
00000000
26
00000020
01020020
00121121
02211020
00122200
01022000
00000000
00000000
61
20000120
02020010
00221121
02221020
00122200
01022000
00000000
00000000
76
20000120
02020010
00221121
02221020
00222100
01222010
00000000
00000000
81
20000111
02020010
00221121
02221020
00222220
01222010
00000000
00000000
47
20000111
02020210
00222121
02221010
00222120
01221010
00010000
00000000
14
20000111
02020210
02222121
11211010
00222120
01221010
00010000
00000000
25
20000111
02020210
02222121
11211010
01211120
01221010
00210000
00000000
21
21000111
01020210
01222121
11211010
01221120
01222010
00210200
00000000
78
21000111
01020210
01222121
11111010
01211120
02221010
20210100
00000010
52
21000111
01021110
01211121
11111010
01211120
02221010
20220100
00020010
28
21000111
01021110
01211121
11111010
01211120
02211020
20120120
01020010
85
21000111
01022222
01211121
11111010
01211111
02211010
20120120
01020010
16
21000111
01022222
01211121
12111010
22211111
22111010
20220120
01020010
13
21000111
01022222
11211122
11111012
22111111
22111010
20220120
01020010
58
21000111
01022222
11211122
11111012
22111112
22111012
20210120
01021010
18
21000111
01022222
11211122
11111022
12111212
12112012
10220120
11221010
51
21001111
01011222
11111222
11111222
12112222
12122012
10220120
11221010
27
21001111
01222222
11221222
11212222
11212222
11222012
11220120
11221010
57
21001111
01222222
11221222
11211222
11111222
11211012
11111120
11222210
41
21011111
01112222
11211222
11211222
11111222
11211022
11111122
11222210
88
22211111
01222221
11212221
11211221
11111221
11211021
11111121
11222211
66
