00000000
00000000
00000000
00012000
00022000
00002000
00000000
00000000
46
00000000
00000000
00000000
00012000
00012000
00022000
00200000
00000000
67
00000000
00000000
00000000
00012000
00012000
00022200
00200100
00000000
63
00000000
00000000
00020100
00021000
00022000
00022200
00200100
00000000
36
00000000
00000000
00020100
00022000
00012200
00122200
00200100
00000000
76
00000000
00000000
00020100
00022000
00012200
00112110
00202100
00000000
48
00000000
00000000
00020100
00022000
00012200
00112210
00201200
00010200
26
00000000
00000000
00020100
00022000
00012200
01112222
00101200
00010200
42
00000000
00010000
00010100
00012000
00012200
01112222
00122200
00010200
87
00000000
00010000
00010100
00011000
00012100
22222212
00122201
00010200
64
00000000
00010000
00010100
00011100
00211100
22222212
00122201
00010200
75
00000000
00010000
00010100
00011100
00211110
22222112
00122201
00012200
17
00000000
00010000
00010100
00211100
00221110
21222112
10122201
00012200
85
00000000
00010000
00010120
00211200
00222111
21222111
10122201
00012200
33
00000000
00010000
00110120
00111200
00122111
21122111
20122201
20012200
82
00020000
00020001
00120110
00121100
00121111
21112111
20122201
20012200
77
00020000
00020001
00120110
00121100
00121111
21112111
20111211
20012220
88
00020000
00020001
00120110
00121100
00121111
21112111
20121211
20211111
32
00220000
00220001
00210110
00221100
00221111
21212111
20221211
20211111
24
00220000
00220001
02210110
01211100
00121111
21212111
20221211
20211111
25
00220000
00220001
02210110
02111100
02121111
22212111
22211211
20211111
21
22220000
00120001
02210110
02111100
02121111
22212111
22211211
20211111
15
22220000
00122001
02220110
02211100
12121111
21212111
22111211
20211111
13
22220000
02222001
12220110
01211100
12121111
21212111
22111211
20211111
12
22220000
12222001
11222110
01121100
12211111
22211111
22111111
20211111
62
22220000
21211101
22222110
22221100
22211111
22211111
22111111
20211111
28
22220000
21212101
21222210
21222220
21211111
21211111
21111111
21111111
72
22220000
21212111
21222222
21221220
21211111
21211111
21111111
21111111
61
22220102
21211122
21212222
21121220
21211111
21211111
21111111
21111111
71
