00000000
00000000
00000000
00021000
00012000
00000000
00000000
00000000
56
00000000
00000000
00000000
00021000
00012000
00001200
00000000
00000000
76
00000000
00000000
00000000
00022200
00012000
00001110
00000000
00000000
53
00000000
00000000
00001000
00021200
00012000
00001210
00000020
00000000
75
00000000
00000000
00001000
00021100
00022010
00022210
00000020
00000000
37
00000000
00000000
00001000
00021100
00021010
00012222
00100020
00000000
35
00000000
00000000
00001000
00011102
00111020
00012222
00100020
00000000
88
00000000
00000000
00001000
00011102
00111020
00012222
00102010
00000001
58
00000000
00000000
00001000
00011102
00111020
00011222
00101020
00001201
78
00000000
00000000
00201000
00021102
00112020
00011222
00101020
00001111
22
00000000
01000000
00101000
00011102
00111020
00222222
00101010
00001111
74
00000000
01000000
00101000
00011112
00111010
00222212
00201010
00201111
27
00000000
01000000
00101000
00011112
00111010
00122212
01202010
00221111
67
00000000
01000000
00101000
00011112
00111010
20121212
02202110
00221111
28
00000000
01000000
00101000
02011112
00211010
20121212
02102110
01111111
26
00000000
01000000
00101000
02011112
00111010
21121212
01102222
01111111
65
00000000
01000000
00101020
02011222
00112120
21121122
01102122
01111111
82
00000000
01000001
00101010
02222222
00111120
21111122
01102122
01111111
13
20000000
02000001
10201010
01222222
00111120
21111122
01102122
01111111
85
20000000
02000021
10201020
01222222
00111111
21111111
01102121
01111111
62
20000000
02000111
10201020
01222222
00121211
21122111
01122121
01111111
32
20000000
02100111
10101020
01122222
00221211
22122111
22222121
01111111
31
20100000
01120111
10102020
01122222
00221211
22122111
22222121
01111111
52
20100000
01111111
10101020
22221222
00221211
22122111
22222121
01111111
43
20102000
01122211
10212020
22212222
00212211
22112111
22212121
01111111
61
20102220
01121221
10212020
22212222
00212211
22112111
22212121
01111111
83
20102220
22221221
20212021
22212211
00212111
22111111
22212121
01111111
25
20102220
22221221
20212021
22112211
01122111
21211111
22212121
21111111
23
20102220
22221221
21212021
22112211
22222111
22211111
22212121
21111111
41
22222220
22211221
21222021
22112211
22222111
22211111
22212121
21111111
63
22222220
22211221
21111111
22112111
22222111
22211111
22212121
21111111
81
