00000000
00000000
00000000
00021000
00012000
00000000
00000000
00000000
43
00000000
00000000
00010000
00011000
00222000
00000000
00000000
00000000
36
00000000
00000000
00010000
00011000
00212000
00200000
00200000
00000000
26
00000000
00000000
00210000
00021000
00112000
01200000
00200000
00000000
48
00000000
00000000
00210000
00221000
00212000
01200000
00100000
00010000
53
00000000
00000000
00211000
00222200
00112000
01200000
00100000
00010000
23
00000000
00000000
01111000
00122200
02222000
01200000
00100000
00010000
16
00000000
00000000
01111000
20122200
02222000
11200000
00100000
00010000
74
00000000
20000000
02111000
20211110
02222000
11200000
00100000
00010000
27
00000000
20002000
02122000
20212110
02212000
11100000
01100000
00010000
13
00000000
20002000
11122000
20212110
02222000
11200000
02100000
20010000
42
00000000
20012000
11111000
20212222
02222000
11200000
02100000
20010000
62
00000000
20211100
12221000
20212222
02222000
11200000
02100000
20010000
66
00000020
20211200
12222000
20222222
02221000
11200100
02100000
20010000
73
00000020
20211200
12222010
20222222
02221020
11200100
02100000
20010000
28
00000020
20211200
12222010
20222222
02221020
12200100
21100000
21010000
72
00000020
20211110
12222010
20222222
02222020
12220100
21100000
21010000
24
00200020
20221110
12122010
21222222
01222020
11220100
21100000
21010000
63
00200020
20221110
12111110
21221222
01212020
11220100
21200000
22210000
51
00201020
20211110
12222222
21221222
01212020
11220100
21200000
22210000
22
00201020
22222222
11122222
21211222
01211020
11220100
21200000
22210000
57
00201020
22222222
11122222
21212222
01111220
11210100
21201000
22210000
41
02211020
22212222
11122222
21212222
01111220
11210100
21201000
22210000
86
02211020
22212222
11121222
21212122
01122210
11222101
21201000
22210000
15
02211020
22212222
11121222
11212122
11122222
11222101
21201000
22210000
11
11111020
11212222
11121222
11212122
11122222
11222101
21202000
22222000
47
11111020
11212222
11121222
11212122
11112222
11112221
21112000
22222000
81
11111021
11212211
11121121
11211121
11112221
11112221
21112000
22222000
67
11111021
11212211
11121121
11212121
11112221
11111121
21111102
22222000
88
11111021
11212211
11121121
11212121
11112221
11111221
22222221
22222001
78
11111021
11212211
11121111
11212111
11112211
11111211
22222211
22222211
61
