00000000
00000000
00000000
00012000
00022000
00002000
00000000
00000000
64
00000000
00000000
00200000
00021100
00022000
00002000
00000000
00000000
46
00000000
00000000
00200000
00021100
00022000
00012200
00000000
00000000
34
00000000
00000000
00200020
00111200
00022000
00012200
00000000
00000000
57
00000000
00000000
00200020
00111200
00021000
00011200
00002000
00020000
22
00000000
01000000
02100020
00211200
00021000
00011200
00002000
00020000
36
00000000
01000000
02100020
00211200
00211000
00121200
00002000
00020000
76
00000000
01000000
02102020
00222200
00212000
00122110
00002000
00020000
67
00000000
01000000
02102020
00222200
00222000
00221110
02002100
00020000
58
00000000
01000000
02102020
00222200
00222020
00221210
02002100
00021000
52
00000000
01001000
02221020
00221200
00221020
00221210
02002100
00021000
65
00000000
01001000
02221020
00221200
00221120
00222222
02002100
00021000
18
00000000
01001000
02221020
00221200
00211120
00122222
01002200
10021020
26
00000000
01021000
02222020
00211200
00111120
01122222
01002200
10021020
47
00000000
01021000
02222020
00211200
00212120
01221222
01222200
10021020
87
02000000
02021000
02222020
00211200
00212120
01221212
01222201
10021020
74
02000000
02021000
02222020
00211110
00212222
01221222
01222201
10021020
32
02000000
02111000
02212020
00211110
00212222
01221222
01222202
10021022
14
02000000
02111000
01212020
10211110
00212222
22221222
01222202
10021022
24
02000000
22111000
02112020
11211110
00222222
22222222
01222202
10021022
17
02000200
22112000
02122020
11211110
00122222
21222222
11222202
10021022
13
02000200
22112000
11122220
11212220
00122222
21222222
11222202
10021022
83
02000200
22112000
11111111
11212220
00122222
21222222
11222202
10022222
84
02000200
22112000
11111111
11211111
00122222
21222222
12222202
10222222
51
02001200
22111000
21111111
21211111
20122222
22222222
12222202
10222222
25
02001200
22111002
21111122
21111212
21122222
22222222
12222202
10222222
28
02001200
22222202
21111222
21111212
21122222
21222222
11222202
11222222
72
02022200
22222212
21111112
21111212
21122222
21222222
11222202
11222222
31
02122202
22112222
21111212
21112212
21122222
21222222
11222202
11222222
11
11122202
11112222
11111212
11112212
11122222
11222222
11222202
11222222
77
11122202
11112222
11111212
11112212
11121212
11222112
11111112
11222222
71
