00000000
00000000
00000000
00021000
00012000
00000000
00000000
00000000
56
00000000
00000000
00000000
00021000
00021000
00021000
00000000
00000000
37
00000000
00000000
00000000
00021000
00021000
00012000
00100200
00000000
36
00000000
00000000
00000000
00221000
00021000
00112000
00100200
00000000
66
00000000
00000000
00000000
00222200
00021000
00111100
00100200
00000000
53
00000000
00000000
00001000
00221200
00022000
00111200
00100220
00000000
43
00000000
00020000
00012000
00211200
00012000
00111200
00100220
00000000
88
00000000
00020000
00012000
00221200
00211000
00111100
00100210
00000001
23
00000000
00020000
01012000
00121200
00211000
00111100
00100222
00000001
68
00000000
00020000
01012000
00122200
00212000
00122100
00102222
00000101
24
00000000
00020000
01012000
01122200
00122000
00212100
02101222
00000101
62
00000000
00020100
01011000
01112200
02222000
00212100
02101222
00000101
17
00000000
00020100
01011000
01112200
02222000
00222100
11201222
02000101
74
00000000
02020100
02011000
02111110
02222000
00222100
11201222
02000101
78
00000000
02020100
02011000
02111110
02212000
00222220
11201122
02000111
15
00000000
02020100
02011000
02111110
11112000
00222220
11202222
02002111
12
00000000
12022100
01012000
02112110
11112000
00222220
11202222
02002111
38
00000000
12022100
01012000
02112222
11112000
00122220
11102222
02102111
48
00000000
12022100
01012000
02122222
12212000
02222220
12102222
02111111
13
00000000
12022100
11222000
01222222
12212000
02212220
12101222
02111111
21
01000000
11022100
11222000
22222222
12212000
02212220
12101222
02111111
73
01000000
11222100
12222010
22222122
12211000
02212220
12101222
02111111
86
01000000
11222102
12222020
22222222
12212000
02221111
12201211
02111111
31
01100020
11122202
12122020
22122222
12112000
02121111
12101211
02111111
72
01120020
11221112
12122020
22122222
12112000
02121111
12101211
02111111
16
01120020
11221112
12122020
22122222
11112002
11121121
11101211
02111111
47
22220020
22221112
22222020
22122222
11112002
11111121
11111211
02111111
83
22222020
22222212
22222021
22122221
11112001
11111121
11111211
02111111
61
22222120
22221212
22212021
22122221
11112201
11111221
11111211
02111111
63
22222120
22221112
22211111
22121111
21112101
21111121
21111111
22111111
75
