00000000
00000000
00000000
00021000
00012000
00000000
00000000
00000000
34
00000000
00000000
00000000
00111000
00222000
00000000
00000000
00000000
66
00000000
00000000
02000000
00211000
00221000
00000100
00000000
00000000
26
00000000
00000000
02020000
00221000
00121000
01000100
00000000
00000000
33
00000000
00000000
02120000
00211000
02221000
01000100
00000000
00000000
42
00000000
00010000
02222000
00221000
02221000
01000100
00000000
00000000
22
00020000
01020000
02122000
00211000
02221000
01000100
00000000
00000000
36
00020000
01020000
02122000
00112000
02222200
01100100
00000000
00000000
12
00020000
11020000
01122000
00112000
02222200
01100200
00000020
00000000
16
00020000
11020000
01122000
00112000
01222200
11200200
00200020
00000000
64
00020000
11020000
01122200
00112200
01222200
11200200
00200020
00000000
75
00020000
11020000
01122200
00112202
01111120
11200200
00200020
00000000
27
00020000
11020000
01122200
00122202
01211120
12100200
22200020
00000000
62
00020000
11020100
01122220
00122102
01211120
12100200
22200020
00000000
38
00020000
11020100
01222220
02222102
02211120
12100200
21100020
00100000
31
02220000
12010100
02221220
02222102
02211120
12100200
21100020
00100000
86
02220200
12010200
02221220
02222102
02211110
12100201
21100020
00100000
11
12222200
11020200
02221220
02212102
02211110
12100201
21100020
00100000
57
12222200
11020200
02221220
02222202
02222110
12220101
21101020
00100000
52
12222200
11221200
02221220
02122202
01222110
12220101
21101020
00100000
14
12222200
11221200
02221220
11122202
01222110
12220101
21102020
00100200
74
12222200
11221200
02221120
11111112
01222110
12220101
21202020
00120200
13
12222200
11221200
11111120
11111112
01222110
12220101
22202020
02220200
71
11111110
11221100
11111120
11111112
01222222
12220101
22202020
02220200
56
11111110
11222220
11111220
11112112
01221122
11211101
22202020
02220200
18
11111110
11222220
11111220
11112112
01221122
11221101
12222020
12220200
76
11111110
11222220
11111222
11112122
01221212
11222111
12222020
12220200
67
11111110
11222220
11111222
11112122
01212212
11222121
11122220
12222200
82
11111112
11111121
11111211
11112121
01212211
11222121
11122220
12222200
87
11111112
11111121
11111211
11111121
22212111
12222111
11211111
12222200
78
