00000000
00000000
00020000
00022000
00021000
00000000
00000000
00000000
33
00000000
00000000
00120000
00012000
00022000
00002000
00000000
00000000
53
00000000
00002000
00112000
00012000
00022000
00002000
00000000
00000000
65
00000000
00022000
00122000
00021000
00022100
00002000
00000000
00000000
47
00000000
00022000
00122200
00022000
00022100
00001000
00010000
00000000
51
00001200
00012000
00121200
00021000
00021100
00001000
00010000
00000000
73
00001200
00012000
00121110
00021000
00022220
00001000
00010000
00000000
34
00001200
00012000
00121110
00111000
00012220
00002000
00012000
00000000
67
00001200
00012000
00121110
00111000
00012220
00002000
00012100
00002000
41
00011200
00011000
00121110
00111000
00012220
00002000
00012220
00002000
85
00011200
00011000
00121110
00121000
00021111
00022000
00012220
00002000
71
00011110
00011000
00121110
00121000
00021111
00022000
00022220
00022000
78
00011110
00011000
00121110
00121020
00011211
00022000
00022120
00022010
87
00011110
00011000
00121110
00221020
02011211
00022000
00022111
00022010
23
00011110
00011000
01121110
00122220
02012211
00022000
00022111
00022010
35
00011110
00011000
01121110
00112220
02122211
00222000
00022111
00022010
68
00011110
00011020
01121220
00112220
02122211
00212000
00021111
00022110
16
00011110
02011020
01221220
00122220
01122211
10212000
00021111
00022110
24
00011110
22011020
02121220
01222220
01122211
10212000
00021111
00022110
84
00011110
22011020
02121220
01111111
22222211
10212000
00021111
00022110
32
00011110
22111020
02111220
01111111
22222211
10222000
00221111
00022110
38
00011110
22111020
02111220
01111111
22122111
20121000
20111111
00111110
26
00011110
22111020
02111220
01111111
21122111
21121000
20211111
02111110
11
10011110
22222220
02112220
01121111
21222111
22121000
20211111
02111110
14
10211110
22222220
01212220
11221111
21222111
22121000
20211111
02111110
13
10211110
12222220
11212220
11221111
21222111
22221000
22211111
02111110
81
10211111
12222210
11212220
11221211
21222211
22222200
22211111
02111110
18
10211111
12222210
11212220
11221221
11212221
12122220
11211111
11111110
82
10211111
12222211
11212210
11221121
11211221
12112220
11111121
11111112
86
10211111
12222211
11212222
11221122
11211212
12111112
11111112
11111112
21
