00000000
00000000
00000000
00222000
00021000
00000000
00000000
00000000
35
00000000
00000000
00000000
00222000
00211000
02000000
00000000
00000000
43
00000000
00000000
00010000
00212000
00221000
02200000
00000000
00000000
64
00000000
00000000
00012000
00221100
00221000
02200000
00000000
00000000
46
00000000
00000000
00012000
00211100
00211000
02220000
00002000
00000000
24
00000000
00000000
00012020
01111200
00212000
02220000
00002000
00000000
63
00000000
00000000
20011120
02111200
00212000
02220000
00002000
00000000
27
00000000
00000200
20012220
02121200
00212000
02120000
01002000
00000000
52
00000000
00022200
20022220
02121200
00212000
02120000
01002000
00000000
51
00001000
00021200
20021220
02121200
00212000
02220000
01202000
00000000
83
00001000
00021200
20021111
02121200
00212000
02220000
02202000
02000000
71
00001010
00021100
20021111
02221200
02212000
02220000
02202000
02000000
18
00001210
00022200
20021211
02221200
02212000
02120000
01202000
12000000
72
00001222
00022210
20021111
02221200
02212000
02120000
01202000
12000000
32
00001222
00111112
20011121
02221200
02212000
02120000
01202000
12000000
15
00001222
00111112
20011121
02221200
11112000
02120000
22202000
12000000
47
00001222
00111112
20011121
02221200
11122000
02120000
22222000
12020000
68
00001222
00111112
20011121
02221200
11122000
02222000
22221000
12020100
75
00001222
00111112
20011121
22221100
12122010
02222000
22221000
12020100
84
00001222
00111212
20011211
22221201
12122210
02222000
22221000
12020100
76
00001222
00111212
20011211
22221201
12122210
02222210
22222000
12020100
33
00001222
00111212
20111211
21121201
12122210
02222220
22222002
12020100
16
00001222
02222212
20211211
21121201
11122210
12222220
12222002
12020100
31
00101222
02112212
22222211
22221201
12122210
12222220
12222002
12020100
86
00101222
02112212
22222211
22221201
12122210
11111211
12222022
12020100
67
00101222
02112212
22222211
22221201
12122210
11212211
11122122
12022100
12
02101222
12212212
12222211
12121201
12112210
11211211
11122122
12022100
41
02111222
12112212
11222211
12121201
12112210
11211211
11222122
12222100
88
02111222
12112212
11222211
12121201
12112210
11211211
11222121
12222221
74
02111222
12111212
11222112
12121112
12112222
11211221
11222221
12222221
11
