00000000
00000000
00020000
00022000
00021000
00000000
00000000
00000000
33
00000000
00000000
00120000
00222000
00021000
00000000
00000000
00000000
35
00000000
00000000
00120000
00122000
00121000
00020000
00000000
00000000
64
00000000
00000000
00120200
00112100
00121000
00020000
00000000
00000000
57
00000000
00000000
00120200
00212100
02221000
00010000
00001000
00000000
24
00000000
00000000
00120200
01112220
02121000
00010000
00001000
00000000
15
00000000
00000000
00120200
01212220
12121000
20010000
00001000
00000000
26
00000000
00000000
00120200
01212220
11221000
22210000
00001000
00000000
37
00000000
00000000
02220200
01212220
11121000
21110000
00101000
00000000
42
00000000
00010000
02110200
22212220
21121000
21110000
00101000
00000000
65
00000000
00210000
02210200
22211220
21121100
21110000
00101000
00000000
21
01000000
00110000
02210200
22211220
21122220
21110000
00101000
00000000
76
01000000
00110000
02210200
22211220
21222120
21120010
00102000
00000200
47
01000000
00110000
02210200
22211220
21212120
21110020
00112020
00000200
12
01000000
10110000
22210200
22111220
21212120
21110020
00112020
00000200
22
01000000
11110000
21110200
21112220
21222120
21210020
02222020
00000200
38
01000000
11112000
21120200
21212220
22122120
21110020
02122020
00100200
67
01002000
11122000
21220200
22212220
22122120
21110020
02111120
00100200
17
01002000
11122000
11220200
12212220
12122120
11210020
11121220
00102200
62
01002000
11112100
11222100
12212220
12122120
11210020
11121220
00102200
87
01002000
11112100
11222100
12212220
12122220
11210210
11121211
00102200
56
01002000
11112100
11222100
12112220
12112222
11211120
11111211
00102200
61
01002100
11111100
11212100
12112220
12112222
11211220
11111221
00102202
86
01002220
11111100
11211100
12112120
12112212
11211111
11111221
00102202
84
01002220
11111120
11211200
12112111
12112211
11211111
11111221
00102202
78
01002220
11111220
11211220
12112211
12112211
11211111
11111111
00102212
82
01002220
11111111
11211210
12112111
12111211
12211111
12111111
02102212
48
01002222
11111121
11211210
12112111
12111211
12211111
12111111
02111112
18
21002222
12111122
11211222
12112122
12111212
12111112
11111112
11111112
31
