00000000
00000000
00000000
00012000
00022000
00002000
00000000
00000000
64
00000000
00000000
00002000
00012100
00022000
00002000
00000000
00000000
62
00000000
00000100
00001000
00222100
00022000
00002000
00000000
00000000
46
00000000
00000100
00001000
00222100
00022200
00012000
00000000
00000000
66
00000000
00000100
00001000
00222100
00022100
00021100
00020000
00000000
33
00000000
00000100
00121000
00222100
00021100
00021100
00020000
00000000
32
00000000
00100100
00111020
00221200
00022100
00021100
00020000
00000000
24
00000000
00100100
00111020
22222200
00022100
00021100
00020000
00000000
84
00000000
02100100
00211010
22222201
00022100
00021100
00020000
00000000
75
00000000
02100102
00211020
22222201
00022110
00021100
00020000
00000000
35
00002000
02100202
00111020
22112201
00111110
00021100
00020000
00000000
15
00002000
02100202
20111020
22112201
10211110
00021100
00020000
00000000
37
00002000
02100202
20111020
22112201
10211210
00011120
00120000
00000000
57
00002000
02100202
20111020
22112221
10211220
00011120
00111000
00000000
12
00002000
11100202
10111020
12112221
10221220
00222220
00111000
00000000
77
00002000
11100202
10111020
12112221
10221220
00222120
00122010
00002000
63
00002000
11100222
10111220
12112121
10221120
00222120
00122010
00002000
68
00002000
11100222
10111220
11112221
10122120
00222120
00221010
02002100
83
00002000
11100222
12111111
11212211
10122120
00222120
00221010
02002100
87
00002000
11100222
12111111
11212211
10122120
00222120
00221021
02002220
38
00002000
11100222
12111111
11212211
10122120
00221120
02111021
02102220
18
00002000
11100222
12111111
11211211
10122220
00122220
01111221
11102220
85
00002000
11100222
12111112
11211212
10111122
00122222
01111221
11102220
88
00002000
11100222
12112112
11221212
10211122
02222122
01111211
11102221
48
02002000
12200222
12122112
11222212
10211222
02222122
01111211
11111111
42
02022000
11220222
12122112
11222212
10221222
02222122
01111211
11111111
61
22022100
12220122
12222112
11222212
10221222
02222122
01111211
11111111
71
22022110
12220112
12222112
12222212
12221222
02222122
01111211
11111111
81
22022111
22220111
22222111
22222211
22221221
22222121
01111211
11111111
31
22111111
22110111
22121111
22122111
22121211
22122121
22222211
11111111
52
