00000000
00000000
00000000
00012000
00022200
00000000
00000000
00000000
64
00000000
00000000
00000200
00012200
00022200
00000000
00000000
00000000
66
00000000
00000000
00000200
00012200
00022200
00020100
00000000
00000000
74
00000000
00000000
00000220
00011210
00022200
00020100
00000000
00000000
62
00000000
00000100
00200120
00021110
00022100
00020100
00000000
00000000
84
00000000
00000100
00200110
00021111
00022100
00020200
00000020
00000000
36
00000000
00000100
00200110
00021111
00222100
00120200
00000020
00000000
37
00000000
00000100
00200110
00021111
00221100
00210200
02100020
00000000
88
00000000
00000120
00200210
00022111
00221100
00210100
02100010
00000001
52
00000000
00001120
00200110
00022111
00221200
00210120
02100010
00000001
17
00000000
00001120
00200110
00022111
00221200
00210120
12100010
20000001
82
00000000
00001111
00200110
00022111
00221200
00220120
12102010
20000001
56
00000000
00001111
00200110
00022111
00222220
00221220
12102010
20000001
58
00000000
00001111
00202110
00022211
00222220
00221220
12101010
20001001
26
00000000
00001111
00201110
00012211
00122220
01111220
12102010
20021001
28
00000000
00001111
00201110
00012211
00122220
01112220
11102210
21021001
22
00000000
01001111
00101110
00012211
02222220
01112220
11102210
21021001
38
00000200
01001211
00101210
00012211
02222220
01112220
11102210
21111001
85
00000200
01002211
00122210
00022211
02222221
01112210
11102110
21111001
34
00000200
01002211
00122210
00111111
02112221
01111220
11102120
21111021
14
00000200
01002211
00122210
10111111
22222221
01111220
11102120
21111021
42
00000200
01011111
00111210
10111111
22222221
22222220
21102120
21111021
68
00000200
01011111
20111210
20111111
22222221
22222220
21102120
21111111
87
00000200
01011111
22222210
20211111
22222121
22222210
21102111
21111111
47
02000200
02011111
22222210
20211111
22212121
22211210
21111111
21111111
32
02200200
02121111
22112210
20111111
22112121
22111210
21111111
21111111
86
02200200
02121111
22212210
22111111
22112111
22111211
21111111
21111111
12
02200202
11121121
21212210
22111111
22112111
22111211
21111111
21111111
71
02200212
11121122
21212222
22111111
22112111
22111211
21111111
21111111
41
02222212
11122222
21212222
22111111
22112111
22111211
21111111
21111111
11
