00000000
00000000
00000000
00021000
00012000
00000000
00000000
00000000
34
00000000
00000000
00002000
00112000
00012000
00000000
00000000
00000000
63
00000000
00000000
00002100
00121000
00222000
00000000
00000000
00000000
43
00000000
00002000
00012100
00122000
00222000
00000000
00000000
00000000
41
00010000
00001020
00012200
00122000
00222000
00000000
00000000
00000000
56
00010000
00001220
00012200
00121000
00211000
00001000
00000000
00000000
81
00010001
00001210
00012100
00121000
00212000
00001200
00000000
00000000
76
00010001
00001210
00012200
00122200
00212000
00001110
00000000
00000000
73
00010001
00022210
00022110
00122200
00212000
00001110
00000000
00000000
46
00010001
00022210
00022120
00122102
00211000
00011110
00000000
00000000
82
00010001
00022211
00022110
00122102
00212000
00011210
00000020
00000000
36
00010001
00022211
00022222
00122102
00112000
00111210
00000020
00000000
32
00010001
00111111
00022222
00122102
00112000
00112210
00002020
00000000
68
00010021
00111221
00022222
00122102
00112000
00112210
00001020
00000100
75
00010021
00111221
00022222
00122222
00112020
00112120
00001020
00000100
61
00010111
00111221
00022222
02222222
00112020
00112120
00001020
00000100
65
00010111
00111121
00012122
02221122
00111120
00112120
00002020
00002100
23
02010111
00211121
01022122
02122122
00111220
00112120
00002020
00002100
22
02210111
01121121
01022122
02122122
00111220
00112120
00002020
00002100
33
02210111
22221121
02111122
02212122
00121220
00112120
00002020
00002100
78
02210111
22221111
02111112
02212112
00121210
00122110
00022010
00002110
13
02210111
22221111
11211112
02212112
20121210
00122110
00022010
00002110
85
02222111
22222111
11212111
02212111
20121211
00122110
00022010
00002110
48
02222111
22222111
11212111
02212111
20211211
00212110
00211010
00011110
26
02222111
22222111
11212111
02212111
20111211
01112120
00111012
00011110
14
02222111
22222111
11212111
11112111
20111211
22222120
00111012
00011110
86
02222111
22222111
11212111
11112111
20111211
22222211
00111222
00011110
25
02222111
22222111
11212111
11112111
21121211
22222211
02222222
00011110
17
02222111
22222111
21212111
21112111
21121211
21222211
22222222
20011110
88
02222111
22222111
21212111
21112111
21121211
21222111
22222211
20011111
11
11111111
21222111
21112111
21112111
21121211
21222111
22222211
20011111
38
