00000000
00000000
00000000
00021000
00012000
00000000
00000000
00000000
65
00000000
00000000
00000000
00021000
00012100
00000200
00000000
00000000
67
00000000
00000000
00000000
00021000
00222100
00000100
00000100
00000000
56
00000000
00000000
00000000
00021000
00222100
00001200
00000120
00000000
34
00000000
00000000
00000000
00111000
00212220
00001200
00000120
00000000
74
00000000
00000000
00000020
00111020
00212120
00001200
00000120
00000000
76
00000000
00000000
00002020
00122020
00212120
00001110
00000120
00000000
64
00000000
00000000
00002020
00111120
00212220
00002110
00020120
00000000
25
00000000
00000000
00202020
00121120
01112220
00002110
00020120
00000000
87
00000000
00000000
00202020
00121120
01112220
00002210
00022111
00000000
42
00002000
00020000
00201020
00121120
01112220
00002210
00022111
00000000
72
00002000
00020010
00201010
00121110
01112210
00002210
00022211
00000200
48
00002000
00020012
00201020
00121210
01112210
00002110
00021211
00010200
31
00102000
00010222
00202020
00121210
01112210
00002110
00021211
00010200
52
00102000
00011222
00201020
00121220
01112220
00002120
00021221
00010220
71
00102010
00011122
02201020
00221220
01122220
00002120
00021221
00010220
88
00102010
00011122
02201020
00221220
01122220
00002120
00022211
00012221
32
00102010
00111122
02101020
00121220
01122220
00002120
00022211
00222221
63
00102010
00111122
02222220
00122120
01122220
00002120
00022211
00222221
46
00102210
00111222
02212220
00112120
01111220
00011120
00022211
00222221
24
00102210
02222222
02112220
01112120
01111220
00011120
00022211
00222221
13
00102222
01222222
11112220
01112120
01111220
00011120
00022211
00222221
83
00102222
01222222
11111121
01112210
01112120
00021120
00222211
00222221
28
00102222
01222222
11211121
01212210
01222120
00221120
00222211
01111111
85
00102222
22222222
12211121
01212210
01222111
00221110
00222111
01111111
27
00102222
22222222
12211121
01211210
01212121
00122222
01111111
01111111
84
00102222
22222222
12211121
01211211
02212111
20122122
01111111
01111111
11
10102222
11222222
12211121
02211211
22212111
20122122
01111111
01111111
14
10102222
11222222
12211121
12111211
22212111
22222122
01111111
01111111
17
12102222
12222222
12211121
12111211
12112111
11222122
11111111
01111111
41
