00000000
00000000
00000000
00012000
00022000
00002000
00000000
00000000
66
00000000
00000000
00020000
00022000
00021000
00002100
00000000
00000000
35
00000000
00000000
00020000
00022000
00112000
00002200
00000020
00000000
67
00000000
00000000
00020000
00022000
00212000
02001200
00000120
00000000
42
00000000
00210000
00020000
00012000
00212000
02001200
00000120
00000000
65
00000000
00210000
00020000
00022000
00221100
02021100
00000120
00000000
87
00000000
00210000
00020000
00022200
00222100
02021100
00000111
00000000
36
00000000
00210000
00020000
00022200
00222220
02111100
00000111
00000000
33
00000000
00210000
00120000
00012200
00221220
02112100
00000211
00000020
16
00000000
00210000
00220000
00222200
00221220
11112100
00000211
00000020
84
00000000
00210000
00220000
00222201
00221220
11112102
00000211
00000020
73
00000000
00222000
00220010
00222101
00221220
11112102
00000211
00000020
85
00000000
00222000
00220010
00222101
00221111
12112101
20000211
00000020
57
00000000
00222000
00220010
00222221
00221111
12111101
20001111
00000020
63
00000000
00222000
00220110
00221111
00221111
12121101
20021111
00000020
23
00000000
00222000
01220110
00221111
02211111
12221101
20021111
00000020
41
00010000
00111020
01210210
00212111
02221111
12221101
20021111
00000020
24
00010000
00111020
01112210
01122111
02221111
12211101
20021111
00000020
71
00010010
00111010
01112210
22222111
02221111
12211101
20021111
00000020
15
00210010
00221010
01212210
21222111
11111111
12211101
20021111
00000020
51
00211010
00211010
01112210
21222211
11111211
12211201
20021211
00000220
76
00211010
02211010
02212210
22221211
12111111
12211111
20021211
00000220
13
00211010
22211010
22112210
21221211
22111111
22211111
20021211
00000220
48
00222210
22212010
22122210
21221211
22111111
22211111
20011211
00010220
37
00222210
22212010
22122210
21222211
22121111
22211111
22222211
00010220
28
00222210
22212010
22122210
21222211
21121111
21211111
22222211
01210220
18
00222210
22212012
22122120
21221211
21111111
21111111
21222211
11210220
83
00222210
22212222
22122211
21221211
21111111
21111111
21222211
11210220
11
10222210
11212222
12122211
11221211
11111111
11111111
11222211
11222220
88
10222222
11212222
12122211
11221211
11111111
11111111
11222211
11111111
21
