00000000
00000000
00000000
00021000
00012000
00000000
00000000
00000000
65
00000000
00000000
00000000
00022200
00011100
00000000
00000000
00000000
53
00000000
00000200
00002000
00021200
00011100
00000000
00000000
00000000
52
00000000
00001200
00001000
00021200
00022100
00020000
00000000
00000000
56
00000000
00022200
00002000
00021200
00021100
00021000
00000000
00000000
74
00000000
00022200
00002000
00021110
00022100
00022200
00000000
00000000
34
00000000
00022200
00002020
00111210
00022100
00022200
00000000
00000000
57
00000000
00022200
02002020
00211210
00021100
00021200
00001000
00000000
12
00000000
10022200
01002020
00111210
00011100
00021200
00002000
00020000
58
00000000
10022200
01002020
00111210
00011100
00021200
00002000
00022200
77
00000000
10022200
01002020
00111210
00011100
00022220
00002010
00022200
63
00000000
10022200
01002120
00121110
00211100
00022220
00002010
00022200
61
00000100
10022100
01002120
00122222
00211100
00022220
00002010
00022200
37
00000100
10022100
01002120
00122222
00211100
00012220
00102020
00022220
88
00000120
10022200
01002120
00122222
00211100
00012120
00102010
00022221
67
00000120
10022200
01002120
00122222
00211100
00011122
00102120
00022221
47
00000120
10022200
01002120
00122222
00222220
00011222
00112120
00022221
24
00000120
10022200
01002120
01122222
00122220
00222222
00122120
00022221
83
00002220
10022200
01002111
01122222
00122220
00222222
00122120
00022221
87
00002220
10022200
01002111
01122222
00122220
00222222
02222111
00022221
85
00002220
10022200
01202111
01222211
00211111
00222211
02222111
00022221
17
00002220
10022200
01202111
02222211
20211111
00222211
11111111
00022221
41
00012220
10021200
01202111
02222211
20211111
02222211
11211111
00022221
72
00012220
10021110
01202111
02222211
20211111
02222211
12211111
02022221
25
00012220
10021110
01202111
22222211
22111111
02222211
12221111
02022221
22
00012220
11221110
02202111
22212211
22111111
02222211
12221111
02022221
81
00011111
11222222
02202121
22212211
22111111
02222211
12221111
02022221
13
20011111
22222222
22202121
21212211
22111111
02222211
12221111
02022221
18
20011111
22222222
22222121
21222211
22121111
02122211
11221111
12022221
38
20011111
22222222
22222121
21222211
22121111
02121211
11111111
11111111
16
20011111
22221222
22212121
21122211
21121111
11121211
11111111
11111111
31
