00000000
00000000
00000000
00021000
00012000
00000000
00000000
00000000
43
00000000
00000000
00210000
00021000
00012000
00000000
00000000
00000000
23
00000000
00020000
01120000
00021000
00012000
00000000
00000000
00000000
56
00000000
00020000
01220000
02021000
00011000
00001000
00000000
00000000
34
00000000
00020000
01220000
02112000
00011200
00001000
00000000
00000000
63
00000000
02020000
02220100
02111000
00011200
00001000
00000000
00000000
14
00000000
02020000
02220100
11111000
00011200
00002000
00020000
00000000
75
00000000
02020000
02220100
11211000
00211110
00002000
00020000
00000000
21
01000000
01020000
01220100
12211000
20211110
00002000
00020000
00000000
53
01000000
01220000
01211100
12211000
20211110
00002000
00020000
00000000
16
01000000
01220200
01212100
12221000
10211110
10002000
00020000
00000000
38
01000000
01220200
01212200
12222200
10211110
10001000
00010000
00100000
61
01000100
01220120
01212200
12222100
10211110
10001000
00010000
00100000
52
21000100
02111120
01211200
12221100
10211110
10001000
00010000
00100000
74
21000100
22111120
02211100
12221110
10211110
10001000
00010000
00100000
25
21000100
21111120
02211100
11221110
11121110
10002000
00010200
00100000
81
21000101
21111110
02222220
11221110
11121110
10002000
00010200
00100000
57
21000101
21111110
02222220
11222120
11121220
10001020
00011200
00100000
83
21000121
21111220
02222221
11222110
11121120
10001020
00011200
00100000
77
21020121
21222220
02222221
11222110
11121110
10001010
00011110
00100000
82
21020121
21111111
02222211
11222110
11122110
10002010
00012110
00102000
36
21020121
21111111
02222111
12221110
12212110
12102010
00012110
00102000
27
21020121
21111111
01222111
11222222
11212110
11102010
01012110
00102000
66
21020121
21111111
01122111
11212222
11211110
11202110
01222110
00102000
48
21020121
22111111
01222111
11222222
11212110
11202210
01121120
00112002
87
21020121
22111111
01222111
11222222
11212110
12202210
22221111
00112002
68
21020121
22111111
01222111
11222222
11222110
12222210
22221111
00111102
85
21022221
22122111
01222111
11222211
11222111
12222210
22221111
00111102
28
21022221
22122111
01222111
11222111
11221111
11212210
22121111
21111102
31
21111111
22112111
01221111
11222111
11221111
11212222
22121112
21111102
13
