00000000
00000000
00020000
00022000
00021000
00000000
00000000
00000000
33
00000000
00000000
02220000
00012000
00021000
00000000
00000000
00000000
53
00000000
00000000
02221000
00021000
00022000
00000200
00000000
00000000
35
00000000
00000000
02221000
00011000
02222000
00000200
00000000
00000000
42
00000000
00010200
02212000
00021000
02222000
00000200
00000000
00000000
63
00020000
00020200
02221100
00021000
02222000
00000200
00000000
00000000
61
00020100
00020100
02222220
00021000
02222000
00000200
00000000
00000000
52
00020100
00022220
02221220
00021000
02222000
00000200
00000000
00000000
81
00020121
00022220
02221120
00021000
02222000
00000200
00000000
00000000
26
00020121
00022220
02222120
00021000
02222000
02000200
20000000
00000000
56
00020121
00022220
02222120
00022000
02222000
02002200
20002000
00000000
13
00020121
00022220
11112220
00022200
02222000
02002200
20002000
00000000
83
00020121
00222210
11121111
00022200
02222000
02002200
20002000
00000000
31
00120121
00112210
11121121
00022202
02222000
02002200
20002000
00000000
58
00120121
00112210
11121121
00021202
02221000
02002200
20001200
00001000
75
00120121
02222210
11221121
00021102
02221010
02002100
20001200
00001000
85
00120121
02222210
11221121
00021101
02222011
02002200
20001220
00001000
82
00120121
02222211
11221111
00021101
02222011
02002200
20002220
00021000
76
02220121
02222211
11221111
00021101
02222011
02002210
20002120
00021000
78
02220121
02222211
11222111
00021201
02222021
02002222
20002110
00021010
46
02222221
02222211
11222111
00021101
02221021
02012222
20002110
00021010
11
11111111
01222211
12122111
20011101
02221021
02012222
20002110
00021010
47
11111111
01222211
12122211
20012201
02222221
02012222
20011110
00021010
87
11111111
01122211
12112211
20011201
02222121
02222211
20011111
00021010
38
11111111
01122211
12112211
20011201
02222121
02222211
20012211
00111210
34
11111111
01122211
12112211
20111201
02212121
02221211
20012111
02222210
37
11111111
01122211
12212211
22111101
02211121
02121211
20112111
02222210
74
11111111
01121211
12212111
22111111
02211111
02121211
22222111
02222210
15
11111111
22222211
12112111
11111111
11111111
02121211
22222111
02222210
18
11111111
22222211
12112111
11111111
11111111
02121211
21222121
11111112
16
