00000000
00000000
00020000
00022000
00021000
00000000
00000000
00000000
53
00000000
00000000
00021000
00022000
00022200
00000000
00000000
00000000
33
00000000
00020000
00121000
00022000
00022200
00000000
00000000
00000000
35
00000000
00022000
00122000
00012000
00122200
00000000
00000000
00000000
51
00001000
00012000
00122000
00012000
02222200
00000000
00000000
00000000
56
00001000
00011000
02221000
00011000
02221200
00001000
00000000
00000000
36
00021000
00021000
02221000
00011000
02211200
00101000
00000000
00000000
14
00022200
00022000
02221000
10011000
01211200
00101000
00000000
00000000
34
00022200
00022000
02222000
10111200
01111200
00101000
00000000
00000000
12
00022200
10022000
01222000
10121200
01122200
00121000
00000000
00000000
57
00022200
10022000
01222200
10122200
01122200
00111000
00001000
00000000
75
00022200
10022000
01222200
10122200
01111210
00111020
00001000
00000000
77
00022200
10022000
01222200
10222200
01212210
00221010
00201010
00000000
74
00022200
10022000
01222200
10222222
01212110
00221010
00201010
00000000
73
00022200
10022000
01111110
10222212
22212110
00221010
00201010
00000000
38
00022200
10022000
01111110
10122212
22112110
00121010
00102010
00100200
47
00022200
10022000
21111110
20122212
22112110
00111010
00112010
00100200
67
00022200
10022000
21111110
20122212
22112220
00111210
00111210
00100200
78
00022200
10222000
22121110
20122212
22112220
00111210
00111110
00100210
31
00122200
10112000
22122222
20122222
22112220
00111210
00111110
00100210
58
00122200
10112000
22122222
20122222
22122220
00121210
00122110
00121110
71
00111110
10112000
22122222
20122222
22122220
00121220
00122222
00121110
62
00111110
10111100
22121122
20112122
22122120
02221120
00222122
00121110
72
00111110
10111110
22121112
20112112
22122222
02221110
00222112
00121110
17
00111110
10111110
22121112
20112112
22122222
01221110
10222112
02221110
24
02111110
10211110
22121112
21112112
21122222
01221110
10222112
02221110
18
02222222
10211120
22121212
21112112
21122222
01221110
10222112
11111110
27
22222222
20211120
22121212
21112112
21122222
01221110
11111112
11111110
22
22222222
21111120
21121212
21112112
21122222
01222222
11111112
11111110
82
22222222
21111111
21121212
21212112
22122222
22222222
11111112
11111110
88
