00000000
00000000
00020000
00022000
00021000
00000000
00000000
00000000
53
00000000
00000000
00022200
00022000
00021000
00000000
00000000
00000000
35
00000000
00000000
00022200
00022000
00121000
00020000
00000000
00000000
62
00000000
00000100
00021200
00222000
00121000
00020000
00000000
00000000
64
00000000
00000100
00021100
00222100
02221000
00020000
00000000
00000000
36
00000000
00000100
00022220
00221200
02212000
00120000
00000000
00000000
32
00000000
00100100
00012220
00221200
02212000
00220000
00020000
00000000
72
00000000
00102110
00022120
00221200
02212000
00220000
00020000
00000000
83
00000000
00102110
00022211
00221220
02212000
00220000
00020000
00000000
42
00000000
00111112
00012221
00211220
02212000
00220000
00020000
00000000
65
00020000
00121112
00022121
00221110
02221100
00220000
00020000
00000000
37
02020000
00221112
00022121
00221110
02221100
00210000
00120000
00000000
24
02020000
00221112
00022121
01112110
02122100
00222000
00120000
00000000
15
02020000
00222112
00022221
01112120
11122102
00222000
00120000
00000000
27
02020000
00222112
00022121
22222220
12112102
00222000
01120000
00000000
48
02020000
00222112
00022121
22222220
22112102
20212000
01110000
00010000
66
02020000
00222112
00022121
22222220
22122202
20212200
01110200
00010000
81
02020001
00222111
00022121
22222220
22222202
20222200
01112200
00010000
77
02020201
00222211
00022221
22222220
22222202
20222200
01111110
00010000
22
02020201
01111111
00022221
22222220
22222202
20222200
02111110
20010000
13
02020201
01111111
10022221
21222220
22122202
20212200
02222222
20010000
58
02220201
01121111
10022221
21221220
22121202
20211200
02221222
20011000
68
02220201
01121111
10022121
21221120
22221102
22211100
02221122
20011100
38
02220201
01121111
10022121
21221120
22221102
22212100
02211222
20111120
28
02220201
01121111
10022121
21221120
21221102
22212100
22222222
21111120
84
02220201
22221111
20022111
21221111
21221102
22212100
22222222
21111120
33
02220201
22221111
20121111
21112111
21121202
22112220
22122222
21111120
88
02220201
22221111
20122111
21112211
21121222
22112220
22122212
21111111
11
12220201
22221111
22222111
22212211
22121222
22112220
22122212
21111111
86
12222201
22222111
22222111
22212211
22121221
22111111
22122211
21111111
71
