00000000
00000000
00000000
00021000
00012000
00000000
00000000
00000000
65
00000000
00000000
00000000
00022200
00011100
00000000
00000000
00000000
33
00000000
00000000
00100000
00012200
00012100
00020000
00000000
00000000
43
00000000
00020000
00120000
00021200
00022100
00020000
00000000
00000000
36
00000000
00020000
00120000
00022200
00012200
00120020
00000000
00000000
63
00000000
00020000
00120100
00021200
00222200
00120020
00000000
00000000
34
00000000
00020000
00220100
02222200
00222200
00120020
00000000
00000000
66
00000000
00020000
00220100
02222100
00222100
00220120
00200000
00000000
86
00000000
00020000
00220120
02222200
00222100
00220111
00200000
00000000
22
00000000
01220000
00220120
02212200
00221100
00220111
00200000
00000000
74
00000000
01220000
00220120
02212110
00221200
00220121
00200002
00000000
83
00000000
01220000
00220111
02222110
00222200
00220221
00200022
00000000
67
00000000
22220000
00220111
02222110
00222100
00220121
00200122
00000000
85
00000000
22220000
00220111
02222110
00222101
00220111
00202222
00000000
11
10000000
21220000
00120111
02212110
00222221
00220221
00202222
00000000
56
10000000
21220020
00120221
02212120
00222121
00221111
00202222
00000000
13
10000000
11220020
12220221
02212120
00222121
00221111
00202222
00000000
47
12000000
12220020
12220221
02212120
00212121
00211111
00212222
00000000
68
12000000
12220020
12220221
02212120
00212221
00212111
00221112
00200100
53
12000000
12220020
11111111
02211120
00221221
00212121
00221222
00200120
81
12000021
12220020
11111121
02211120
00221221
00212121
00221222
00200120
26
12000021
12220020
11111121
02211120
20121221
02112121
00221222
00200120
25
12000021
12220020
11111121
01111120
21121221
02212121
02221222
00200120
41
12010021
12222020
11112221
01112120
21122221
02212121
02221222
00200120
18
12010021
12222010
12112121
22222220
22112221
02212121
01221222
10200120
88
12010021
12222010
12112121
22222220
22112221
02212121
01222211
10202111
16
12010021
12222010
12112121
12122220
12112221
12112121
02222211
12202111
31
11112021
11122010
12211121
12122120
12112211
12112121
02222211
12202111
17
11112021
11122010
12211121
12122120
12122211
11122121
11121111
12222111
62
11112221
11112210
12221221
12222220
12122211
11122121
11121111
12222111
82
