00000000
00000000
00000000
00021000
00012000
00000000
00000000
00000000
43
00000000
00000000
00010000
00011000
00222000
00000000
00000000
00000000
46
00000000
00000000
00210000
00021000
00212000
00010000
00000000
00000000
56
00000000
00000000
00210000
00022200
00211000
00011000
00000000
00000000
22
00000000
01000000
00110000
00012200
00212000
00021000
00200000
00000000
47
20000000
02000000
00210000
00022200
00212000
00011000
00210000
00000000
28
20000000
02200000
00220000
00022200
00212000
00011000
00110000
01000000
24
20000000
02200000
00220000
02022200
20112000
00011000
00110000
01000000
42
20000000
02210000
00222000
02012200
20112000
00011000
00110000
01000000
65
20000000
02210000
00222000
02022200
20112200
00011200
00110000
01000000
12
20200000
11220000
00222000
02022200
20112200
00011200
00110000
01000000
13
20200000
11220000
10222000
01022200
20112200
00012200
00120000
01200000
63
20200000
11220200
10222200
01021200
20112200
00012200
00120000
01200000
72
20200000
21220210
20222100
21021200
20112200
00012200
00120000
01200000
77
20200000
21220210
20222100
22222200
20121200
00012100
00120010
01200000
36
20200000
21220210
20222100
22221200
20111200
00112200
00120210
01200000
71
20200010
21220110
20221100
22211200
20111200
00112200
02220210
01200000
68
20200010
21220110
20221100
22211100
22111100
00212100
02220110
01200100
18
20200010
21220110
20221100
22212100
22111200
00112220
01220110
11200100
41
20210010
21210110
20211100
22212100
22211200
00122220
01222110
11200100
48
20210010
21210110
20222220
22212200
22212200
00122220
01212110
11110100
84
20210210
21210210
20222210
22212201
22212200
00122220
01212110
11110100
21
22222210
21220210
20222210
22212201
22212200
00122220
01212110
11110100
23
22222210
21220210
21111110
22112201
22212200
00122220
01212220
11110120
74
22222210
21220210
21112110
22111211
22212220
00121220
01212220
11110120
86
22222210
21220210
21112110
22111211
22212220
00121211
01212220
11110122
16
22222222
21220210
21112110
22111211
21212220
10121211
01212220
11110122
58
22222222
21220210
21112110
22111211
21212220
10121221
01211122
11111122
52
22222222
21111110
21111110
22111211
22212220
12221221
01211122
11111122
85
22222222
21111120
22222222
22111212
22211112
12221212
01211122
11111122
17
22222222
21111120
22222222
22111212
22111112
11221212
11211122
11111122
82
