00000000
00000000
00000000
00021000
00012000
00000000
00000000
00000000
34
00000000
00000000
00200000
00121000
00012000
00000000
00000000
00000000
32
00000000
02100000
00200000
00121000
00012000
00000000
00000000
00000000
56
00000000
02100000
00200000
00121000
00012000
00001200
00000000
00000000
12
00000000
11100000
00200000
00121000
00012000
00002200
00002000
00000000
58
00000000
11100000
00200000
00121000
00021000
00022200
00001000
00001000
37
00000000
11100000
02200000
00221000
00021000
00012200
00101000
00001000
36
00000000
11100000
02200000
00222200
00011000
00112200
00101000
00001000
53
00000000
11100000
02201000
00221200
00012000
00122200
00201000
02001000
75
02000000
12100000
02201000
00221100
00012010
00122100
00201000
02001000
11
12000000
11100000
02101000
00222220
00011010
00122100
00201000
02001000
14
12000000
11100200
01102000
10222220
00011010
00122100
00201000
02001000
31
11100000
11100200
01102000
10222220
00012010
00122200
00201020
02001000
52
11100000
11101200
01101000
10221222
00011020
00121200
00201020
02001000
35
11100000
11101200
01101000
12222222
00111020
00111200
00201020
02001000
13
11100000
11101200
11101000
11222222
00121020
00121200
00221020
02001000
27
11102000
11102200
11102000
11222222
00121020
00121200
01111020
02001000
71
11102010
11122100
11102000
11212222
00121020
00121200
01111020
02001000
76
11102010
11122100
11102000
11212222
02221020
00121110
01111020
02001000
86
11102010
11122100
11201000
12212122
22221010
00121111
01111020
02001000
63
11102010
11122100
11201100
12211122
22222210
00121111
01111020
02001000
26
11102010
11122100
11201100
11211122
21122210
01121111
01112020
02001200
85
11102010
11122200
11201120
11211222
21122221
01121121
01112020
02001200
82
11102010
11122201
11201110
11211122
21121221
01112221
01112220
02001200
43
11102010
11122201
11111110
11111122
21121222
01112222
01112222
02001200
78
11102010
11122201
11111110
11111112
21111212
01112212
01122112
02201110
72
11102010
11111111
11111110
11111112
21111212
02112212
01222112
02221110
18
11122010
11122111
11121210
11121122
21121212
02122212
01222112
11111110
16
11122210
11122211
11121210
11121122
11121212
11122212
01222112
11111110
83
