00000000
00000000
00020000
00022000
00021000
00000000
00000000
00000000
33
00000000
00000000
02220000
00012000
00021000
00000000
00000000
00000000
46
00000000
00000000
02220000
00022000
00012000
00010200
00000000
00000000
64
00000000
00000000
02220000
00022100
00012000
00012200
00000000
00000000
42
00000000
00010000
02210020
00012200
00012000
00012200
00000000
00000000
77
00000000
00010000
02210020
00012200
00021000
00222100
00000010
00000000
37
00000000
00010000
02210020
00012200
00022000
00222100
00200010
02000000
24
00000000
00010000
02110020
01222200
00022000
00222100
00200010
02000000
13
00020000
00020000
11120020
01222200
00022000
00222100
00200010
02000000
51
00021000
20010000
12120020
01222200
00022000
00222100
00200010
02000000
31
00111000
20010000
12120020
02222200
02022000
00222100
00200010
02000000
26
00111000
20010000
12120020
02222200
02222000
01211100
00200010
02000000
82
00111000
22010001
12220010
02222100
02221000
01211100
00200010
02000000
48
00111000
22010001
12220010
02222220
02221000
01211100
00100010
02010000
32
00111000
22110001
12120010
02122220
02121000
01112100
00100210
02010000
68
00111000
22110001
12120010
02122220
02221000
02112100
20100110
02010100
16
02111000
22210001
12120010
02122220
01221000
11112100
20100110
02010100
63
02111000
22210001
22120110
22121220
01211000
11112100
20100110
02010100
57
02111000
22222001
22120210
22121220
01211000
11111100
20101110
02010100
15
02111000
22222001
22120222
21121220
11211000
11111100
20101110
02010100
84
02111000
22222001
22120221
22122111
12221000
12211100
22101110
02010100
61
02111100
22221001
22222221
22122111
12221000
12211100
22101110
02010100
18
02111100
22221001
22222221
22122111
12221000
12211100
12201110
12210100
47
02111100
22221001
22222221
22122221
12221020
12211100
11111110
12210100
62
02111100
22221101
22221211
22112221
12122020
11212100
11122110
12222100
11
11111100
11221101
12121211
12112221
12122020
11212220
11122210
12222100
72
11111120
11221121
12121121
12111221
12112020
11112220
11122210
12222100
85
11111120
11221121
12121121
12112211
12112221
11112220
11122210
12222100
86
11111120
11221121
12121121
12112111
12112211
11111211
11122220
12222102
78
11111120
11221121
12121121
12112111
12112211
11111221
11122222
12222112
81
