00000000
00000000
00000000
00021000
00012000
00000000
00000000
00000000
43
00000000
00000000
00010000
00011000
00222000
00000000
00000000
00000000
56
00000000
00000000
00010000
00011000
00221000
00002000
00000200
00000000
46
00000000
00000000
00010000
00011000
00211000
00022000
00002200
00000000
78
00000000
00020000
00020000
00021000
00221000
00021000
00002100
00000010
34
00000000
00020000
00022000
00122000
00212000
00022000
00002100
00000010
52
00002000
00022000
00012000
00122000
00212000
00022000
00002100
00000010
65
00002000
00022000
00012000
02221000
00211100
00022000
00002100
00000010
33
00002000
00022000
00112000
02211000
00211100
00022000
00002220
00000010
63
00002000
00022000
00111200
02211020
00211200
00022000
00002220
00000010
76
00002000
00022000
00111200
02211020
00211100
00022010
00002222
00000010
72
00002000
00222010
00221100
02212020
00211200
00022020
00002222
00000010
47
00002000
00222010
00221100
02212020
00211200
00012020
00022222
00200010
48
00002000
00222010
00221100
02212020
00211200
00012020
00012222
00222010
64
00002000
00222010
00222100
02211220
00211220
00012020
00012222
00222010
83
00002000
00222010
00222221
02211220
00211120
00011020
00012222
00222010
84
00002000
00222010
00222221
02212111
00221120
00211020
00022222
00222010
31
00102002
00212020
00221221
02212111
00221120
00211020
00022222
00222010
85
00102002
00212220
00222221
02222111
00221111
00211020
00022222
00222010
37
00102002
00112220
02222221
02222111
00121111
00111020
00122222
00222010
41
00112002
02222220
02222121
02222111
00121111
00111020
00122222
00222010
11
10112002
01222220
02122121
02222111
00221111
02111020
00222222
00222010
68
10112002
01222220
02122221
02222211
00222211
02222220
00222222
00222110
82
10112002
01111112
02122222
02222212
00222222
02222222
00222222
00222110
28
10112022
01111222
02122222
02222212
00222222
02222222
00222222
01111110
61
10111122
22222222
02122122
02222112
00222122
02222122
00222122
01111110
27
10111122
22222222
02122122
02221112
00212122
02122122
22222222
01111110
18
10111122
22222222
02122122
02221112
02212122
02222122
21222222
11111110
21
11111122
21122222
01112122
22221112
02212122
01222122
21222222
11111110
16
11111122
21122222
01112122
22121112
22212122
12222122
11222222
11111110
13
11111122
11122222
11112122
11121112
12112122
12212122
11221222
11111110
88
