00000000
00000000
00000000
00222000
00021000
00000000
00000000
00000000
35
00000000
00000000
00000000
00222000
00122000
00002000
00000000
00000000
33
00000000
02000000
00200000
00122000
00122000
00002000
00000000
00000000
53
00000000
02000000
00201000
00212000
00222000
00202000
00000000
00000000
57
00000000
02000000
00201000
00221000
00222000
00201200
00001000
00000000
75
00000000
02000000
00201000
00222200
00222010
00201100
00001000
00000000
26
00000000
02000000
00221000
00222200
00122010
01201100
00001000
00000000
32
00000000
02100000
00121000
00122200
00122010
01202100
00002000
00002000
48
00000000
02100000
00121000
00122200
00122010
01202220
00001000
00012000
46
00000000
02100000
00121000
00122200
00122010
01122220
00201000
00012000
77
00000000
02100000
00121000
00112200
00121010
01222110
02201010
00012000
52
02000000
02201000
00121000
00112200
00121010
01222110
02201010
00012000
28
02000000
02201000
00121000
00112200
00121010
01212110
02101010
21012000
17
02000000
02201000
02221000
00212200
00121010
01212110
11101010
21012000
68
02000000
02201000
02221000
00212200
00122210
01212110
11101010
21011100
63
02002000
02202000
02222100
00212100
00112110
01112110
11101010
21011100
11
12002000
01202000
02122100
00212100
00212110
01212110
11201010
22211100
24
12002000
01202000
22222100
01112100
00112110
01212110
11201010
22211100
47
12002000
01202000
22222100
01112100
00112210
01211120
11111012
22211100
12
12202000
12202000
21222100
01112100
00112210
01211120
11111012
22211100
41
11112000
12101000
21222100
01112100
00112210
01211220
11111022
22211102
14
11112000
12101000
11222100
11112102
00112220
01211220
11111022
22211102
62
11112000
12221100
11222100
11112202
00112220
01211220
11111022
22211102
61
11111100
12221100
11222100
11112202
00112220
22211220
22111022
22211102
86
11111100
12211100
11222220
11112202
00112210
22211111
22111012
22211102
15
11111100
12222220
11222220
11112202
10112210
21211111
22111012
22211102
81
11111121
12222220
11222120
11111202
10112210
21211111
22111012
22211102
25
11111121
12222220
11222120
11111202
11112210
21111211
22222222
22211102
78
11111121
12222220
11222220
11111222
11112210
21111211
22222112
22211112
85
11111121
12221220
11222122
11111222
11112211
21111211
22222112
22211112
82
