00000000
00000000
00000000
00021000
00012000
00000000
00000000
00000000
43
00000000
00000000
00010000
00011000
00222000
00000000
00000000
00000000
56
00000000
00000000
00010200
00012000
00221000
00001000
00000000
00000000
65
00000000
00000000
00010200
00011000
00221100
00002000
00000200
00000000
46
00000000
00000000
00010200
00011000
00211100
00022000
00002200
00000000
72
00000000
00000010
00010100
00011200
00212100
00022000
00002200
00000000
74
00000000
00000010
00010100
00011110
00212220
00022000
00002200
00000000
76
00000000
00020010
00020100
00021110
00222110
00022010
00002200
00000000
34
00000000
00020010
00220100
00221110
00222110
00022010
00002200
00000000
47
00000002
00020020
00220200
00222110
00222110
00021010
00012200
00000000
37
00000002
00020020
00220200
00222110
00221110
00011010
02222200
00000000
53
00000002
00020020
00221220
00221210
00222110
00021010
02222200
00000000
52
00000202
00022020
00221120
00221210
00222110
00021010
02222200
00000000
71
00000212
00022210
00222210
00221210
00222110
00021010
02222200
00000000
31
00100212
00012210
00221210
00221210
00222210
00022210
02222200
00000000
26
00100212
00012210
00221210
00211210
00122210
01022220
02222202
00000000
23
00100212
00012210
01112210
00221210
00222210
02022220
22222202
00000000
28
00100212
00012222
01112210
00221110
00221210
02012220
22122202
01000000
77
00100212
00012222
01112210
00221110
00221210
02022210
22112212
01000200
36
00100212
00012222
01112220
00122222
00111220
02111210
22112212
01000200
83
00100212
00012222
01111111
00122212
00111120
02111222
22112222
01000200
18
00100212
00222222
01121111
00122212
00111120
02111222
21112222
11000200
21
01100212
00122222
01111211
00121222
00111122
02111222
21112222
11000200
16
01100212
02222222
01211211
00121222
00111122
11111222
11112222
11000200
41
01110212
22112222
02211211
00221222
00121122
11112222
11112222
11000200
11
11110212
21112222
02111211
02211222
00221122
11122222
11112222
11000200
88
11110212
21112222
02111211
02211221
00221121
11122121
11122211
11020201
15
11110212
21112222
22111211
02211221
10221121
11122121
11122211
11020201
38
11110212
21112222
22111211
02211221
10221121
11121121
11112221
11120221
58
11112212
21122222
22211211
02211221
10221121
11121111
11111121
11111111
14
