00000000
00000000
00000000
00021000
00012000
00000000
00000000
00000000
56
00000000
00000000
00000000
00022200
00011000
00001000
00000000
00000000
33
00000000
00000000
00100000
00012200
00021000
00201000
00000000
00000000
74
00000000
00000000
00100000
00011110
00022200
00201000
00000000
00000000
76
00000000
00000000
00102000
00012110
00022100
00201010
00000000
00000000
34
00000000
00000000
00102000
00122110
00222100
00201010
00000000
00000000
46
00000000
02000000
00202000
00122110
00221100
00211010
00000000
00000000
32
00000000
02100000
00102000
00122222
00221100
00211010
00000000
00000000
63
00000000
02100000
00102220
00122122
00221100
00211010
00000000
00000000
82
00000000
02220001
00102210
00122122
00221100
00211010
00000000
00000000
26
00000000
02220001
00102210
00122122
00221100
01211010
00200000
00000000
25
00000000
02220001
00102210
00122222
01112200
01222210
00200000
00000000
62
00000000
02220101
00101210
00112222
22222200
02222210
00200000
00000000
11
10000000
01220101
00101222
00112222
22222200
02222210
00200000
00000000
75
10000020
01220201
00102222
00122122
22222210
02222210
00200000
00000000
38
10000020
01220201
00102222
00122122
22122210
02222210
00120000
00100000
31
10100020
01110201
00101222
02222122
22222210
02222210
00120000
00100000
85
10100020
01110201
00101221
02222121
22222211
02222210
00220000
02100000
18
10100020
01110201
00101221
02222121
22222211
02222220
00220002
11100000
52
10100020
01111201
00122221
02222111
22222211
02222220
00220002
11100000
77
10100220
01112201
00122221
02212111
22221211
02222110
00220012
11100000
14
10102220
01122201
00222221
12112111
22221211
02222110
00220012
11100000
72
10102220
01111111
00222211
12122111
22222211
02222210
00220022
11100002
57
10102220
01111111
00221211
12121111
22221211
02221110
00222022
11100202
23
12102220
02211111
02121211
12122111
22221211
02221110
00222022
11100202
17
12102222
02211121
02121211
12112111
22121211
01221110
10222022
11100202
13
12102222
01211122
11121212
11112112
22121212
01222222
10222022
11100202
41
12112222
01111122
11121212
11112112
22121212
02222222
12222022
11100202
67
12112222
01111122
11121212
11112112
22112112
02222122
11122222
11102202
78
12112222
22222222
21121212
21112112
22112112
02221112
11122112
11102212
16
12112222
12222222
11121212
11112112
11112112
11111112
11122112
11102212
48
