00000000
00000000
00000000
00012000
00022000
00002000
00000000
00000000
46
00000000
00000000
00000000
00012000
00012000
00022000
00200000
00000000
65
00000000
00000000
00020000
00022000
00021100
00022000
00200000
00000000
35
00000000
00000000
00020000
00222000
00121100
00022000
00200000
00000000
28
00000000
00000000
00020000
00222000
00122100
00012200
00100000
01000000
42
00000000
00010000
00010000
00212020
00112200
00012200
00100000
01000000
23
00000000
00010000
01010000
00112020
00122200
00222200
00100000
01000000
57
00020000
00020000
01020000
00122020
00122200
00212200
00101000
01000000
26
00020000
00020000
01020000
00122020
00122200
01122200
00121000
01000000
75
00020000
00020000
01020000
00122020
00121110
01222100
02221000
01000000
83
00020000
00020000
01020001
00122210
00122110
01222100
02221000
01000000
17
00020000
00020000
01020001
00122210
00122210
01222200
11111200
01000000
76
00020000
00020000
01020001
02222210
00122210
01111110
11111200
01000000
58
00020000
00020000
01020001
02222210
00122220
01111112
11111100
01001000
85
00020000
00020000
01020001
02222210
00121111
01112112
11111200
01001020
25
00020000
00020000
01020001
01222210
02121111
22222112
11111200
01001020
73
00020000
00020000
01020011
01222222
02121112
22222112
11111200
01001020
87
00020000
00020000
01020011
01222221
02122121
22222221
11111221
01001020
33
00020000
20020000
02120011
01222221
02122121
22222221
11111221
01001020
14
00020000
20020020
02120021
11222221
01122121
22122221
11111221
01001020
62
00020000
20220120
02220011
11222221
01122121
22122221
11111221
01001020
82
00020000
20220111
22220011
12222221
01222121
22122221
11111221
01001020
52
00020000
20221111
22210011
12122221
01222121
22122221
11222221
01021020
63
00020000
20221111
22210111
12121111
01212121
22122221
21222221
21021020
68
00020000
20221111
22210111
12121111
01212121
22122221
21222121
21021122
31
00120000
20121111
22222111
12122211
01212121
22122221
21222121
21021122
38
00120200
20122211
22222211
12122211
01212121
22121221
21112121
21111122
22
00120220
21122221
21222221
11122221
01212121
22121221
21112121
21111122
81
20120221
22122211
21222121
11121221
01212121
22121221
21112121
21111122
21
21120221
21122211
21222121
22121221
22212121
22121221
21112121
21111122
51
