00000000
00000000
00000000
00222000
00021000
00000000
00000000
00000000
53
00000000
00000200
00002000
00221000
00021000
00000000
00000000
00000000
52
00000000
00001200
00001000
00221000
00022200
00000000
00000000
00000000
76
00002000
00002200
00002000
00222000
00022100
00000010
00000000
00000000
43
00002000
00022200
00022000
00221000
00022100
00000010
00000000
00000000
56
00002000
00022200
00022000
00221000
00021100
00002010
00000200
00000000
36
00002000
00022200
00022000
00222000
00011200
00102020
00000202
00000000
75
00002000
00022200
00022000
00222000
00021110
00202020
02000202
00000000
77
00002000
00022200
00022000
00222000
00022222
00202020
02000212
00000000
74
00002000
00022200
00022002
00222020
00022212
00202010
02000212
00000000
57
00002000
00022200
00022002
00222020
00022212
00202020
02002212
00002000
47
00002000
00022200
00022002
00222020
00022212
00202020
02011222
00002020
35
00002000
00022200
00022002
00222020
00111112
00202020
02021222
00202020
23
00002000
00022200
01022002
00122020
00121112
00222020
02021222
00202020
61
00002220
00021200
01012002
00122020
00121112
00222020
02021222
00202020
72
00002220
00021110
01012002
00122020
00121112
00222020
02022222
00202220
37
00002220
00022222
01012002
00122020
00121112
00112020
02122222
00202220
41
00012220
00012222
01022002
00222020
02221112
00212020
02122222
00202220
15
00222220
00022222
01022002
00222020
11111112
00212020
02122222
00202220
17
00222220
00022222
01022002
02222020
11211112
00222020
11122222
00202220
48
00222220
02022222
02022002
02222020
11211112
00212020
11112222
00212220
88
00222220
02022222
02022002
02222020
12211112
02212020
11112222
00211111
63
00222220
02022222
02022102
02221020
12212112
02212220
11112222
00211111
21
01222220
01022222
01022202
01222220
11212212
01212220
11112222
00211111
84
01222220
01022222
01022202
01111111
11212212
01222220
11212222
02211111
81
01111111
01022211
01022101
01111211
11212222
01222222
11212222
02211111
32
01111111
01111111
01012221
01111221
11212222
01222222
11212222
02211111
18
21111111
02111111
01222221
01221221
11212222
01222222
11212222
11111111
12
21111111
11111111
01222221
22221221
12212222
01222222
11212222
11111111
13
