00000000
00000000
00000000
00021000
00012000
00000000
00000000
00000000
65
00000000
00000000
00000000
00022200
00011100
00000000
00000000
00000000
63
00000000
00000000
00000100
00021100
00021100
00020000
00000000
00000000
37
00000000
00000020
00000200
00022100
00021100
00010000
00100000
00000000
53
00000000
00000020
00001200
00021100
00022220
00010000
00100000
00000000
43
00000000
00200020
00021200
00012100
00012220
00010000
00100000
00000000
66
00000000
00200020
00021200
00022100
00021120
00020100
00120000
00000000
57
00000000
00200020
00021200
00022100
00022120
00022100
00111000
00000000
84
00000000
00202020
00022200
00022101
00022110
00022100
00111000
00000000
42
00000000
00212020
00021200
00222101
00022110
00012100
00111000
00000000
24
00000000
00212020
00021220
01111201
00022110
00012100
00111000
00000000
51
00001000
00211020
00021220
01111201
00022110
00022100
00121000
00020000
22
00201000
01121020
00022220
01111201
00022110
00022100
00121000
00020000
74
00201000
01121020
00022120
01112121
00022220
00022220
00121000
00020000
85
00201000
01121020
00022120
01112111
00022221
00022220
00122000
00022000
82
00201000
01121021
00022110
01112111
00022221
00022220
02222000
00022000
35
00201000
01121021
00022110
01112211
00111121
00022222
02222000
00022000
77
00201000
01121021
00022110
01112211
00111211
00022122
02222012
00022000
88
00201000
01122221
00022210
01112211
00111211
00022121
02222011
00022001
61
00201100
01121121
00012222
01112121
00111211
00022121
02222011
00022001
68
00201100
01121121
00012222
01112121
00111211
00012121
02221021
00022221
67
00221100
01122121
00012222
01112121
00111211
00011111
02221111
00022221
28
00221100
01122121
00012222
22222121
00111211
00011111
02121111
01022221
25
00221100
01122121
00012222
22122121
02121211
00211111
02121111
01022221
21
01111100
01122121
02012222
22222121
02121211
00211111
02121111
01022221
13
01111100
01122121
12222222
21222121
02121211
00211111
02121111
01022221
12
01111100
11122121
11222222
21122121
02211211
02211111
02221111
01022221
38
01111100
11122121
11222222
22122121
22111211
02111111
02111111
01111111
16
01111100
11122121
11222222
12122121
11121211
11211111
02111111
21111111
17
01111120
11122221
11222222
12122121
11121211
11211111
11111111
21111111
81
