00000000
00000000
00000000
00012000
00022200
00000000
00000000
00000000
66
00000000
00000000
00000000
00012000
00021200
00000200
00000200
00000000
35
00000000
00000000
00000000
00012000
00112200
00002200
00000200
00000000
77
00000000
00000000
00000000
00012000
00121200
00202100
00000210
00000000
57
00000000
00000000
00000000
00012000
00121200
00202100
00001210
00000020
37
00000000
00000000
00000000
00012000
00121200
00102100
00101222
00000020
75
00000000
00000000
00000000
00222000
00121110
00102100
00101222
00000020
33
00000000
00000000
00100000
00112200
00121210
00102200
00101222
00000020
73
00000000
00000000
02100010
00212100
00121210
00102200
00101222
00000020
13
00000000
00000000
11120010
00222100
00121210
00102200
00101222
00000020
24
00000000
00000000
11120010
01111100
00121210
00102200
00102222
00002020
53
00000000
00000000
11111010
01111100
02221210
00102200
00102222
00002020
16
00000000
00000000
11111010
01111102
01221220
10102200
00102222
00002020
86
00000000
00020000
11121010
01121102
01221210
10102201
00102222
00002020
32
00000000
00120000
11111210
01122202
01221210
10102201
00102222
00002020
74
00000000
20120000
12111210
01211112
01221210
10102201
00102222
00002020
47
00000000
20120000
12111210
01211122
01222222
10101202
00112222
00002020
26
02000000
20220000
12121210
01212122
01122222
11101202
00112222
00002020
41
02010000
20210000
22111210
22212122
02122222
11201202
00122222
00002020
88
02012000
20220000
22211210
22212122
02121222
11201102
00122212
00002021
68
02012000
20220000
22211210
22212122
02121222
12201102
02222112
00002111
22
02012000
21220200
22112220
22222122
02221222
12201102
02222112
00002111
38
02012000
21222200
22122220
22222122
02121222
12101102
01112112
00102111
15
02012000
21222200
22122220
22222122
12121222
12101102
02112112
02102111
71
02012210
21222200
22121220
22212122
12121222
12101102
02112112
02102111
31
02112222
21112200
22121220
22212122
12121222
12101102
02112112
02102111
72
02112222
21111120
22121122
22211122
12111222
12101102
02112112
02102111
82
02112222
21111111
22121111
22221121
12221221
12221101
02212111
02102111
17
02112222
21111111
22121111
22211121
12121221
11221101
11122111
02222111
18
02112222
21111111
22121111
22211121
12121221
11222221
11122111
11111111
11
