00000000
00000000
00020000
00022000
00021000
00000000
00000000
00000000
53
00000000
00000000
00022200
00022000
00021000
00000000
00000000
00000000
33
00000000
00000000
00122200
00012000
00022000
00002000
00000000
00000000
64
00000000
00000000
00122200
00011200
00022020
00002000
00000000
00000000
36
00000000
00000000
00122200
00012200
00012220
00102000
00000000
00000000
72
00000000
00000010
00122100
00222200
00022220
00102000
00000000
00000000
66
00000000
00000010
02222100
00212100
00021120
00102100
00000000
00000000
47
00000000
00000010
02222100
00212100
00021220
00101120
00010000
00000000
22
00000000
01000010
02122100
00212100
00021220
00201120
02010000
00000000
35
00000000
01000010
02122220
00112100
00111220
00201120
02010000
00000000
18
00000000
01000010
02122220
00112100
00111220
00102120
01020000
10200000
24
00000002
01000020
01122220
01112100
00111220
00102120
01020000
10200000
58
00000002
01000020
01122220
01112100
00111220
00102220
01012000
10201000
82
00000002
01000021
01122210
01122100
00211220
02102220
01012000
10201000
67
20000002
02000021
01222210
01122100
00211120
02101120
01011100
10201000
32
20000002
02100021
01112210
22221100
00211120
02101120
01011100
10201000
12
20000002
11100021
01112210
22221100
00221120
02102120
01011200
10201020
16
20000002
11100021
01112220
22222220
00221220
11102120
01011200
10201020
52
22000002
12201021
02121220
22222220
00221220
11102120
01011200
10201020
86
22000002
12201021
02121220
22222120
00221222
11102121
01011200
10201020
84
22000002
12221021
02221220
22222111
00221211
11102121
01011200
10201020
31
22100002
12111021
02121220
22122211
00222211
11122121
01011200
10201020
87
22100002
12222221
02112220
22121211
00222111
11122111
01011201
10201020
13
22100002
11222221
11212220
22121211
20122111
11112111
01011201
10201020
51
22101022
11221221
11212210
22121211
20122111
11112111
01011201
10201020
61
22101122
11221121
11212110
22121111
20222111
22112111
21011201
10201020
41
22111122
11111121
11212110
22121111
20222111
22112111
22011201
12201020
77
22111122
11111121
11212110
22121111
20222111
22112211
22011121
12201022
25
22111122
11111121
11212110
21121111
21121111
22122211
22022121
12221022
83
22111122
11111111
11212111
21221111
21221111
22222211
22222121
12221022
68
