00000000
00000000
00000000
00021000
00012000
00000000
00000000
00000000
56
00000000
00000000
00000000
00021000
00012000
00001200
00000000
00000000
76
00000000
00000000
00000000
00022200
00012000
00001110
00000000
00000000
43
00000000
00000000
00010000
00012200
00222000
00001110
00000000
00000000
65
00000000
00000000
00012000
00022200
00222100
00001110
00000000
00000000
46
00000000
00000000
00012000
00012200
00212200
00011120
00000002
00000000
52
00000000
00001000
00011000
00011200
00212200
00021120
00200002
00000000
74
00000000
00001200
00012000
00021110
00212100
00021120
00200002
00000000
33
00002000
00002200
00112000
00011110
00211100
00021120
00200002
00000000
71
00002010
00002100
00112000
00012110
00212100
00022120
00202002
00000000
48
00002010
00002100
00122000
00222110
00222100
00022120
00201002
00010000
36
00002010
00002100
00122000
00122110
00122100
00211120
02201002
00010000
26
00002010
00002100
00122000
00122110
00222100
02111120
22101002
00010000
42
00002010
00011100
00111000
00112222
00212100
02111120
22101002
00010000
18
00002010
00011100
00111000
00112222
00212100
02121120
21102002
10010200
83
00002010
00011100
00111001
00112212
00212100
02221120
21202002
10210200
47
00002010
00011100
00111001
00112212
00212100
22211120
22112002
10210200
75
00002010
00011100
00111001
00112112
00212110
22211120
22122002
10222200
63
00002010
02011100
00211101
00121112
00212110
22211120
22122002
10222200
24
00002010
02011100
00111101
01121112
00112222
22211120
22122002
10222200
15
00002010
02011100
00111101
01121112
10112222
11221120
12222002
12222200
86
00002010
02011100
20111101
02121111
10212211
11221111
12222002
12222200
88
00002010
02011100
20111101
02121111
12212211
12221111
12222001
12222201
78
00002010
02011120
20111201
02122111
12222211
12221111
12222001
11111111
67
00022010
02022120
20121201
02122111
12222211
12221111
11111101
11111111
73
00022010
02022110
22221111
02222111
12222211
12221111
11111101
11111111
12
00022012
12022120
21221211
02122111
12212211
12221111
11111101
11111111
14
00022222
12022220
11221211
11122111
11212211
12121111
11111101
11111111
32
20022222
12122220
11211211
11121111
11212111
12121111
11111101
11111111
21
21022222
11122222
11211221
11121211
11212111
12121111
11111101
11111111
31
