00000000
00000000
00000000
00021000
00012000
00000000
00000000
00000000
65
00000000
00000000
00000000
00021000
00012100
00000200
00000000
00000000
56
00000000
00000000
00000000
00022200
00011200
00001200
00000000
00000000
63
00000000
00000200
00000200
00021200
00011200
00001200
00000000
00000000
73
00000000
00000200
00000210
00021100
00011200
00002200
00020000
00000000
43
00000000
00000200
00012210
00012100
00012200
00002200
00020000
00000000
72
00000000
00000210
00012110
00211100
00022200
00002200
00020000
00000000
57
00000000
00002210
00022110
00211100
00021200
00001200
00021000
00000000
42
00000000
00011110
00011110
00211100
00021200
00001200
00022000
00020000
77
00000000
00211110
00021110
00212100
00021200
00001100
00022010
00020000
25
00000000
00211110
00011110
00112100
01021200
00002200
00022210
00020000
68
00000000
00211110
00011110
00112100
01021100
00002100
00022210
00020120
22
00000000
01111110
00011110
00112100
01021100
00002100
00022222
00020120
38
00000002
01111120
00011210
00112100
01021100
00001100
00012222
00120120
35
00000002
01111120
00011222
00112100
01111100
00001100
00012222
00120120
88
00000002
01111120
00222222
00112100
01111100
00001100
00012212
00120111
58
00000002
01111120
00222222
00112100
01111200
00001120
00011212
00111111
74
00000002
01111120
00222122
00122110
01211100
02001120
00011212
00111111
23
00000002
01111120
01111122
00122120
01222220
02001120
00011212
00111111
86
00020002
01122120
01121222
00122120
01222210
02001111
00011211
00111111
84
00020002
01122122
01121222
00122211
01222210
02001111
00011211
00111111
61
00020102
01121122
22222222
00122211
01222210
02001111
00011211
00111111
31
00122102
01122222
22222222
00122111
01222210
02001111
00011211
00111111
14
02222102
01222222
21222222
10122111
01222210
02001111
00011211
00111111
11
11111102
01222222
21222222
10222111
02222210
22001111
00011211
00111111
15
11111102
01222222
21222222
10222211
11122110
22021111
00011211
00111111
36
11111102
01222222
21222222
10222211
11222110
22221111
00222211
00111111
71
11111112
01222212
21222212
12222211
12222110
22221111
00222211
00111111
12
11111112
11222212
11222212
12222222
12222222
22221121
00222211
00111111
27
11111112
11222222
11222212
11222222
11222222
21221121
02111111
20111111
28
