00000000
00000000
00020000
00022000
00021000
00000000
00000000
00000000
35
00000000
00000000
00020000
00022000
00112000
00000200
00000000
00000000
42
00000000
00010000
00010000
00012000
02222000
00000200
00000000
00000000
26
00000000
00010000
00010000
00012000
02122000
02000200
02000000
00000000
17
00020000
00020000
00020000
00022000
02122000
01000200
12000000
00000000
37
00020000
00020000
00020000
00022000
02122000
02000200
12100000
02000000
15
00020000
00020000
00020000
02022000
12122000
02000200
12100000
02000000
65
00020000
00020000
00020000
02022000
12111100
02000200
12220000
02000000
77
00020000
00020000
00020000
02022000
12111200
02000120
12220010
02000000
64
00020000
00020000
00020000
02022220
12111100
02000120
12220010
02000000
57
00020000
00020000
00020000
02022220
12112200
02002220
11111010
02000000
63
00020000
00020000
00020100
02021220
12222200
02022220
11211010
02000000
53
00020000
00020000
00022220
02011220
12122200
01022220
11211010
02000000
75
00020000
00020000
00022220
02011220
12222222
01022110
11211010
02000000
33
00020000
00020000
00122220
01011220
12222222
01022120
11211012
02000000
62
00020000
00020100
00121120
01011120
12222122
01022120
11211022
02000020
36
00022000
00020200
00121120
01011120
12212122
01111120
11211022
02000020
88
00022000
00020200
00121220
01011220
12212222
01111220
11222222
02000021
38
00022000
00020200
00121220
01021220
12222222
01121220
11122222
02220021
58
00022000
00020200
00121220
01021220
12222222
01221220
12111222
22221021
71
00022010
00020100
02221220
02021220
12222222
01221220
12111222
22221021
14
00022010
00020100
02221220
12021220
11222222
22221220
22111222
22221021
68
00022010
00020100
22221120
22021120
21222122
22221120
22111122
22221111
32
00022010
02220100
22211120
22021120
21222122
22221120
22111122
22221111
34
00022010
02222100
22222220
22212120
22112122
22121120
22111122
22221111
11
10022010
01222220
22122220
22212120
22112122
22121120
22111122
22221111
31
12222010
02212220
22121220
22212120
22112122
22121120
22111122
22221111
12
12222010
11112220
21121220
22112120
22112122
22121120
22111122
22221111
83
12222010
11112220
21121121
22112222
22112122
22121120
22111122
22221111
86
12222010
11112220
21121121
22112121
22112111
22121111
22111111
22221111
82
