00000000
00000000
00000000
00021000
00012000
00000000
00000000
00000000
65
00000000
00000000
00000000
00022200
00011100
00000000
00000000
00000000
53
00000000
00020000
00002000
00021200
00011100
00000000
00000000
00000000
33
00000000
00020000
00102000
00012200
00012100
00002000
00000000
00000000
63
00000000
00020000
00102100
00011200
00012220
00002000
00000000
00000000
74
00000000
00020000
00102220
00011220
00012220
00002000
00000000
00000000
51
00001000
00010000
00102220
00222220
00022220
00002000
00000000
00000000
35
00001000
00010000
00102220
00122220
00222220
02002000
00000000
00000000
66
00001000
00010000
00102220
00112220
00221220
02002200
00000200
00000000
25
00001000
00010000
00102220
00112220
01112220
02022200
00000200
00000000
72
00001000
00010010
00122120
00122220
01122220
02022200
00000200
00000000
17
00201000
00020010
00122120
00122220
01122220
01022200
10000200
00000000
77
00201000
00020010
00122120
00112220
22221220
01022100
10000210
00000000
36
00201000
00020010
00122120
00111220
22111220
01111100
10000222
00000000
32
00201000
00122010
00122220
00211220
22111220
01111100
10000222
00000000
68
00201000
00122010
00122220
00211220
22121220
01112100
10000222
00000120
83
00201000
00122012
00111121
00211220
22121220
01112100
10000222
00000120
47
00201000
00122012
00111121
00211210
22121120
02211100
12010222
00000120
41
00211002
00111022
00111221
00212210
22121120
02211100
12010222
00000120
76
00211002
00111022
02222221
00212210
22121110
02211110
12010222
00000120
86
00211002
00111022
02222221
00222210
22122110
02211211
12010222
00000122
61
00211102
00111012
02222222
00222222
22122120
02211211
12010222
00000122
62
00211102
00111112
02221122
00212122
22122220
02212211
12020222
00200122
18
00211102
00111112
02221122
00211122
22112220
02112211
11020222
10202222
85
00211102
02222222
02221122
00211112
22111111
02112211
11020222
10202222
11
10211102
02222222
22121122
00211112
22111111
02112211
11020222
10202222
14
10211102
02122222
21121122
10211212
21212111
02222211
11220222
10202222
16
10211102
02122222
22221122
12211212
11212111
11111111
11220222
10202222
12
10211102
11122222
11221122
12111212
12212111
12111111
12220222
12202222
21
11111102
11122222
11221122
12111212
12212121
12122211
12222222
12202222
71
11111112
11122112
11221112
12111212
12212121
12122211
12222222
12202222
48
