00000000
00000000
00000000
00222000
00021000
00000000
00000000
00000000
35
00000000
00000000
00000000
00222000
00122000
00002000
00000000
00000000
53
00000000
00000000
00001000
00212000
02222000
00002000
00000000
00000000
57
00000000
00000200
00002000
00221000
02221000
00001000
00001000
00000000
15
00000000
00000200
00002000
00221000
11211000
00201000
00001000
00000000
52
00000000
00001200
00001000
00221000
11221000
00221000
00001000
00000000
27
00000000
00001200
00001000
00222200
11212000
00121000
01001000
00000000
71
00002010
00002100
00002000
00222200
11212000
00121000
01001000
00000000
24
00002010
00002200
00002020
01222200
11112000
00111000
01001000
00000000
65
00002010
00002200
00002020
01222200
11112100
00112000
01002000
00002000
67
00002010
00002200
00002020
01222200
11112200
00111020
01002200
00002000
23
00002010
00002200
01002020
22222200
11112200
00111020
01002200
00002000
68
00002010
00002200
01002020
22222200
11122200
00211020
02001200
20002100
26
00002010
02002200
02002020
22222200
11122200
01111020
02001200
20002100
78
00002010
02002200
02002020
22222200
11222200
01221020
02201100
20002110
74
00002010
02002200
02002020
22222220
11222220
01221020
02201100
20002110
21
01002010
01002200
01002020
21222220
11222220
01222020
02221100
20002110
66
01002010
01002200
21002020
22222220
11222220
01111120
02221100
20002110
12
01002010
11002200
11002020
12222220
11222220
02111120
22221100
20002110
84
01002010
11002200
11002020
11111211
11222220
02111122
22221100
20002110
85
01002010
11002200
11002220
11112211
11121111
02211112
22221100
20002110
16
01002010
11002200
11002220
11112211
11121211
11111122
22221102
20002110
38
01002010
11002200
11022220
11122211
11121211
11111122
21111102
20102110
33
21002010
21002200
21122220
21112211
21121211
21111122
21111102
20102110
61
21002110
21001120
21112220
21112111
21121111
21111122
21111102
20102110
48
21002110
21022220
21222220
22122111
21121111
21111122
21111102
20111110
83
22202110
22022210
21111111
22122111
21121111
21111122
21111102
20111110
88
22202110
22222210
22121111
22122111
21121111
21111121
21111101
20111111
41
22211110
22211210
22111111
22112111
22111111
22111121
22111101
22111111
77
22211110
22211222
22111121
22112211
22112111
22121111
22211111
22111111
81
