00000000
00000000
00000000
00021000
00012000
00000000
00000000
00000000
56
00000000
00000000
00000000
00022200
00011000
00001000
00000000
00000000
53
00000000
00000000
00001000
00021200
00012000
00001200
00000000
00000000
65
00000000
00020000
00002000
00021200
00011100
00001200
00000000
00000000
43
00000000
00020000
00222000
00021200
00012100
00001200
00000000
00000000
67
00000000
00020000
00222000
00021200
00222100
00001100
00000100
00000000
74
00000000
00020000
00222000
00021110
00222100
00001200
00000120
00000000
31
00100000
00010000
00221020
00021210
00222100
00001200
00000120
00000000
24
00100000
00010000
00121020
01021222
00222100
00001200
00000120
00000000
46
00100000
00010000
00111020
01011222
02222100
00011200
00000120
00000000
36
00100000
00010200
00112020
01021222
02212100
00111200
00000120
00000000
63
00100000
00010200
00111120
01021122
02212100
00122200
00002220
00000000
71
00100010
00010100
00111120
01021122
02212100
00222200
00202220
00000000
88
00100010
00012100
00112220
01012122
02212100
00222100
00202210
00000001
47
00100010
00222100
00122220
01012122
02212100
00211100
00211110
00000001
27
00100010
00222100
00122220
01012222
02212200
00121200
01112210
00000201
14
00100210
00222200
00122220
11012222
01212200
00121200
01112210
00000201
82
00100210
00222201
00122210
11012122
01211200
00111200
22222210
00000201
26
00100210
00222221
00122220
11012122
01111200
01111200
22222210
00000201
81
00100211
00222211
00222120
11222222
01221200
01212200
22222210
00000201
23
00100211
00222211
01111120
11222222
01221200
01212200
22222222
00000201
38
00100211
00222211
01121120
11222222
02121200
22222200
22122222
00100201
83
00100211
00222211
01121111
11222212
02121100
22221200
22122222
00102201
75
00100211
00222211
01121111
11222112
02121110
22221200
22222222
00122201
22
00100211
01111111
01121111
11222112
02121210
22221220
22222222
00122201
86
00100211
01111111
22221111
12222112
02221210
22221111
22222221
00122201
28
00102211
01122211
21222121
11222112
01221210
21211111
21122221
01122201
41
00111111
01111211
21212121
11212112
01211222
21211121
21122221
01122201
78
20111111
02111211
21212121
11212112
01211212
21211111
21122111
01111111
12
