00000000
00000000
00020000
00022000
00021000
00000000
00000000
00000000
35
00000000
00000000
00020000
00022000
00211000
02000000
00000000
00000000
63
00000000
00000000
00020100
00021000
00221000
02020000
00000000
00000000
37
00000000
00000000
00020100
00022000
00222200
02010000
00100000
00000000
64
00000000
00000000
00020100
00022100
00222200
02010200
00100000
00000000
15
00000000
00000000
00020100
00022100
10222200
01020200
00200000
02000000
48
00000000
00000020
00020200
00022100
10222200
01020200
00100000
02010000
67
00000000
00000020
00020200
00022100
10222200
01020120
00100100
02010000
34
00000000
00000020
00220200
00221100
10222200
01020120
00100100
02010000
32
00000000
00100020
00210200
00221100
10222200
01020220
00100120
02010000
62
00000000
00100120
00210100
00221100
10222200
02020220
20100120
02010000
47
00000200
00100220
00210200
00211200
10212200
02010220
20110120
02010000
25
00200200
00200220
00210200
00111200
11112200
02010220
20110120
02010000
81
00200201
00200210
00222100
00122200
11212200
02010220
20110120
02010000
87
00200201
00200222
00222100
00122200
11212200
02010220
20110111
02010000
74
00200201
00200222
00222102
00111120
11212200
02010220
20110111
02010000
71
00200211
00200122
00221102
00111120
11212200
02010220
20110121
02010020
42
00200211
00222222
00212202
00112120
11212200
02010220
20110121
02010020
85
00200211
00222222
00212202
00112220
11212221
02010220
20110121
02010020
51
00201111
00222222
00212202
02222220
12212221
02010220
20110121
02010020
13
00201111
00222222
10212202
22222220
12112221
02010220
20110121
02010020
21
01201111
20122222
20212202
22222220
12112221
02010220
20110121
02010020
23
01221111
20222222
22112202
22122220
12112221
02010220
20110121
02010020
16
01221111
20222222
22112202
22122220
11112221
12010220
20110221
02010220
57
01221111
20222222
22112202
22122220
11112221
12010220
20111121
02010222
84
01221111
20222221
22112221
22111221
11112221
12010120
20111121
02010222
11
11221111
10222221
12112221
12111221
11112221
12010120
22222221
02010222
38
11221111
10222221
12112221
12111221
11112221
12010122
21222222
02110222
36
11221111
10222221
12112221
12112221
11122221
11210122
22122222
22110222
56
11221111
12221221
12211221
12121211
11112121
11211222
22112222
22110222
58
