00000000
00000000
00000000
00021000
00012000
00000000
00000000
00000000
34
00000000
00000000
00200000
00121000
00012000
00000000
00000000
00000000
56
00000000
00000000
00200000
00122200
00011000
00001000
00000000
00000000
22
00000000
01000000
00100000
00112200
00021000
00201000
00000000
00000000
74
00000000
01000000
00100000
00111110
00022200
00201000
00000000
00000000
46
00000000
01000000
00100200
00112210
00021200
00211000
00000000
00000000
35
00000000
01000000
00100200
02222210
00111200
00211000
00000000
00000000
27
00000000
01000000
00100200
02222210
00211200
02111000
01000000
00000000
25
00000000
01020000
00200200
02222210
01111200
01111000
01000000
00000000
14
20000000
02020000
00200200
11111110
01111200
01111000
01000000
00000000
72
20000000
02020210
00200200
11111210
01111200
01111000
01000000
00000000
52
20000000
02021110
00200100
11211210
01212200
01221000
01200000
00000000
75
20000200
02021210
00200200
11211210
01211110
01221000
01200000
00000000
23
20000200
02021210
01200200
11111210
01211110
01221000
02200000
20000000
43
20000200
02021222
01110200
11111210
01211110
01221000
02200000
20000000
81
20000201
02021212
01210100
12111210
22211110
02221000
02200000
20000000
41
20012201
02021212
01210100
12111210
22211110
02221000
02200000
20000000
47
20012201
02021212
01210100
12121210
21212210
02222200
02210000
20000000
71
20011111
02221212
01220100
12122210
21212210
02222200
02210000
20000000
12
20011111
11111212
01220102
12122220
21212210
02222200
02210000
20000000
28
20011111
11111212
01220102
12122220
21212210
01222200
01220000
21002000
57
20011111
11111212
01220102
12222220
22212210
22222100
01111000
21002000
85
20011111
11111212
01220102
12222210
22212221
22222102
01111000
21002000
73
20211111
11211112
01220112
12222110
22211221
22212102
01111000
21002000
21
21111111
11211112
01220112
12222222
22211222
22212102
01111000
21002000
76
21111111
11111112
01210112
12221212
22211112
22212112
02221000
22202000
17
21111111
11111112
01210112
12221212
12221122
12222212
11222000
22222000
77
21111111
11111112
01210112
12221212
12222122
12222212
11222020
22222002
87
21111111
11111111
01222111
12222211
12222121
12222211
11222021
22222002
68
21111111
11111111
01222111
12222211
12222121
12222221
11222021
22222222
67
