00000000
00000000
00000000
00021000
00012000
00000000
00000000
00000000
34
00000000
00000000
00200000
00121000
00012000
00000000
00000000
00000000
65
00000000
00000000
00200000
00122200
00011100
00000000
00000000
00000000
43
00000000
00000000
00210000
00121200
00012200
00000200
00000000
00000000
76
00000000
00000000
00210000
00221200
00222100
00000210
00000000
00000000
36
00000000
00002000
00220000
00221200
00212100
00100210
00000000
00000000
23
00000000
00002000
01220000
00122200
00212200
00100220
00000002
00000000
53
00000000
00202000
01221000
00222200
00212200
00100220
00000002
00000000
25
00000000
00222000
01222000
00222200
01112200
00100220
00000002
00000000
31
00100000
00122000
01122000
00122200
22222200
00100220
00000002
00000000
74
00100000
00122000
22222000
00111110
22222200
00100220
00000002
00000000
16
02100000
00222000
22222000
00111110
21222200
10100220
00000002
00000000
77
02100000
00222000
22222000
00111110
21221200
20100120
20000012
00000000
11
11100000
00222000
22222002
00111120
21221200
20100120
20000012
00000000
46
11100000
00222000
22222002
00111120
21211200
20110220
20000222
00000000
22
11100000
01222000
22222002
02222220
21211200
20110220
20000222
00000000
61
11100100
01221000
22212002
02122220
22211200
22110220
20000222
00000000
12
11100100
11221000
21212002
02122220
22212200
22222220
20000222
00000000
27
11102100
11222000
21212002
01122220
21212200
21122220
21000222
00000000
47
11102100
11222000
21212002
01122220
21212200
21112220
22020222
00200000
78
11102100
11222000
21212002
01122220
21212200
21111220
22020222
00200210
41
11111100
11112000
21212002
01122220
21212200
21111220
22020222
00200222
14
11111100
11112000
11212002
11122220
21212200
22221220
22220222
00200222
18
11111100
11112000
11212002
11122220
11212200
12121220
12220222
12200222
57
11111100
11112000
11212002
11122220
11112200
12112220
11112222
12202222
48
11111100
11112000
11212002
11122220
11112200
12112220
11112222
11112222
62
11111100
11111100
11222202
11112220
11112200
12112220
11112222
11112222
86
11111100
11111100
11222202
11112220
11112220
12111221
11112222
11112222
72
11111120
11111210
11222102
11111220
11112220
12111221
11112222
11112222
81
11111111
11111210
11222222
11111220
11112220
12111221
11112222
11112222
85
11111111
11111222
11222122
11111210
11111111
12111221
11112222
11112222
84
