00000000
00000000
00000000
00012000
00022000
00002000
00000000
00000000
66
00000000
00000000
00000000
00012000
00022200
00002100
00000000
00000000
46
00000000
00000000
00000000
00012000
00012200
00011200
00000020
00000000
63
00000000
00000000
00000100
00011000
00222200
00011200
00000020
00000000
34
00000000
00000000
00000100
00111000
00212200
00021200
00200020
00000000
75
00000000
00000000
00000100
00111002
00211120
00021200
00200020
00000000
47
00000000
00000000
00000100
00111002
00211120
00021200
00222020
00000000
25
00000000
00000000
00000100
00111022
01111220
00022200
00222020
00000000
76
00000000
00000000
00000100
00111022
22222220
00022210
00222020
00000000
58
00000000
00000000
00020100
00222022
22221220
00021210
00221020
00001000
83
00000000
00000000
00020121
00222022
22221120
00021210
00221020
00001000
67
00000000
00000000
00020121
00222022
22221120
00022110
00221220
00001020
38
00000000
00000000
00020121
00222222
22222220
00021210
00211220
00101020
36
00000000
00000200
00020221
00221222
22212220
00111210
00111220
00101020
32
00000000
00100200
00010221
00221222
22212220
00121210
00112220
00101220
88
00000000
00100200
00010221
00221222
22212220
00121222
00112220
00101111
53
00000000
00100200
00011111
00221222
22212220
00121222
02222220
00101111
48
00000000
00120200
00022111
00221222
22212220
00111222
02212220
00111111
17
00000000
00120220
00022121
00221222
22212220
00111222
11112220
00111111
87
00000000
02220220
00022121
00221222
22212120
00111212
11111111
00111111
61
00000100
02220112
00022122
00221222
22212120
00111212
11111111
00111111
14
00002100
02220212
00022122
10221222
21212120
00111212
11111111
00111111
33
00002100
02220212
20111122
20111222
21111120
00111112
11111111
00111111
52
00002100
02221112
22222222
20111222
21111120
00111112
11111111
00111111
12
00002100
11111112
21222222
20112222
21121120
00211112
12111111
20111111
85
00002102
11111122
21222222
20112212
21121111
00211111
12111111
20111111
41
20011102
22111122
21222222
20112212
21121111
00211111
12111111
20111111
71
22011112
22211112
21222212
20112212
21121111
00211111
12111111
20111111
31
22111112
22111112
21122212
20122212
21221111
02211111
12111111
20111111
16
