00000000
00000000
00000000
00012000
00022200
00000000
00000000
00000000
46
00000000
00000000
00000000
00012000
00012200
00020000
00200000
00000000
63
00000000
00000000
00020100
00022000
00022200
00020000
00200000
00000000
36
00000000
00000000
00022100
00022000
00012200
00120000
00200000
00000000
33
00000000
02000000
00211100
00022000
00012200
00120000
00200000
00000000
75
00000000
02000000
00211100
00022200
00012110
00120000
00200000
00000000
47
00000000
02000020
00211200
00022200
00012110
00110000
00210000
00000000
56
00000000
02000220
00212200
00021200
00011110
00111000
00210000
00000000
81
00000001
02020210
00222100
00021200
00011110
00111000
00210000
00000000
61
00000121
02020210
00222100
00021200
00011110
00111000
00210000
00000000
73
00000121
02020210
00222120
00021102
00011110
00111000
00210000
00000000
38
00002221
02020210
00222120
00021102
00011110
00111000
00110000
00100000
31
00102221
02010222
00221120
00021102
00011110
00111000
00110000
00100000
23
00102221
02010222
01111120
00022222
00011110
00111000
00110000
00100000
41
00111111
02010222
01111120
00022222
00021110
00211000
02110000
00100000
83
00111111
02010211
01111111
00022212
00021120
00211002
02110000
00100000
25
00111111
02010211
01111111
00022212
01022220
00111202
02110000
00100000
17
00111111
02010211
01111111
00022212
01022220
00121202
11120000
00120000
52
00111111
02011111
01111111
00022212
01022220
00122202
11120200
00120000
11
10111111
01011111
01111111
20022212
02022220
00222202
11120200
00120000
34
10111111
01011111
01111111
20111112
02022220
00222202
11220200
02220000
68
10111111
01011111
01111111
20111112
02022120
00222102
11220200
02220120
85
10111111
01011111
01111111
20111111
02022111
00222222
11220200
02220120
16
10111111
01011111
01111111
20111111
01022111
10222222
12220200
22220120
77
10111111
01011111
01111111
20111111
01021111
10222112
12220222
22220120
88
10111111
01211111
02111111
20111111
01021111
10222111
12220211
22220111
57
10111111
01211111
02111111
20111111
01021111
12221111
12211111
22220111
24
10111111
01211111
01111111
21111111
21021111
22221111
22211111
22220111
21
