00000000
00000000
00000000
00012000
00022000
00002000
00000000
00000000
64
00000000
00000000
00020000
00021100
00022000
00002000
00000000
00000000
36
00000000
00000000
00020000
00221100
00022000
00102000
00000000
00000000
32
00000000
00100000
00010000
00222220
00022000
00102000
00000000
00000000
25
00000000
00120000
00020000
00122220
01022000
00102000
00000000
00000000
84
00000000
00120000
00020200
00112111
01022000
00102000
00000000
00000000
66
02000000
00220000
00020200
00112111
01021000
00102100
00000000
00000000
72
02000000
00220010
02020100
00211111
01021000
00102100
00000000
00000000
24
02000002
00220020
02020200
01112111
01021000
00102100
00000000
00000000
22
02000002
01220020
01020200
01112111
01021000
00102220
00000000
00000000
41
02010002
01110020
01210200
01122111
01022000
00102220
00000000
00000000
52
02210002
01211020
01210100
01122111
01022000
00102220
00000000
00000000
77
02210002
02211020
02110100
02112111
02021000
02102120
00000010
00000000
12
02210002
12111020
21110100
02112111
02021000
02102120
00000010
00000000
15
02210002
12111020
21210100
01122111
12022000
02102220
00000020
00000002
11
11110002
12111020
21210100
02222111
12222000
02102220
00000020
00000002
46
11110002
12222220
21210100
02212111
12211000
02112220
00000020
00000002
61
11110102
12221120
21222100
02222111
12211000
02112220
00000020
00000002
16
11110102
12221120
21212100
02122111
11211000
12112220
20000020
00000002
27
11110122
12221220
21212100
02122111
11211000
11112220
21000020
00000002
65
11110122
12221220
21212100
02121111
12211100
12112220
22000020
02000002
86
11110122
12221220
21212100
02122111
12212100
12122111
22002020
02000002
68
11110122
12221220
21212100
02122111
12212100
12222111
22022010
02000102
67
11110122
12221220
21212220
02122211
12212100
12221111
22022110
02000102
58
11110122
12221220
21212220
02122211
12212200
12221121
22022222
02001102
51
11111122
12211120
21112220
01122221
12212220
12221221
22022222
02001102
18
11111122
12211120
21112220
01122221
12212220
12221221
11222222
12001102
48
11111122
12211120
21112220
01122221
12212222
11211122
11111222
12011102
82
11111122
12211111
21112210
01122121
12211222
11212122
11221222
12211102
78
11111122
12211112
21112222
01122122
12211212
11211112
11221112
12211112
14
