00000000
00000000
00000000
00012000
00022000
00002000
00000000
00000000
64
00000000
00000000
00000200
00012100
00022000
00002000
00000000
00000000
66
00000000
00000000
00020200
00022100
00021000
00002100
00000000
00000000
35
00000000
00000000
00020200
00022100
00112000
00002200
00000020
00000000
65
00000000
00000000
00020200
00222100
00121100
00002200
00000020
00000000
62
00000000
00000100
00020100
00222100
02221100
00002200
00000020
00000000
67
00000000
00000100
00020100
00222100
02221100
00002100
00002220
00000000
46
00000200
00000200
00020200
00222200
02221200
00011200
00002220
00000000
33
00000200
00200200
00220200
00212200
02221200
00011200
00002220
00000000
76
00000200
00200200
00222200
00222200
02221200
00011110
00002220
00000000
15
00000200
00200200
00222200
02222200
11211200
00021110
00002220
00000000
75
00000200
00200200
00222200
02222200
12211110
20021110
00002220
00000000
88
00000200
00200200
00222200
02222200
12211210
20021120
00002222
00000001
78
00000200
00200200
00222200
02222202
12211220
20021210
00002112
00000011
42
00200200
00220200
00112200
01212202
12211220
20021210
00002112
00000011
52
00200200
00221200
00111200
01211202
12211220
20022210
00022112
00000011
23
00200200
20221200
02111200
01211202
12221220
20022210
00022112
00000011
73
00200200
20221220
02111210
01212102
12221220
20022210
00022112
00000011
26
00200200
20221220
02111210
01212102
11221220
22222210
00022112
00000011
74
00200200
20221220
02112110
01212212
11221220
22222222
00022112
00000011
27
00200200
20221222
02112120
01211212
11211220
21122222
01022112
00000011
71
00200210
20221112
22111110
02211212
11211220
21122222
01022112
00000011
85
00200210
20221112
22111110
02211212
12211111
22122211
02022111
02000011
51
00201112
20211122
22111210
02212212
12221111
22222211
02022111
02000011
83
00201112
20211112
22111211
02212211
12221111
22222211
02022211
02000211
14
00222222
20222112
22121211
11122211
12221111
22222211
02022211
02000211
18
00222222
22222112
22221111
11121211
12211111
22122211
01022211
12000211
37
00222222
22222112
22221111
11121211
12211111
21212211
01122111
12002211
38
00222222
22222112
22221111
11121211
12221111
21221211
01122111
11122211
11
12222222
12222112
12121111
11111211
12221111
21221211
01122111
11122211
17
