00000000
00000000
00000000
00021000
00012000
00000000
00000000
00000000
65
00000000
00000000
00000000
00022200
00011100
00000000
00000000
00000000
73
00000000
00000000
00000010
00022100
00012100
00002000
00000000
00000000
43
00000000
00000000
00010010
00011120
00012200
00002000
00000000
00000000
84
00000000
00000000
00010012
00011121
00012200
00002000
00000000
00000000
76
00000000
00000000
00010012
00222221
00022100
00002010
00000000
00000000
46
00000000
00000000
00010012
00212121
00021100
00222010
00000000
00000000
25
00000000
00020000
00020012
00122121
01021100
00222010
00000000
00000000
52
00000000
00021000
02010012
00222121
01021100
00222010
00000000
00000000
35
00000000
00021000
02010012
00222121
01211100
02222010
00000000
00000000
33
00000000
00021002
02110022
00212221
01212100
02222010
00000000
00000000
66
00000000
00021002
02110022
00212221
01211100
02222222
00000000
00000000
57
00000000
00021002
02222022
00222221
01211100
02221222
00001000
00000000
27
00000000
00021002
02222022
00222222
01211102
01121222
01001000
00000000
67
00000200
00022002
02222022
00222222
01211102
01121122
01001100
00000000
32
00000200
00122002
02122022
00221222
02111102
22221122
01001100
00000000
87
00000200
00122002
02122022
00221222
02112102
22221212
01001121
00000000
15
00000200
00122002
02122222
00222222
11122102
22221212
01001121
00000000
72
00000200
00122012
02122122
00221222
11112102
22122222
01002221
00002000
13
00000200
00122012
11122122
00221222
11112222
22122222
01002221
00002000
51
00001200
00111012
11121122
20221222
21112222
22122222
01002221
00002000
71
00001110
00111222
11122222
20221222
21112222
22122222
01002221
00002000
17
00001110
00111222
11122222
12221222
11212222
11122222
11002221
00002000
88
00001110
00111222
11122222
12211222
11211222
11122122
11002221
00002201
37
00001110
00111222
11122222
12211222
11211222
11212122
11202221
00202201
48
00001110
02222222
12222222
12221222
11212222
11212222
11101221
00212201
81
00001111
02222211
12222121
12221221
12212221
12222221
12201221
02212201
31
00121111
01222211
12221121
12221121
12212211
12222221
12201221
02212201
18
00121111
01222211
12221121
12221121
12212211
12222221
11222221
11112201
78
20121111
02222211
12221121
12221121
12212211
12221211
11222111
11111111
12
