00000000
00000000
00000000
00021000
00012000
00000000
00000000
00000000
56
00000000
00000000
00000000
00022200
00011000
00001000
00000000
00000000
53
00000000
00000000
00001000
00021200
00012000
00001200
00000000
00000000
34
00000000
00002000
00002000
00112200
00012000
00001200
00000000
00000000
63
00000000
00002000
00002220
00111200
00012000
00001200
00000000
00000000
62
00000000
00002100
00001220
02222200
00012000
00001200
00000000
00000000
76
00002000
00002200
00001220
02222200
00012000
00001110
00000000
00000000
83
00002000
00002200
00001111
02222200
00022000
00021110
00000000
00000000
41
00012000
00022200
00002111
02222200
00022000
00021110
00000000
00000000
43
00012000
00012202
00011121
02222200
00022000
00021110
00000000
00000000
75
00012000
00012202
00011121
02222100
00022010
00022110
00000200
00000000
47
00012000
00012202
00011221
02212220
00012010
00012110
00010200
00000000
71
00012010
00012102
00011221
02212220
00012020
00012220
00010220
00000000
61
00211110
00021102
00012221
02212220
00012020
00012220
00010220
00000000
86
00222222
00021102
00012221
02212220
00012020
00011111
00010220
00000000
68
00222222
00021102
00012221
02212220
00012020
00021111
00210110
00000100
65
00222222
00022102
00012221
02211120
00011122
00021111
00210110
00000100
32
00222222
00111102
00012221
02211120
00021122
00022121
00210220
00000120
88
00222222
00211102
02012221
02211120
00021122
00022121
00210210
00000111
36
00222222
00221102
02022221
02221120
00021122
00121121
00220210
00020111
33
00222222
00221102
02111111
02211120
02021122
00221121
00220210
00020111
27
00222222
00221102
02111111
02211120
02011122
00121121
22220210
00020111
12
00222222
10221202
01111122
02111122
02011122
00121121
22220210
00020111
22
00222222
11211202
02111122
22111122
02011122
00121121
22220210
00020111
87
00222222
11211202
02111122
22111122
02011122
02221111
22220211
00020111
16
00222222
11211222
02111222
22112122
01021122
11211111
22220211
00020111
18
00222222
12211222
22111222
22112122
01021122
11211111
12220211
10020111
28
00222222
12211222
22111222
22112122
01021122
11211111
11220211
11220111
15
00222222
12211222
12111222
11112122
11022122
11212211
11222211
11220111
35
00222222
12211222
12111222
11112122
11111122
11212211
11222211
11220111
21
22222222
12111222
11211222
11122122
11112122
11212211
11222211
11220111
58
