00000000
00000000
00020000
00022000
00021000
00000000
00000000
00000000
33
00000000
00000000
02220000
00012000
00021000
00000000
00000000
00000000
42
00000000
00010000
02210000
00012000
00022200
00000000
00000000
00000000
64
00000000
00010000
02222000
00012100
00022200
00000000
00000000
00000000
46
00000000
00010000
02222200
00012200
00011200
00010000
00000000
00000000
52
00000000
00011000
02221200
00021200
00012200
00010200
00000000
00000000
35
00002000
00022000
02222200
00012200
00112200
00010200
00000000
00000000
22
00002000
01022000
02122200
00022200
00212200
02010200
00000000
00000000
72
00002000
01022010
02122100
00021200
00212200
02020200
00002000
00000000
24
00002000
01022010
01122220
01021200
00212200
02020200
00002000
00000000
41
00012000
01022010
01212220
02011200
20212200
02020200
00002000
00000000
62
00012000
01022110
01211220
02012200
20222200
02220200
00002000
00000000
61
00011100
01021110
22211220
02012200
20222200
02220200
00002000
00000000
67
00011100
01021110
22212120
02012200
20222220
02220200
00002100
00000000
76
00011120
01021220
22212120
02011200
20222120
02220210
00002100
00000000
74
00011120
01021220
22212120
02011112
20222120
02220210
00002100
00000000
85
00011120
01021220
22212120
02011122
20222121
02220220
00002220
00000000
25
00011120
01021220
21212120
01222222
21211121
02220220
00002220
00000000
83
00011120
01021210
21212111
01222211
22211121
22220220
00002220
00000000
37
00011120
01021222
21212121
01222211
22211121
22210220
00102220
00000000
58
00011120
01021222
21212121
01222211
22211221
22210220
00102122
00001000
27
00011120
01021222
21212121
01222211
21211221
22110220
01202122
00021000
32
00011120
01111222
21112121
01122211
21111221
22110220
02202122
00221000
56
00011120
01111222
21112121
22222211
21111121
22111220
02201122
00221000
86
00011120
22222222
22111121
22222111
21111111
22111111
02201122
00221000
18
00011120
22222222
22111121
22222111
21111111
22111111
22201122
10221000
68
00222220
22222222
22111121
22222111
21111111
22111111
22201112
10221100
11
12222220
12222222
12111121
12222111
11111111
12111111
12201112
10221100
88
12222220
12222222
12111121
12222111
11121111
12121111
12221111
10221101
81
11111111
12222211
12111121
12222121
11121121
12122121
12221221
10222221
28
