00000000
00000000
00000000
00021000
00012000
00000000
00000000
00000000
65
00000000
00000000
00000000
00021000
00012100
00000200
00000000
00000000
67
00000000
00000000
00000000
00021000
00022100
00020100
00000100
00000000
56
00000000
00000000
00000000
00021000
00021100
00022220
00000100
00000000
57
00000000
00000000
00000000
00021000
00021100
00021220
00002100
00020000
85
00000000
00000000
00002000
00022000
00022101
00022210
00002100
00020000
47
00000000
00000000
00002000
00022000
00022101
00022210
00012100
00022000
34
00000000
00000000
00002000
00122000
00012101
00021210
00222100
00022000
43
00000000
00020000
00022000
00121000
00022101
00021210
00222100
00022000
35
00000000
00020000
00022000
00121000
00111101
00021210
00222200
00022200
33
00000000
00020000
02222000
00211000
00121101
00022210
00222200
00022200
52
00000200
00022000
02221000
00211000
00121101
00022210
00222200
00022200
13
00000200
00022000
11111200
00212000
00121101
00022210
00222200
00022200
41
00010200
00012000
11111200
00212000
00221101
00222210
00222200
00022200
26
00010200
00012000
11111200
00212000
20121101
02111110
00222200
00022200
38
00010200
00012000
11111200
00212000
22221101
02211110
00122200
00122200
24
00010200
00012000
11111200
01112020
22121201
02212110
00122200
00122200
27
00012200
00022000
11211200
02112020
21121201
01212110
01122200
00122200
71
00011110
00022000
11211200
02112020
22121201
02212110
02122200
02222200
77
00011110
00022200
11212200
02122020
22221201
02212110
02111110
02222200
73
00011110
00022100
11211110
02122020
22221221
02212210
02112110
02222200
17
00011110
00022100
11211110
02112020
22121221
01212222
11112120
02222200
78
00011110
00222100
11221110
02112010
22121211
01212212
11112110
02222210
14
00011110
00222100
11221110
11212010
22121211
22222212
12112110
02222210
31
00111110
20112100
22121110
21212010
22121211
22222212
12112110
02222210
64
00111110
22222100
22121110
21211110
22121111
22222112
12112110
02222210
21
01111110
21122100
21111110
21211110
22121111
22222112
12112222
02222210
88
01111110
21122100
21111110
21222222
22121121
22222211
12112211
02222211
83
21111110
22122100
21211111
21222211
22121121
22222211
12112211
02222211
18
21111110
22122102
21211121
21221211
22111121
22122211
11112211
11111111
72
