00000000
00000000
00000000
00021000
00012000
00000000
00000000
00000000
56
00000000
00000000
00000000
00021000
00021000
00021000
00000000
00000000
37
00000000
00000000
00000000
00021000
00022200
00011000
00100000
00000000
76
00000000
00000000
00000000
00021000
00022100
00012010
00102000
00000000
36
00000000
00000000
00000000
00021020
00012200
00112010
00102000
00000000
75
00000000
00000000
00000000
00021020
00011120
00112020
00102020
00000000
67
00000000
00000000
00000000
00021020
00011120
00111020
00102220
00002000
85
00000000
00000000
00020000
00022020
00011211
00111020
00102220
00002000
63
00000000
00000000
00020100
00021010
00021211
00122020
00122220
00002000
38
00000000
00000000
00020100
00021010
00021111
02221020
00112220
00102000
42
00000000
00010000
00010100
00011010
00011111
02222220
00112220
00102000
27
00000000
00010000
00012100
00012010
00012111
02122220
01112220
00102000
62
00000000
00010100
00011100
00012010
00012111
02122220
22222220
00102000
78
00000000
00010120
00011200
00012010
00012111
02121210
22222110
00102010
81
00000001
00010110
00011102
00011020
00012211
02122210
22222110
00102010
48
00000001
00010110
00011102
00011020
00012211
02112222
22211110
00112010
16
00000001
00010110
00011102
00011020
00012211
11112222
21211110
02222010
18
00000001
00010110
00211102
00021020
00012211
11112222
11211110
12222010
87
00000201
00010120
00211102
00021020
00012111
11112211
11211111
12222010
64
00000201
00010120
00211102
00021120
20011111
12112211
11211111
12222010
25
00000201
00010120
00211102
00221120
21021111
11112211
11211111
12222010
68
00000201
00010120
00222222
00221220
21022111
11122211
11211111
11111110
84
00002201
00020120
00222212
00221111
21022111
11122211
11211111
11111110
32
00002221
00120220
00212212
00221111
21022111
11122211
11211111
11111110
14
00002221
02220220
00212212
10221111
11022111
11122211
11211111
11111110
41
00011111
02222220
00222212
10221111
11022111
11122211
11211111
11111110
24
00011111
02212220
00222212
11221111
11222111
11222211
11211111
11111110
11
10011111
01212220
02222212
11211111
11221111
11222111
11211111
11111110
12
10011111
11212222
01222222
11111211
11212111
11221111
11211111
11111110
21
