00000000
00000000
00000000
00012000
00022000
00002000
00000000
00000000
46
00000000
00000000
00000000
00012000
00022000
00222000
00000000
00000000
64
00000000
00000000
00000020
00011200
00022000
00222000
00000000
00000000
47
00000000
00000000
00000220
00012200
00022000
00212000
00010000
00000000
25
00000000
00000000
00020220
00022200
01022000
00112000
00010000
00000000
65
00000000
00000000
00020220
00022200
01022100
00121000
00210000
00000000
38
00000000
00000000
00020220
00022200
01022200
00122200
00110000
00100000
72
00000000
00000010
00020120
00021200
01012200
00122200
00210000
02100000
57
00000000
00000010
00020120
00021200
01222200
00221200
00211000
02100000
83
00000000
00000010
00022111
00022200
01222200
00221200
00211000
02100000
76
00000000
00000010
00022111
20022200
02222200
00221110
00211000
02100000
34
00000000
00000010
00022111
20122200
02212200
02221110
00111000
02100000
33
00000000
00000010
00111111
20112200
02212200
02222110
00122000
02102000
75
00000000
00020010
00121111
20122100
02221110
02222110
00122000
02102000
27
00000000
00020010
00122111
20121200
02211120
02122222
01122000
02102000
24
00000000
00020010
02222111
22221200
02221120
02122222
02122000
02102000
77
00000000
00020010
02222111
22221200
02221120
02122122
02222010
02222000
32
00000000
00122010
02122111
22221200
02121120
02122122
02222010
02222000
17
00200000
00222010
02222111
22221200
02121120
01122122
12222010
02222000
41
00210000
00221010
02222111
22221200
02121120
01122122
12222020
02222020
22
20210000
02111010
01222111
21221200
01122120
01122222
12222020
02222020
87
20210000
22111010
02222111
21221200
01122120
01122212
12222021
02222020
68
20210000
22111010
02222111
21221220
01122220
01112212
12221021
02222120
67
20210200
22112010
02222111
21221120
01122120
01112112
12221111
02222120
18
20210200
22112010
02222111
22221120
22222120
02112112
11221111
11111120
13
20210220
22112020
11111121
21221120
22122120
02112112
11221111
11111120
21
21110220
21112020
11111121
21221120
22122120
02112212
11221122
11111122
62
22222220
21122220
11212121
22222120
22122120
02112212
11221122
11111122
82
22222222
21111121
11212211
22222120
22122120
02112212
11221122
11111122
16
22222222
21111222
11212222
12122122
11122120
11112212
11221122
11111122
85
