00000000
00000000
00000000
00012000
00022000
00002000
00000000
00000000
46
00000000
00000000
00000000
00012000
00222000
00012000
00000000
00000000
24
00000000
00000000
00200000
01022000
00122000
00012000
00000000
00000000
65
00000000
00000000
00200000
01022000
00111200
00012020
00000000
00000000
43
00000000
00000000
00210000
01012000
02222200
00012020
00000000
00000000
23
00000000
00000000
21110000
02012000
02222200
00012020
00000000
00000000
64
00000000
02000000
22110000
02011100
02221200
00012020
00000000
00000000
36
00000000
02200000
22120000
02012100
02211200
00112020
00000000
00000000
31
00100000
02100000
22120200
02012200
02211200
00112020
00000000
00000000
34
00100000
02100000
22120200
02112200
02121200
00212020
02000000
00000000
74
00100000
02100000
22220200
02121110
02122200
00212220
02000000
00000000
86
00100000
02100000
22220200
02121110
02222200
02211111
02000000
00000000
37
00100000
02100000
22220200
02221110
02222200
02211111
02200000
00200000
72
00100000
02220010
22220100
02221110
02222200
02211111
02200000
00200000
41
00110000
02210010
22210100
02211110
02212200
02222111
02202000
00200000
21
01112000
02120010
22210100
02211110
02212200
02222111
02202000
00200000
67
01112000
02120010
22210100
02211110
02212200
02221211
02202200
00200200
12
01112000
11120010
21210102
02111120
02212200
02221211
02202200
00200200
14
01112200
11120020
11210102
11111120
02212200
02221211
02202200
00200200
78
01112200
11120020
11210102
12111120
22212200
02221211
02202100
00200210
84
01112200
11120020
11210102
12111112
22212202
02221211
02202100
00200210
47
01112200
11120020
11222102
12122112
21212202
02111211
02211100
00200210
81
01112201
11120010
11222222
12122212
21212202
02111211
02211100
00200210
77
01112201
11120010
11122222
12212212
22211202
22111111
02211110
00200210
18
01112201
11120010
11122222
12222212
22221202
22121111
01221110
10220210
71
01111111
11120010
11122222
12222212
22222202
22122121
01222210
10222210
17
01111111
11120010
11122222
12222212
12222202
12122121
12222210
12222210
75
21111111
12110010
11221222
12222112
11111112
12122111
12222210
12222210
82
21111111
12110211
11222211
12222111
11111111
12122111
12222210
12222210
52
21111111
12111111
11211111
12121111
11112111
12122211
12222220
12222222
87
