00000000
00000000
00000000
00222000
00021000
00000000
00000000
00000000
33
00000000
00200000
00200000
00212000
00021000
00000000
00000000
00000000
53
00000000
00200000
00201200
00212000
00021000
00000000
00000000
00000000
64
00000000
00200000
00201200
00211200
00022200
00000000
00000000
00000000
36
00000000
00220000
00202200
00211200
00012200
00100000
00000000
00000000
56
00000000
00220000
00222200
00212200
00011200
00101000
00000000
00000000
41
00010000
00210000
00212200
00222200
00012200
00101200
00000000
00000000
75
00010000
00210000
00211200
00222100
00012110
00102200
00002000
00000000
62
00010000
00222100
00222100
00222100
00012110
00102200
00002000
00000000
47
00010200
00222200
00222200
00222200
00012210
00101200
00012000
00000000
72
00010200
00222222
00222100
00221200
00012210
00101200
00012000
00000000
58
00010200
00222222
00222100
00221200
00022210
00122200
00011000
00001000
81
00010201
00222212
00222100
00221200
00022210
00122200
00012000
00001200
76
00010201
00222212
00222100
00221200
00022110
00121110
00222000
00001200
21
01010201
02222212
00212100
00221200
00022110
00121110
00222000
00001200
25
01010201
02222212
00212220
00121200
01022110
00121110
00222000
00001200
78
01010201
02222212
00222220
00122200
01022210
00121120
00222002
00001110
12
01010201
11111112
00222220
00122200
01022210
02221120
00222002
00001110
27
01010201
11111112
00222120
00121200
21012210
02121120
01222002
00001110
38
01010201
11111112
00222120
00121200
21012222
02121120
01112002
00101110
83
01010201
11111111
00222111
00221200
22012222
22121120
01112002
00101110
35
01010221
11111211
00122111
00121200
22212222
22111120
01111002
00101110
86
01010221
11111211
00121111
00121100
22212212
22121111
02211002
02101110
17
01010221
11111211
00121111
00111100
22112212
21121211
11111022
02101110
18
01010221
11111211
00121111
00111100
22112212
21121221
11111222
11101110
88
01010221
11111211
02221111
00211100
22121212
21122121
11111211
11101111
24
01010221
11111221
01121121
01111120
21121222
21122121
11111211
11101111
14
01010221
11111221
01121121
11111120
11121222
11122221
11122211
11121111
84
01222221
12222221
22222121
12112111
11222221
11122221
11122211
11121111
11
