00000000
00000000
00000000
00012000
00022000
00002000
00000000
00000000
66
00000000
00000000
00020000
00022000
00021000
00002100
00000000
00000000
57
00000000
00000000
00020000
00022000
00022000
00001200
00001020
00000000
34
00000000
00000000
00020000
00122000
00012000
00002200
00002020
00002000
65
00000000
00000000
02020000
00222000
00021100
00002200
00002020
00002000
32
00000000
00120000
02020000
00221000
00021100
00002200
00002020
00002000
24
00000000
00120000
02020000
01111020
00021200
00002200
00002020
00002000
35
00000000
02220000
02020000
01111020
00111200
00002200
00002020
00002000
21
01000000
01120000
01210000
01121020
00112200
00002200
00002020
00002000
67
01000000
01120000
01210000
01122220
00112200
00001200
00002120
00002000
83
01000000
01120000
01210001
01122210
02222100
00001200
00002120
00002000
15
01000000
01120000
01222001
01122210
11111100
00001200
00002120
00002000
62
01200000
01220100
01221001
01112210
11111100
00001200
00002120
00002000
76
01200000
01220100
01221001
01112210
11111200
00001120
00002122
00002000
88
01200000
01220100
02221001
22222210
11111200
00001120
00002112
00002001
63
01200000
01220100
02221101
22221110
12211100
00201120
00002112
00002001
51
01201000
01210100
02121101
21221110
12221100
00202120
00002222
00002021
41
01111020
01210200
02122101
21221110
12221100
00202120
00002222
00002021
27
01111020
22210200
02122101
21221110
12211100
00102120
01002222
00002021
61
01111120
22210100
02122101
21221110
22211100
20102120
01002222
00002021
52
01111120
22211100
02121101
21221110
22211100
20202120
01202222
00002021
13
01111120
21211100
11121101
21222222
22211100
20202120
01202222
00002021
85
01111120
21211100
11122221
21222211
22211101
20202120
01202222
00002021
48
01111120
21211100
11122221
21222211
22211101
20202120
01222222
00012021
46
01111120
21211100
11122221
21222211
22111101
20211120
02212222
20012021
81
01111111
21211100
11122221
21222211
22111101
20211120
02212222
20222021
28
01111111
21211100
11122221
21222221
22222221
20211220
02112222
21222021
82
01111111
21211101
11122211
21222121
22221221
22211220
02212222
21222021
11
11111111
11222221
11122221
21222121
22221221
22211220
02212222
21222021
68
11111111
11222221
11122221
21222121
22221121
22211120
02211122
21111111
17
11111111
11222121
11121221
11212121
12121121
11211120
11111122
21111111
86
