00000000
00000000
00000000
00012000
00022000
00002000
00000000
00000000
64
00000000
00000000
00000200
00012100
00022000
00002000
00000000
00000000
46
00000000
00000000
00000200
00012100
00021000
00222000
00000000
00000000
53
00000000
00000000
00022200
00021100
00021000
00222000
00000000
00000000
37
00000000
00000000
00022200
00021200
00021020
00212000
00100000
00000000
57
00000000
00000000
00022200
00022200
00022220
00211000
00101000
00000000
52
00000000
00021000
00022200
00021200
00021220
00211000
00101000
00000000
74
00000000
00021020
00022200
00022110
00021120
00211000
00101000
00000000
34
00000000
00021020
00222200
00111110
00011120
00211000
00101000
00000000
31
00100000
00011020
00221200
00121110
00021120
00221000
00121000
00000000
48
00100000
00011020
00211200
00111110
00011120
00211000
00121000
00012000
35
00102000
00022020
00212200
00112110
00112120
00112000
00122000
00012000
86
00102000
00022020
00212200
00112222
00112110
00112001
00122000
00012000
81
00102001
00022010
02212100
00211222
00122110
00112001
00122000
00012000
68
00102001
00022010
02212100
00211222
00122120
00112021
00121000
00011100
62
00102001
00022110
02211100
00211222
00122120
02222021
00121000
00011100
32
00102001
00111110
02111100
00111222
00122120
02222021
02221000
00011100
38
00102201
00111210
02111200
00111222
00122120
02121021
02111000
00111100
12
00102201
10111220
01111202
00111222
00122120
02121021
02111000
00111100
85
00102201
10111220
01111102
00111212
00122111
02121021
02211000
02111100
67
00102201
10111220
01111102
00111212
00122111
02121011
02222220
02111100
17
00102201
10111220
01111122
00111222
00122121
01121021
12222220
02111100
78
00102201
10111220
01111122
00111222
00122121
01121021
12222120
02222222
82
00122201
10122111
01121221
00121221
00122121
01121021
12222120
02222222
66
02222201
10222111
01121221
00111221
00121111
01121111
12222120
02222222
87
02222221
10222121
01121221
00111221
00121111
01121111
12222111
02222222
18
02222221
10222121
01121221
00111221
00121111
22221111
12222111
12222222
22
02222221
12111121
22221221
00111221
00121111
22221111
12222111
12222222
15
02222221
12111121
22221221
00211221
12221111
12221111
12222111
12222222
14
02222221
12111121
12221221
12211221
12221111
12221111
12222111
12222222
11
