00000000
00000000
00000000
00222000
00021000
00000000
00000000
00000000
35
00000000
00000000
00000000
00222000
00211000
02000000
00000000
00000000
53
00000000
00000000
00001000
00222200
00211000
02000000
00000000
00000000
23
00000000
00002000
01002000
00122200
00211000
02000000
00000000
00000000
74
00000000
00002000
01002000
00111110
00222200
02000000
00000000
00000000
46
00000000
00002000
01022000
00112110
00211200
02010000
00000000
00000000
66
00000000
00002000
01022000
00122110
00221100
02020100
00020000
00000000
25
00000000
00002000
01022020
00122210
01112100
02020100
00020000
00000000
62
00002000
00002200
01021020
00112210
01112100
02020100
00020000
00000000
57
00002000
00002200
01021020
00112210
01122100
02210100
00021000
00000000
71
00002010
00002100
01021020
00112210
01122100
02222100
00021000
00000000
17
00002010
00002100
01021022
00112220
01122200
01222100
10021000
00000000
84
00002010
00002100
01021012
00111111
01122200
01222220
10021000
00000000
87
00002010
00002100
01021012
02111111
01222100
01222210
10021001
00000000
32
00002010
00102100
01011012
22111111
02222100
01222210
10021001
00000000
77
00002010
00102100
01011012
22111111
02222220
01222110
10021011
00000000
16
00002010
00122100
01022012
22121211
01222220
11222110
10021011
00000000
85
00002010
00122100
01022012
22121211
01112111
11222210
10021021
00000002
41
00222010
00122100
01012012
22111211
01112111
11222210
10021021
00000002
37
00222010
00122100
01012012
22111212
01111122
11112222
10111022
00000002
61
00222110
00122100
01012222
22111222
01111122
11112222
10111022
00000002
13
00222110
00222100
11222222
21121222
01112122
11112222
10111022
00000002
72
00222110
00222110
11222122
21121222
02112122
11212222
10122022
00002002
38
00222110
02222110
12222122
22121222
02112122
11211222
10112022
00102002
12
00222110
11111110
11222122
22121222
02122122
11221222
10122022
00122002
15
00222110
11111110
11122122
11121222
11122122
11222222
10122222
00122002
21
01111110
11111110
11122122
11121222
11122122
11222222
10222222
02222002
68
21111110
12111110
11222122
11121222
11122122
11212122
10221122
02222102
27
21111110
12222222
11222122
11121222
11112122
11112122
11111122
02222102
18
21111110
12222222
11222122
11121222
11112122
11112122
11111222
11111122
81
