00000000
00000000
00020000
00022000
00021000
00000000
00000000
00000000
53
00000000
00000000
00022200
00022000
00021000
00000000
00000000
00000000
52
00000000
00001200
00022200
00021000
00021000
00000000
00000000
00000000
72
00000000
00001110
00022100
00022000
00022200
00000000
00000000
00000000
34
00000000
00001110
02012100
00222000
00022200
00000000
00000000
00000000
25
00002000
00002110
02012100
00122000
01022200
00000000
00000000
00000000
64
00002000
00002222
02012100
00111100
01022200
00000000
00000000
00000000
76
00002000
00002222
02012100
00121100
01222100
00000010
00000000
00000000
42
00002000
00012222
02011100
00121100
22222100
00000010
00000000
00000000
61
00022100
00021122
02021100
00121100
22222100
00000010
00000000
00000000
36
00022100
00021122
02021100
00121100
22212100
02100010
00000000
00000000
14
00022100
00021122
02021100
10221100
22212100
22100010
00000000
00000000
17
00022100
00021122
02021200
10212100
12122100
12200010
12000000
00000000
73
00022100
00022122
02021220
10212220
12122100
12200010
12000000
00000000
37
00022100
00022122
02021220
10212220
12122220
11100010
11100000
00000000
56
00022100
00022122
02021220
10211220
12121220
11202010
11120000
00000000
58
00022100
00022122
02021220
10211220
11121220
11202010
12110000
20001000
33
00022100
00022122
02111220
10111220
11122220
11222010
12110000
20001000
57
00022100
00022122
02211220
12222220
12121220
12211010
12111000
20001000
38
00022100
00022122
02211220
12222220
12221220
12221010
11112000
20101200
22
00022100
01222122
01221220
11212220
11221220
11221010
11112000
20101200
81
00022101
01222112
01221120
11221220
11212220
11122210
11112000
20101200
86
00022101
01222112
01221120
11221120
11212220
11122221
11112020
20101200
21
01022101
01122112
01211120
11221120
11212220
11122221
11122020
20122200
84
01022101
01122112
01211110
11221111
11212220
11122221
11222020
22222200
87
01022101
01122112
01211210
11221121
11212122
11122211
11222021
22222200
31
01111101
01112112
01211210
11221121
11212122
11122212
11222022
22222202
67
01111121
01112222
01212220
11221121
11212122
11121112
11111122
22222202
78
01111121
22222222
02212220
11221121
11212122
11121112
11111112
22222212
13
22222221
22222222
11212220
11221121
11212122
11121112
11111112
22222212
83
