00000000
00000000
00000000
00021000
00012000
00000000
00000000
00000000
34
00000000
00000000
00200000
00121000
00012000
00000000
00000000
00000000
56
00000000
00000000
00200000
00121000
00021000
00021000
00000000
00000000
36
00000000
00000000
00200000
00122200
00011000
00111000
00000000
00000000
53
00000000
00000000
00201000
00221200
00211000
00111000
00000000
00000000
43
00000000
00000000
00211000
00211200
00221000
00112000
00000200
00000000
66
00000000
00000000
00211000
00211200
00222000
00221100
00200200
00000000
75
00000000
00000000
00222200
00212100
00222010
00221100
00200200
00000000
26
00000000
00000000
00222200
00212100
20122010
02111100
00200200
00000000
22
00000000
01200000
00222200
00212100
20122010
02111100
00200200
00000000
52
00000000
01201200
00222200
00221100
20221010
02111100
00200200
00000000
38
20000000
02201200
00222200
00221100
20221010
02111100
00100200
00100000
24
20000000
02201200
00222200
01111100
20121010
02121100
00120200
00100000
68
20000200
02202200
00222200
01111100
20121010
02121100
00120100
00100100
17
20000200
02202200
00222200
01112100
20122010
01122100
10122100
00100100
58
20000200
02202200
02222200
01212100
20122010
01122100
10112100
00101100
71
20000210
02202100
02221200
01212100
20122010
01122100
10112200
00101120
42
20000210
02211100
02111200
01212100
20122010
01222100
12222200
00101120
65
20000210
02211100
22111200
02211100
20211110
01221100
12212200
00101120
73
20020210
02221100
22121110
02221100
20221110
01221100
12212200
00101120
18
20020210
02221100
22121110
02222100
20211210
01122220
11212200
10101120
85
20020210
02221100
22121110
02222100
20211211
01122210
11212220
10101120
12
20020210
11111102
21121120
02122200
20212211
01122210
11212220
10101120
83
20020210
11112102
21121211
02122220
20212221
01122220
11212220
10101120
51
20021110
11111102
21121212
02122222
20212221
01122220
11212220
10101120
86
20221110
12211102
21221212
02222122
20212211
01111111
11212210
10101120
72
20221110
12211112
22221112
22221122
20212211
01111111
11212210
10101120
16
20221110
12211112
12221112
12221122
10212211
11111211
11212220
10101122
25
20222222
12211112
12211112
12121122
11112211
11111211
11212220
10101122
21
21222222
11111112
11211112
11121122
11122211
11121211
11222220
10122222
28
