00000000
00000000
00000000
00222000
00021000
00000000
00000000
00000000
35
00000000
00000000
00000000
00222000
00122000
00002000
00000000
00000000
53
00000000
00000000
00201000
00222000
00122000
00002000
00000000
00000000
57
00000000
00000000
00201000
00222200
00121000
00001000
00001000
00000000
75
00000000
00000000
00201000
00222220
00121010
00001000
00001000
00000000
73
00000000
00000000
00201010
00222110
00221010
00201000
00001000
00000000
25
00000000
00000000
00201010
00222110
01112010
00201200
00001000
00000000
43
00000000
00000000
00211010
02222110
01112010
00201200
00001000
00000000
76
00000000
00002000
00222010
02222110
01112010
00201110
00001000
00000000
32
00200000
00202000
00222010
02222110
01212010
00201110
00001000
00000000
61
00200100
00201002
00212020
02122210
01212010
00201110
00001000
00000000
27
00200100
00201002
00212020
02122210
01212010
00201110
01201000
00000000
47
00200100
00201002
00212020
02122210
01222010
00121110
01111000
00000000
23
00200100
00201002
01112020
01122210
01222010
00122110
01112000
00002000
48
00200100
00201002
02112020
22222210
02222010
00222110
01121000
00012000
16
00200100
00201002
02112020
22122210
01222010
10222110
01221000
00222000
22
00200100
01201002
01112020
21122220
01222020
10222220
01221020
00222000
63
00200100
01201002
01111120
21121220
01212020
10122220
22221020
00222000
84
00200100
02201002
22222220
22121111
01212010
10122120
22221020
00222000
72
00200120
02201022
22222120
22121121
01212020
10122120
22221020
00222000
86
00200120
02201022
22222120
22122121
01212210
10122111
22221020
00222000
28
00200120
02201022
22222120
22122121
22211210
20112111
22121020
01222000
83
00200120
02201012
22222111
22122121
22211210
20122111
22122020
01222200
85
00200122
02201022
22222211
22122111
22211211
20122111
22122020
01222200
88
00200122
02201022
22222211
22122111
22211211
20122211
22122210
01222201
42
00220122
02222022
22221211
22122111
22221211
20122211
22122210
01222201
18
00220122
02222222
22222211
22122111
22221211
20122211
21122210
11222201
51
00221122
02221122
22221212
22121112
22221212
20122222
21122222
11222201
78
00221122
02221122
22221212
22121112
22211212
22221212
21122112
11111111
12
20221122
12111122
11221212
12121112
12211212
12221212
11122112
11111111
21
