00000000
00000000
00000000
00222000
00021000
00000000
00000000
00000000
33
00000000
00000000
00100000
00212000
00022200
00000000
00000000
00000000
64
00000000
00200000
00200000
00211100
00022200
00000000
00000000
00000000
66
00000000
00200000
00200000
00211100
00022220
00000100
00000000
00000000
24
00000000
00200000
00200000
01211100
00222220
00000100
00000000
00000000
36
00000000
00200000
00200000
22211100
00212220
00100100
00000000
00000000
76
00000000
00200000
00200000
22222220
00212120
00100110
00000000
00000000
22
00000000
22200000
00100000
22212220
00211120
00100110
00000000
00000000
25
00000000
22200000
00100000
22212220
01121120
00200110
02000000
00000000
43
00000000
22220000
00220000
22121220
01121120
00200110
02000000
00000000
47
00000000
22220000
00220200
22122220
01121120
00100110
02010000
00000000
52
00000000
22221000
00210200
22122220
01122120
00100220
02010020
00000000
46
00000000
22221000
00210200
22112220
02112120
02110220
02010020
00000000
41
00010000
22211000
00210200
22212220
02212120
02220220
02210020
00000000
11
10010200
21212000
00120200
22212220
02212120
02220220
02210020
00000000
15
10010200
21212000
20120200
22212220
11212120
02220220
02210020
00000000
62
10010200
21211100
22220100
22212120
11212120
02220220
02210020
00000000
83
10010200
21211100
22220101
22212110
11212120
02220220
02220020
00002000
85
10010200
21211100
22220101
22212110
22212111
22220220
02220020
00002000
57
10010200
21211100
22222101
22222110
22212111
22220120
02221020
00002000
67
10010200
21211100
22222101
22222222
22212111
22220110
02221120
00002000
88
10010200
21211100
22222101
22222222
22212211
22220210
02222210
00002201
48
10010200
21211100
22222101
22222222
22212211
22210110
02211210
00222201
73
10010200
21211100
22222111
22222212
22211222
22210112
02211220
00222201
18
12010200
22211100
22222111
22222212
22211222
22110112
01211220
10222201
56
12210200
22221100
22222111
22222212
22211122
22111112
01211220
10222201
17
12210200
12221100
12221111
12212212
12111222
11111122
11211222
10222201
28
12222200
12222200
12222121
12212212
12111222
11111122
11111222
11222201
82
12222202
12222202
12222112
12212112
12111222
11111122
11111222
11222201
72
12222222
11111222
12222122
12212122
12111222
11111122
11111222
11222201
78
