00000000
00000000
00000000
00222000
00021000
00000000
00000000
00000000
33
00000000
00000000
00120000
00222000
00021000
00000000
00000000
00000000
35
00000000
00000000
00120000
00222000
02111000
00000000
00000000
00000000
53
00000000
00000000
00111000
00211000
02121000
00002000
00000000
00000000
46
00000000
00200000
00211000
00211000
02111000
00012000
00000000
00000000
16
00000000
00200000
00211000
00121000
01112000
10012200
00000000
00000000
65
00000000
00200200
00212000
00121000
01111100
10012200
00000000
00000000
47
00000000
00200200
00212000
00221000
01211100
10222200
00010000
00000000
22
00000000
01200200
00112000
00211000
22211100
10222200
00010000
00000000
37
00000000
22200200
00112000
00111000
22111100
10112200
00110000
00000000
77
00000000
22200200
00212000
00121000
22112100
10112200
00110020
00000002
63
00000000
22200200
00221100
00122000
22112200
10112220
00110020
00000002
74
00000000
22200200
00221100
00122010
22212100
12222220
00110020
00000002
67
00000000
22200200
00221100
00122010
22212100
12222120
00112220
00000002
11
10000000
21200200
00121100
00112010
22222220
12222220
00112220
00000002
78
10000000
21200200
00121100
00112012
22212220
12221210
00112110
00000012
17
10000000
21200200
00121100
00112012
22112220
12221210
10222110
00020012
27
10000000
21200200
00121100
02222012
22212220
12121210
11111110
00020012
71
10000010
21200100
02221100
02222012
22212220
12121210
11111110
00020012
85
10000010
21200100
02221100
02222012
22211112
12121222
11111110
00020012
42
12000010
22210100
02221100
02212012
22211112
12121222
11111110
00020012
64
12002010
22220100
02221100
02211112
22211112
12121222
11111110
00020012
31
11102010
22110200
02122220
02111222
22112122
12121222
11111110
00020012
72
11102010
22110210
02122110
02111212
22112112
12222222
11122210
00022012
38
11102010
22110210
02122110
02111212
22112112
12221222
11112220
00122222
14
11102010
22110222
01122120
11111212
11112112
12121222
11112220
00122222
52
11102010
22111222
22222220
12111212
11212112
12121222
11112220
00122222
87
11102010
22111222
22222220
12111212
11212112
12121212
12211111
02222222
81
11102211
22112212
22222120
12111212
11212112
12121212
12211111
02222222
18
11122211
22222212
22222120
12111212
11212112
12121212
11211111
12222222
83
