00000000
00000000
00000000
00021000
00012000
00000000
00000000
00000000
56
00000000
00000000
00000000
00021000
00012000
00001200
00000000
00000000
34
00000000
00000000
00200000
00121000
00012000
00001200
00000000
00000000
65
00000000
00000000
00200000
00121000
00021100
00022200
00000000
00000000
57
00000000
00000000
02200000
00221000
00021100
00021200
00001000
00000000
24
00000000
00000000
02200000
02111000
20021100
00021200
00001000
00000000
67
00000000
00000000
02200000
02211000
20221100
00021100
00001100
00000000
13
00000000
00000000
12200000
22211000
20121100
00011100
00001100
00000000
36
00000000
00000000
12200000
22221000
20112100
00111200
00001120
00000000
16
00000000
00000000
12202000
12222000
10112100
10111200
00001120
00000000
12
00000000
10000000
11202000
12122000
10112220
10111200
00001120
00000000
87
00000000
10000000
11202000
12122000
12222220
10111200
00001111
00000000
43
00000000
10000000
11112000
12112000
12212220
10111200
00002111
00020000
68
00000000
10020000
11212000
12112000
12212220
10111200
00001111
00020100
62
00000020
10020200
11212000
12122000
12212220
10111200
00001111
00020100
26
00000020
10020200
11212000
11122000
11222220
11122200
00021111
00020100
37
00000020
10020200
11212000
11122000
11222220
11222200
02111111
00020100
84
00000020
10020200
11212000
11122001
11222210
11222100
02211111
02020100
32
00000020
12220200
12212000
12122001
12222210
12222100
02211111
02020100
11
10000020
11220200
12112000
12112001
12221222
12222100
02211111
02020100
64
10000020
11220200
12112000
12111101
12221122
12222100
02221111
02220100
86
10000020
11220200
12112020
12111201
12222111
12222101
02221111
02220100
21
11000020
11122200
12122020
12211201
12222111
12222101
02221111
02220100
31
11102020
11122200
12221020
12211101
12222111
12222101
02221111
02220100
72
11102020
11111110
12222220
12212101
12222111
12222101
02221111
02220100
83
11102020
11111110
11111111
12212101
12222111
12222201
02221121
02220102
58
11102020
11111110
11111111
12212101
11222211
12122221
02211121
02221102
17
11102022
11111120
11111211
12212101
11122211
11122221
11111121
02221102
18
11102222
11112220
11121211
12212101
11122211
11122221
11111121
11111102
74
11122222
11122220
11121211
12212111
11122111
11121221
11111121
11111102
78
