00000000
00000000
00000000
00021000
00012000
00000000
00000000
00000000
65
00000000
00000000
00000000
00021000
00021100
00020000
00000000
00000000
35
00000000
00000000
00000000
00021000
00112100
00020200
00000000
00000000
67
00000000
00000000
00000000
00021000
02222100
00020100
00000100
00000000
15
00000000
00000000
00000000
00021000
11112100
00020200
00000120
00000000
34
00000000
00000000
00000000
00111200
11112200
00020200
00000120
00000000
88
00000000
00000000
00000000
00111200
11111200
00020200
00000210
00000201
73
00000000
00000000
00000210
00111200
11111200
00020200
00000210
00000201
76
00000000
00000000
00000210
02222200
11211100
00020210
00000210
00000201
43
00000000
00000002
00010220
02111200
11211100
00020210
00000210
00000201
72
00000000
00000012
00010120
02111200
11211100
00020210
00000222
00000201
23
00000000
00000012
01010120
01111200
11211102
00020220
00000222
00000201
37
00000000
00000012
01010120
22222200
11211102
00010220
00100222
00000201
53
00000000
00000012
01011120
22221200
11221102
00020220
00120222
00000201
33
00000000
02000012
01211120
21221200
11222102
00020220
00120222
00000201
42
00000000
02010222
01112220
21221200
11222102
00020220
00120222
00000201
81
00000001
02010212
01112120
21221200
12222102
00220220
00120222
00000201
52
00000001
02011112
01111120
21221200
12222102
00220220
00220222
00200201
16
00000021
02011222
01112120
21121200
11222102
10220220
00220222
00200201
21
01000021
21011222
02112120
21221200
11222102
10220220
00220222
00200201
58
01000021
22222222
02222120
21222200
11222202
10120220
00210222
00201201
31
01100021
22122222
02122120
21122200
11122202
10220220
02210222
00201201
83
01100021
22122221
02122111
21122200
11122202
10220220
02220222
00222201
18
01100021
22122221
02122111
22121200
12212202
12220220
01220222
10222201
57
01120021
22222221
02122111
22121200
12212202
12220220
01111222
10222201
13
22220021
22222221
11222111
11121200
12112202
12210220
01111222
10222201
61
22220111
22221111
11212111
11121200
12112202
12220220
02211222
12222201
74
22222111
22222111
11212111
11121110
12112202
12220220
02211222
12222201
56
22222111
22222111
11212111
11121210
12222222
11111220
02211222
12222201
86
22222111
22222211
11212121
11121222
12222222
11111111
02211221
12222201
17
22222111
22222211
11212121
11121222
12222222
11111111
11111221
12222201
78
