00000000
00000000
00020000
00022000
00021000
00000000
00000000
00000000
33
00000000
00000000
00120000
00012000
00022200
00000000
00000000
00000000
64
00000000
02000000
00220000
00021100
00022200
00000000
00000000
00000000
76
00000000
02000000
00220200
00022100
00022100
00000010
00000000
00000000
62
00000000
02000100
00220100
00022220
00022100
00000010
00000000
00000000
32
00000000
02100100
00210100
00021220
00022220
00000010
00000000
00000000
66
00000000
02100100
00210100
00021120
00022220
00002110
00000000
00000000
36
00000000
02100100
00210100
00021120
00012220
00102220
00000020
00000000
23
00000000
02220100
01120100
00021120
00012220
00102220
00000020
00000000
87
00000000
02220100
01120100
00021120
00022120
00122210
00000021
00000000
84
00000000
02220100
01120100
00021111
00022120
00122222
00000021
00000000
88
00000000
02220100
01120102
00011121
00021220
00122122
00000011
00000001
85
00000000
02220100
01120102
00011111
00021111
02222121
00000011
00000001
27
00000000
02220100
22220102
00011111
00011111
02122121
01000011
00000001
41
00010000
02210100
22222102
00012111
00012111
02122121
01000011
00000001
14
00012000
02120100
21222102
10012111
00012111
02122121
01000011
00000001
47
00012000
02120100
21222102
20012111
20012111
02111121
01010011
00000001
31
00112000
02110100
21221102
20012111
20012111
02121121
01210011
00000001
67
00112000
02110120
21221202
20012111
20012111
02121111
01210111
00000001
61
00111100
02110120
21221202
20012111
20012111
02122111
01222111
00000001
25
00111100
02110120
21221202
20012111
21012111
22222111
01222111
00000001
38
00111100
02110120
21221202
20012111
21012111
22221111
01222111
00120001
34
00111100
02110120
21121202
20112211
21012211
22221211
01222211
00120201
73
00111100
02110120
21121112
20112211
21012211
22221211
22222211
00120201
78
02111100
02210120
21121112
20112211
21012211
22221211
22222111
00120211
35
02111100
02222220
21122112
20112211
21112211
22121211
22122111
00120211
71
02222222
02222120
21121212
20112211
21112211
22121211
22122111
00120211
58
02222222
02222120
21121212
20112211
21112211
22121211
22211111
02111111
82
02222222
02222111
22221211
22222211
22212211
22121211
22211111
02111111
18
02222222
02222111
22221211
22222211
22212211
22121211
21211111
11111111
12
