00000000
00000000
00000000
00021000
00012000
00000000
00000000
00000000
43
00000000
00000000
00012000
00012000
00012000
00000000
00000000
00000000
66
00000000
00000000
00012000
00022000
00211000
00000100
00000000
00000000
33
00000000
00000000
02222000
00012000
00211000
00000100
00000000
00000000
64
00000000
00000000
02222000
00012100
00222200
00000100
00000000
00000000
22
00000000
01000000
02122000
00012100
00222200
00000200
00000020
00000000
26
00000000
01000000
02122000
00022100
00222200
02000200
20000020
00000000
88
00000000
01000000
02122000
00012100
00221200
02000200
20000210
00000001
68
00000000
01000000
02122000
00222100
00221100
02000100
20000110
00000101
52
00000200
01002000
02121000
00221100
00221100
02000100
20000110
00000101
51
00001200
01001000
02121000
00221100
00222220
02000100
20000110
00000101
46
00001200
01001000
02122200
00222200
00221220
02010100
20000110
00000101
74
00001200
01001000
02122100
00222222
00221220
02010100
20000110
00000101
24
00001200
01001000
01122100
22222222
00121220
02010100
20000110
00000101
13
00001200
01001000
11122100
21222222
00122220
02020100
20200110
00000101
85
00001200
01001000
11122100
21222212
00111122
02020102
20200110
00000101
42
00001200
01011000
11112220
21212222
00111122
02020102
20200110
00000101
25
00001200
01211000
12122220
21112222
01111122
02020102
20200110
00000101
57
00022200
01222000
12122220
21112222
01111122
02010102
20201110
00000101
31
00122200
01122000
12122220
21212222
01122222
02012102
20201110
00000101
83
00122200
01122020
12111221
21212222
01122222
02012102
20201110
00000101
15
00122200
01122020
12111221
11212222
11222222
02222102
20201110
00000101
48
00122200
22222020
12111221
11212222
11222222
01222102
20101110
00010101
62
00122200
22222120
22111121
21212122
22222122
22222102
20101110
00010101
81
00122201
22222110
22111121
21212122
22222122
22222102
20101210
00010121
87
00122221
22222220
22112121
21222121
22222121
22222101
20101211
00010121
47
00122221
22222220
22112121
21212121
22212121
22211101
22222211
00010121
18
00122221
22222220
22112121
21212121
22212121
22111101
22222211
10210121
28
02222221
22222220
22112121
21212121
21212121
21111101
21122211
11110121
11
11111111
11222220
12112121
11212121
11212221
11111121
11122221
11110121
58
11111111
11222220
12112121
11212121
11212221
11111111
11111121
11111121
82
