00000000
00000000
00020000
00022000
00021000
00000000
00000000
00000000
33
00000000
00000000
00120000
00012000
00022000
00002000
00000000
00000000
53
00000000
02000000
00211000
00022000
00022000
00002000
00000000
00000000
57
00000000
02000200
00212000
00021000
00021000
00001000
00001000
00000000
63
00000000
02000200
00211100
00021000
00021000
00002000
00001200
00000000
23
00000000
02000200
01111100
00021000
00021000
00002000
00002200
00002000
61
00000100
02000100
01111100
00021000
00022200
00002000
00002200
00002000
34
00000100
02200100
01121100
00112000
00022200
00002000
00002200
00002000
41
00010100
02100100
01122220
00112000
00022200
00002000
00002200
00002000
42
00010120
02110200
01112220
00112000
00022200
00002000
00002200
00002000
46
00012220
02110200
01112220
00112000
00012200
00012000
00002200
00002000
83
00012220
22110200
02111111
00212000
00022200
00012000
00002200
00002000
35
02012220
22210200
02121111
00112000
00122200
00012000
00002200
00002000
14
02012220
22110200
01121111
10112000
00122200
00022000
00202200
00002000
47
02012220
22110200
01121111
10212000
02222200
00012000
00212200
00002000
81
02011111
22110220
01121211
10212000
02222200
00012000
00212200
00002000
11
12011111
22110220
02121211
12212000
02222200
00012000
00212200
00002000
13
12011111
12110220
11121221
11212002
02122200
00012000
00212200
00002000
15
12011111
12110220
11121221
11212002
11122200
00012000
00222200
00202000
68
12011111
12110220
11121221
11212002
11222200
00222000
00221200
00202100
27
12011111
12110210
11121121
11211002
11212200
00122000
01121200
00222100
76
12011111
12110210
11121121
11211002
11212102
00122020
01121200
00222100
78
12011111
12110210
11121221
11222202
11212102
00121020
01121100
00222110
86
12011111
12110210
11121221
11222221
11212201
00122021
01121100
00222110
26
12011111
12110210
12121221
12212221
12112201
02122021
02221100
02222110
75
12011111
12222210
12122211
12212111
12111111
02122021
02221100
02222110
31
11111111
11112210
12121211
12212111
12111111
02122021
02222220
02222110
17
11111111
11112210
12121211
12212111
12111111
01122021
12222220
02222222
66
11111111
11112222
12121221
12212211
12112111
01121111
12222220
02222222
18
11111111
11112222
12121222
12212212
12112212
01121122
11222222
12222222
16
