00000000
00000000
00000000
00021000
00012000
00000000
00000000
00000000
65
00000000
00000000
00000000
00021000
00021100
00020000
00000000
00000000
34
00000000
00000000
00000000
00111000
00022220
00020000
00000000
00000000
66
00000000
00000000
00020000
00122000
00021220
00020100
00000000
00000000
84
00000000
00000000
00020000
00122001
00022210
00022100
00000000
00000000
35
00000000
00000000
00020000
00122001
00111210
00022220
00000000
00000000
57
00000000
00000000
00020000
02222001
00111210
00011120
00001000
00000000
74
00000000
00000000
00020020
02222021
00111120
00011120
00001000
00000000
53
00000000
00000000
00021020
02222221
00111120
00011120
00001000
00000000
32
00000000
00120000
00022020
02221221
00111120
00011120
00001000
00000000
14
00000000
02220000
00022020
11111221
00111120
00011120
00001000
00000000
85
00000000
02220000
00022020
11211221
02111111
00011120
00001000
00000000
23
00000000
02220000
01022020
11111221
02111211
00011220
00001200
00000000
77
00000000
02220000
01022020
11111221
02111221
00011112
00001110
00000000
72
00000000
02220010
01022010
11111211
02111211
00222222
00001110
00000000
62
00000000
02220110
01021010
11111211
02111211
00222222
00001220
00000020
33
00000000
02220110
01111010
11111211
02111211
00222222
00022220
00000020
31
00100000
02222110
01122010
11212211
02112211
00222222
00022220
00000020
58
00100000
02222110
01122010
11212211
02112211
20122212
00012120
00001020
12
00100000
11111110
01122010
11212211
02112211
20122212
00012220
00001220
48
00100000
11111110
22222010
12212211
02212211
20122112
00011220
00011220
63
00100000
11111110
22222110
12211111
02212111
20122112
00021220
00222220
88
02100000
12211110
22222110
12211111
02212111
20122112
00021210
00222221
87
02100200
12212210
22222210
12211211
02212211
20122211
00021211
00222221
11
11100202
11212220
22122210
12211211
02212211
20122211
00021211
00222221
41
11110202
11111220
21122210
12212211
02222211
20222211
02021211
00222221
26
11110202
11111220
21122210
11222211
01222211
22111111
22021211
00222221
28
11110202
11111220
21122210
11222211
01222211
21221111
22221211
01111111
51
11111202
11111120
21122222
11222221
01222211
21221111
22221211
01111111
82
11111202
11111111
21122211
21222121
22221211
21211111
22121211
01111111
18
