00000000
00000000
00000000
00021000
00012000
00000000
00000000
00000000
34
00000000
00000000
00200000
00121000
00012000
00000000
00000000
00000000
43
00000000
00000000
00222000
00112000
00012000
00000000
00000000
00000000
64
00000000
00000000
00222000
00221100
00222000
00000000
00000000
00000000
32
00200000
00200000
00212000
00221100
00222000
00000000
00000000
00000000
21
01200000
00100000
00212000
00222220
00222000
00000000
00000000
00000000
46
01200000
00100000
00212000
00212220
00212000
00020000
00200000
00000000
22
01200000
01102000
00122000
00212220
00212000
00020000
00200000
00000000
66
01200000
01102000
02222000
00212220
00211000
00020100
00200000
00000000
84
01200000
01102000
02222000
00221111
00212000
00020200
00200020
00000000
88
01200000
01102000
02122020
00211211
00212000
00020100
00200010
00000001
25
01200000
02102000
22122020
00211211
01112000
00020100
00200010
00000001
63
01200000
02102000
22111220
00211221
01112002
00020100
00200010
00000001
12
01200000
11102000
21111220
00111221
22222002
00020100
00200010
00000001
16
01200000
11122000
21122220
00121221
21222002
10020100
00200010
00000001
36
01200000
11122000
21122222
00121222
21112002
10120100
00200010
00000001
72
01200020
11122020
21122122
00121222
21112002
10120100
00200010
00000001
62
01200020
11111120
21121222
00112222
21122002
10220100
02200010
00000001
56
01200020
11111120
21121222
20111222
22111002
10221100
02200010
00000001
81
01200021
11111110
21121122
22222222
22211002
10221100
02200010
00000001
47
01200021
11111110
21121122
22222222
22222202
10211100
02210010
00000001
82
01200021
11111111
21121112
22222122
22221202
10222220
02210010
00000001
28
01200021
11111111
21121112
22222122
22221202
10212220
02120010
01002001
57
01200221
11112221
21121212
22222222
22221202
10211220
02111010
01002001
41
01110221
11112221
21121212
22222222
22221202
20211220
22111010
01002001
75
01110221
11112221
21121212
22222112
22221212
20211120
22111012
01002001
86
01110221
11112221
21121211
22222111
22221211
20221111
22112011
01002201
48
01112221
11122221
21221211
22222111
22221211
20221111
22111011
01012201
26
01112221
11122221
21221211
21212111
21121211
21211111
22111011
21012201
78
01112221
11122221
21221211
21212111
21121211
21212111
22221011
22211111
67
