00000000
00000000
00000000
00021000
00012000
00000000
00000000
00000000
56
00000000
00000000
00000000
00021000
00021000
00021000
00000000
00000000
35
00000000
00000000
00000000
00021000
00211000
02021000
00000000
00000000
43
00000000
00000000
00010000
00011200
00212000
02021000
00000000
00000000
65
00000000
00000000
00012000
00021200
00211100
02021000
00000000
00000000
25
00000000
00000000
00012000
02021200
02211100
02021000
00000000
00000000
33
00000000
00000000
00112000
02012200
02212100
02022000
00002000
00000000
62
00000000
00002100
00112000
02012200
02212100
02022000
00002000
00000000
15
00000000
00002100
02222000
02012200
12112100
02022000
00002000
00000000
22
00000000
01002100
02122000
02012220
12112200
02022000
00002000
00000000
63
00000200
01002200
02111200
02011220
12112200
02022000
00002000
00000000
71
00000222
01002100
02111200
02011220
12112200
02022000
00002000
00000000
66
00000222
01002100
02111100
02011120
12222220
02022200
00002000
00000000
76
00000222
01002100
02121100
02222220
12222120
02022210
00002000
00000000
83
00000222
01002100
02121201
02222220
12222122
02022210
00002000
00000000
36
00000222
01002100
02121201
02122220
12122222
02111120
00002002
00000000
14
20000222
02002100
02221201
11122220
11122222
02111120
00002002
00000000
72
20000222
02002110
02221101
11121220
11122222
02122120
00022002
00000000
86
20000222
02002120
02222221
11121220
11122212
02122111
00022002
00000000
16
20000222
02002120
02222221
11221220
11222212
11222111
00222002
00000000
13
20000222
02202120
11221111
11222220
11222212
11222111
00222002
00000000
58
20000222
02202120
11221111
11221220
11221212
11122111
00221002
00201000
82
20000222
02202112
11221112
11221222
11221212
11122111
00221002
00201000
67
20000222
02202122
12221212
12122222
12221212
12221111
02221102
00201000
21
21000222
02102122
12211212
12121222
12222122
12221221
02222222
00201000
17
21020222
02202122
12211212
12111222
12122122
11221221
12222222
00201000
78
21020222
02202122
12211212
12111212
12122112
11221211
12222212
00201210
48
21020222
02202122
12211212
12111212
12112112
11221111
12211212
02211210
42
21020222
02211122
12111212
11111212
12112112
11221211
12211222
02211222
18
22220222
02221122
12112212
11111212
12112112
11121211
11211222
11111222
12
