00000000
00000000
00020000
00022000
00021000
00000000
00000000
00000000
33
00000000
00000000
00120000
00222000
00021000
00000000
00000000
00000000
53
00000000
00000000
00111000
00221000
00022200
00000000
00000000
00000000
66
00000000
00200000
00221000
00212000
00021200
00000100
00000000
00000000
75
00000000
00200000
00222200
00212000
00021110
00000100
00000000
00000000
52
00000000
00201000
00221200
00212000
00021210
00000120
00000000
00000000
73
00000200
00202000
00221110
00212000
00021210
00000120
00000000
00000000
35
00000200
00202000
00221110
00212000
00111210
00000220
00000200
00000000
41
00010200
00201020
00221210
00212000
00111210
00000220
00000200
00000000
81
00010201
00201010
00221110
00211020
00111220
00000220
00000200
00000000
85
00010221
00201020
00221120
00211020
00111121
00000220
00000200
00000000
68
00010221
00201020
00221220
00212020
00221121
00200120
00000100
00000100
46
00010221
00201020
00221220
00212020
00211121
00220220
00002100
00000100
21
01210221
00201020
00211220
00211020
00211121
00220220
00002100
00000100
77
01210221
00221020
00221220
00221020
00221121
00220120
00002110
00000100
27
01210221
00221020
00221220
00221020
00211121
00120120
01002222
00000100
25
01210221
00221020
00211220
02221020
01211121
00120120
01002222
00000100
23
01210221
02221020
01211220
01121020
01211121
00120120
01002222
00000100
48
01210221
02221020
02211220
02121020
02211121
02220120
01001222
00010100
11
11210221
01221020
02111220
02111020
02211121
02220120
01022222
00010100
13
11210221
01221020
12111220
21111020
02111121
02210120
01021222
00010100
88
11210221
01221020
12111220
21111020
02111121
02210120
02021212
20010101
86
11210221
22221020
22111220
21111020
02111121
02210111
02021211
20010101
15
11210221
12222020
12121220
11211020
12111121
22210111
02021211
20010101
17
11210221
12222020
12121220
11211020
12111121
11210121
12021221
20010121
51
11211111
12211020
12121220
11211020
12121221
11222221
12021221
20010121
38
11211111
12211020
12121220
11211020
12121221
12222221
12021221
22110121
84
11211111
12221020
12122220
11222221
12122211
12222121
12021221
22110121
83
11211111
12222210
12112211
11222211
12122111
12221121
12011221
22110121
37
11211111
12222222
12112221
11222211
12122111
11121121
11211221
22110121
58
