00000000
00000000
00000000
00021000
00012000
00000000
00000000
00000000
56
00000000
00000000
00000000
00021000
00012000
00001200
00000000
00000000
43
00000000
00000000
00012000
00012000
00012000
00001200
00000000
00000000
76
00000000
00000000
00012000
00012000
00012000
00002110
00002000
00000000
65
00000000
00000000
00012000
00011020
00011200
00002110
00002000
00000000
67
00000000
00000000
00012000
00011020
00011220
00001210
00002100
00000000
52
00000000
00201000
00021000
00012020
00011220
00001210
00002100
00000000
33
00000000
00201000
00111000
00012020
00011220
00001210
00002200
00000200
85
00000000
00201000
00111000
00012020
00011111
00001222
00002200
00000200
31
02100000
00201000
00121000
00012020
00011111
00001222
00002200
00000200
78
02220000
00201000
00121000
00012020
00011111
00001222
00002100
00000210
83
02220000
00201000
02221001
00012010
00011111
00001222
00002100
00000210
13
02220000
00201000
11111001
00012010
00021111
00201222
00002100
00000210
48
02220000
00201000
11111021
00012020
00021121
00201122
00001100
00010210
64
02220000
00201000
11111021
00011120
00021121
00201122
00001200
00012210
46
02220000
00201000
11111021
00011120
00222221
00221122
00002200
00012210
26
02220000
00202000
11111221
00012220
00122221
01111122
00002200
00012210
51
02221000
00201000
11111221
00012220
00122221
01122122
00022200
00012210
38
02221000
00201000
11211221
00222210
00122121
01121122
00012200
00112210
72
02221000
00201210
11212211
00221210
00112121
01121122
00012200
00112210
61
02221100
00201110
11212111
00221110
00212121
02121122
20012200
00112210
87
02221100
00201110
11212111
00221110
02212121
02221111
20022201
00112210
24
02221100
00201110
11212111
02111110
22212121
02221111
20022201
00112210
11
11111100
00201110
11212111
02111110
22212121
02221221
20022221
00112210
22
11111100
01221110
11222111
02121110
22222121
02221221
20022221
00112210
88
11111100
01221110
12122111
22111110
22221121
02221121
20022211
00112211
27
11111100
01221110
11122111
21111110
21211121
02221121
22222211
00112211
84
11111100
01221110
11122111
21211111
22211111
22221121
22222211
00112211
28
11111120
01221220
11122121
21211121
21211121
21211121
21122211
01112211
81
11111111
01221222
11122121
21211121
21211121
21211121
21122211
01112211
18
