00000000
00000000
00000000
00012000
00022000
00002000
00000000
00000000
66
00000000
00000000
00000000
00012000
00021000
00002220
00000000
00000000
57
00000000
00000000
00000000
00012000
00022200
00001220
00001000
00000000
86
00000000
00000000
00200000
00022000
00022200
00001111
00001000
00000000
22
00000000
01000000
00100000
00012000
00021200
00001121
00001002
00000000
74
00000000
01000000
00120000
00022010
00021100
00001121
00001002
00000000
35
00000000
01000000
00120000
00022010
00112100
00002121
00002002
00002000
47
00000000
01000000
00120000
00022010
00112100
00001121
00222002
00002000
38
00000000
01000000
02220000
00022010
00112100
00001121
00212002
00102000
36
20000000
02000000
02220000
00022010
00112100
00101121
00112002
00102000
48
20000000
02000000
02220000
00022010
00112100
00101121
00111002
02222000
88
20000000
02000000
02220000
00022010
02222100
00201121
00121001
02222001
34
20000000
02000000
02220000
00122010
02112100
00101221
00121021
02222001
42
20000000
02012000
02220000
00212010
02112100
00101221
00121021
02222001
24
20000000
02012000
02120002
01112020
02112200
00102221
00121021
02222001
15
20000000
02012000
02120002
01122020
11122200
00122221
00221021
02222001
21
21000000
01012000
01120002
01122020
11122200
00222221
02221021
02222001
17
21020000
01022000
01120002
01122020
11122200
00222221
11111021
02222001
26
21020000
21022000
02120002
01222020
11122200
01111111
11111021
02222001
64
21020000
21022000
02120202
01112120
11121100
01111111
11111021
02222001
67
22220000
21022000
02120202
01112120
11121100
01111111
11111111
02222001
84
22220000
21022000
02120202
01112111
11121100
01112111
11111211
02222021
53
22220000
21022000
02111222
01111211
11122100
01122111
11211211
02222021
68
22220000
21022000
02111222
01111221
11122220
01122211
11212111
02222111
61
22220100
22221000
02221222
01212221
11222220
01222211
11212111
02222111
18
22220100
22221000
02221222
22212221
12222220
01222211
11212111
11111111
72
22222100
22222010
02222112
22212211
12212210
01122211
11212111
11111111
16
22222220
22221010
02212112
22112211
11212210
11122211
11212111
11111111
62
22222220
22222222
02211122
22112211
11212210
11122211
11212111
11111111
13
22222220
22222222
11111222
11112222
11112222
11112211
11211111
11111111
81
