00000000
00000000
00000000
00012000
00022000
00002000
00000000
00000000
64
00000000
00000000
00020000
00021100
00022000
00002000
00000000
00000000
32
00000000
00100000
00010200
00022100
00022000
00002000
00000000
00000000
65
00000000
00100000
00010200
00022220
00022200
00002000
00000000
00000000
76
00000000
00100000
00010200
00021220
00022200
00002210
00000000
00000000
72
00000000
00100210
00010200
00021220
00022200
00002210
00000000
00000000
52
00000000
00101110
00010200
00021220
00022200
00002220
00000002
00000000
67
00000000
00101110
00010120
00021220
00022100
00002120
00000102
00000000
85
00000000
00101110
00010120
00021210
00022101
00002110
00000202
00000020
68
00000000
00101110
00010120
00021210
00022101
00002110
00000102
00002220
83
00000000
00101110
00010111
00021222
00022101
00002110
00000102
00002220
34
00000000
00101110
00010111
00111222
00012221
00001110
00000102
00002220
46
00000000
00101110
00010111
00111122
00222221
00011110
00000102
00002220
26
02000000
00201110
00020111
00112122
00122221
01011110
00000102
00002220
86
02000000
00201110
00020111
02222122
00122211
01011111
00000102
00002220
42
02000000
00211110
00010111
02212122
00112211
01012111
00020102
00002220
22
02000000
01111110
00210111
02222122
00112211
01012111
00020102
00002220
15
02000200
01112210
00120211
01222222
10112211
01012111
00020102
00002220
53
02000200
02112210
02111111
01212122
10112211
01012111
00020102
00002220
57
02000200
02112210
02112111
01221122
10211211
02011111
20021102
00002220
13
02000200
02112210
11112111
01221122
10211221
02011211
20022102
00022220
41
02010200
22111210
12112111
01221122
10211221
02011211
20022102
00022220
51
02011220
22111220
12112121
01221122
10211221
02011211
20022102
00022220
38
02011220
22111222
12112122
01221122
10211221
02011211
20012102
00122220
37
02222220
22221222
12212122
01221122
10211221
01011211
20112102
00122220
25
02222220
22221222
12212122
01121222
11112221
01021211
20212102
02222220
81
02222221
22221211
12212121
01121221
11112221
01021221
20212222
02222220
36
02222221
22222211
12222121
01221221
12112221
22222221
20212222
02222220
88
02222221
22222211
22222121
22221221
22112221
22222221
20212221
02222221
11
11111111
21222211
22122121
22211221
22111221
22222121
20212211
02222221
27
11111111
21222211
21122121
21211221
21111221
21122121
21112211
02222221
18
