00000000
00000000
00000000
00012000
00022200
00000000
00000000
00000000
64
00000000
00000000
00200000
00021100
00022200
00000000
00000000
00000000
56
00000000
00000000
00200000
00021100
00022200
00001200
00000000
00000000
74
00000000
00000000
00200000
00021110
00022100
00002200
00002000
00000000
36
00000000
00000000
00200000
00021110
00222100
00102200
00002000
00000000
58
00000000
00000000
00200000
00022222
00221100
00101200
00001000
00001000
43
00000000
00000000
00210000
00021222
00221200
00102200
00021000
00001000
23
00000000
00000000
01110000
00021222
00222200
00122200
00021000
00001000
34
00000000
00020000
01120000
00121222
00122200
00122200
00021000
00001000
67
00000000
00020000
22220000
00121222
00112200
00121200
00021100
00001000
76
00000000
00020000
22220000
02221222
00212100
00121110
00021100
00001000
22
00000000
01020000
22120000
02211222
00211100
00121110
00022220
00001000
25
00000000
01020000
21120000
01212222
01111200
00121120
00022222
00001000
68
00000000
01020000
21120000
22212222
02111200
00211120
00021122
00001100
63
00000000
21020000
22120100
22211122
02111100
00211120
00021122
00001100
86
00000000
21020000
22120100
22211122
02222220
00211111
00021112
00001100
48
00200000
22020000
22120100
22211122
02222220
00211111
00011112
00011100
83
00200000
22020000
22120101
22211112
02222122
00211112
00011112
00011100
37
00200000
22020000
22120121
22111222
02122122
00111112
00111112
00011100
11
10200000
21020000
22120121
22111222
02122122
00121112
00211112
02011100
26
10200000
22220000
22120121
21111222
01122122
01121112
00111112
02011100
53
10200000
22220020
22111221
21112222
01122122
01121112
00111112
02011100
15
10200000
12220020
12111221
12112222
12122122
02221112
02222222
02011100
38
10200000
12220020
12111221
12112222
12122122
02121112
02112222
02222220
71
10200010
12220012
12111222
12112212
12122112
02121112
02112222
02222220
18
10200210
12220022
12111222
12112212
12122112
02121112
01112222
12222220
17
10200210
12222022
12122222
12212212
12122112
01121112
11112222
12222220
88
10200222
12222022
12122222
12212212
12122112
01121112
11112212
11111111
41
10222222
12122022
11212122
12212212
12122112
01121112
11112212
11111111
16
10222222
12122222
11212222
12112212
11122112
11121112
11112212
11111111
21
