00000000
00000000
00000000
00222000
00021000
00000000
00000000
00000000
33
00000000
00000000
00100000
00212000
00022000
00002000
00000000
00000000
35
00000000
02000000
00200000
00122000
00122000
00002000
00000000
00000000
32
00000000
02100000
02100000
00222000
00122000
00002000
00000000
00000000
11
12000000
02100000
02100000
00222000
00122000
00002000
00000000
00000000
14
12000000
02100000
01100000
10222000
02222000
00002000
00000000
00000000
66
12000000
02100000
01200000
10222000
02222000
00002200
00000020
00000000
36
12000000
02220000
01100000
10122000
01122000
00102200
00000020
00000000
41
12010000
22120000
02100000
10222000
01122000
00102200
00000020
00000000
63
12010000
22120000
02102100
10222000
01112000
00102200
00000020
00000000
67
12010000
22120000
02202100
12222000
01112000
00101200
00000120
00000000
52
12010000
22222200
02202100
12221000
01111000
00101200
00000120
00000000
61
12010100
22222220
02202100
12221000
01111000
00101200
00000120
00000000
71
12010110
22222120
02201100
12211000
02111000
20101200
00000120
00000000
65
12010110
22222120
02201100
12211000
02111100
20201100
00020120
00000000
81
12010111
22222110
02201100
12211000
02121100
20202100
00020220
00000020
31
11110111
22112110
02101100
12111000
02121100
20202220
00020220
00000020
68
11110111
22112110
02101200
12111020
02121200
20202120
00020120
00000120
88
11110111
22112110
02101200
12111020
02121200
20202120
00020210
00002111
27
11110111
22112110
02222200
12212020
02111200
20102120
01020210
00002111
86
11110111
22112110
02222200
12212020
02111200
20102111
02020210
00202111
48
11110111
22112110
02222200
12212020
02111200
20102121
02020222
00211111
85
11110111
22111110
02222220
12212010
02111201
20102111
02020122
00211111
57
11110111
22111110
02222220
12212012
02111202
20101112
02021122
00211111
15
11110111
22222222
02122220
11212012
11111202
20101112
02021122
00211111
64
11110111
22212122
02121122
11211122
11111202
20102112
02021122
00211111
46
11110111
22212122
02121122
12211122
12111202
22222222
02011122
00211111
13
11110111
11212122
11121122
11211122
12111202
22222222
02222222
00211111
28
11112111
11212222
11121122
11211122
11111202
21212222
01122222
01111111
17
11112111
11212222
11121122
11211122
11111202
11212222
12122222
21111111
75
