00000000
00000000
00000000
00021000
00012000
00000000
00000000
00000000
65
00000000
00000000
00000000
00021000
00012100
00000200
00000000
00000000
56
00000000
00000000
00000000
00022200
00011200
00001200
00000000
00000000
53
00000000
00000000
00001000
00021200
00222200
00001200
00000000
00000000
76
00000000
00000200
00002000
00021200
00222100
00001110
00000000
00000000
33
00000000
00000200
00122000
00021200
00221100
00001110
00000000
00000000
73
00000000
00000200
00122010
00021100
00221100
00002110
00000200
00000000
34
00000000
00000200
00122010
00111200
00222220
00002110
00000200
00000000
74
00000000
00000200
00122010
00111110
00222210
00002210
00000220
00000000
68
00000000
00000200
00122010
00111110
00222110
00002110
00002220
00000100
36
00000000
00000200
00122010
00111110
00112222
00102120
00002220
00000100
88
00000000
00000200
00122012
00111120
00112222
00102120
00002210
00000101
52
00000000
00001200
02111012
00211120
00122222
00102120
00002210
00000101
51
00001000
00201100
02221012
00212120
00122222
00102120
00002210
00000101
46
00001000
00201100
02222222
00212220
00111222
00111120
00001210
00000101
12
00001000
10201100
01222222
02222220
00111222
00111120
00001210
00000101
25
00001200
10201200
01212222
01122220
01111222
00111120
00001210
00000101
78
00001200
10201200
01212222
01222220
01212222
00221120
00201110
00000111
27
00001200
10201200
02212222
22222220
01212222
00121120
01201110
00000111
47
00001200
10201200
02212222
22222220
02212222
02222220
01111110
00000111
84
00001200
10201120
02212222
22222221
02212212
02222120
01111110
00000111
42
00001200
10211120
02211222
22222121
02212212
02222120
01221110
00020111
15
00001200
10211120
02111222
21222121
11112212
02222120
01222210
00022111
21
01001200
10111120
02111222
21222121
11112212
02222120
02222210
02022111
86
01022200
10222120
02121222
21222121
11112211
02222111
02222210
02022111
81
01022201
10222110
02121122
21221122
11112212
02222122
02222222
02022111
82
01022221
10222221
02122121
21221121
11112211
02222121
02222221
02022111
17
01022221
10222221
02122121
21221121
11112211
01222121
11221111
02222111
18
01022221
10222221
22122121
22221121
11212211
01222121
11221111
11111111
22
01222221
12221111
21222121
21221121
11212211
01222121
11221111
11111111
11
