00000000
00000000
00000000
00012000
00022000
00002000
00000000
00000000
64
00000000
00000000
00000020
00011200
00022000
00002000
00000000
00000000
66
00000000
00000000
00000020
00011200
00022200
00002100
00000000
00000000
76
00000000
00000000
00000020
00011200
00022200
00002210
00000200
00000000
36
00000000
00000000
00000020
00011200
00012202
00102220
00000200
00000000
77
00000000
00000000
00002020
00012200
00012202
00102120
00000210
00000000
62
00000000
00000100
00001020
00012200
00012202
00102120
00000222
00000000
88
00000000
00020100
00002020
00012200
00012202
00102120
00000212
00000001
75
00000000
00020100
00002020
00012220
00011212
00102110
00000212
00000001
57
00000000
00020100
00002020
00012220
00011212
00102110
00022222
00000001
52
00000000
00021100
00001020
00011222
00011222
00102210
00022222
00000001
78
00000000
00021100
00001020
00011222
00011222
00101222
00022112
00000011
72
00000000
00021110
00001010
00011212
00012212
00122212
00022112
00000011
31
00100000
00011110
00001010
00222212
00022212
00122212
00022112
00000011
63
00100000
00011110
00001110
00221112
02012112
00222112
00022112
00000011
38
00100000
00011110
00001110
00221112
02012112
00221112
00012122
00100211
83
00100000
00011110
00001111
00221111
02012111
00221111
00222121
00100211
33
00102000
00012110
00102111
00212111
02012111
00222111
00222121
00100211
26
00102200
00012210
00102211
00212211
02012211
01111211
00222221
00100211
58
00102202
00012220
00102211
00212211
02012211
01111211
00211121
00101111
71
00102212
00012110
00101211
00212211
02022211
02211211
02211121
00101111
14
00102212
00012110
00122211
10222211
01022211
02111211
02211121
00101111
18
00102212
02012110
00222211
10222211
01022211
02111211
01211121
10101111
11
10102212
01222110
00222211
10212211
01021211
02111111
01211111
10101111
41
10111112
01222222
00212121
10212211
01021211
02111111
01211111
10101111
24
10111112
01212222
02222121
12212211
02021211
02111111
01211111
10101111
16
10111112
01211222
02212121
12112211
02021211
12111111
02211111
12101111
21
11111112
22222222
02212121
12112211
02021211
12111111
02211111
12101111
17
11111112
22222222
02212121
12222211
02221211
12111111
11111111
12101111
13
11111112
11222222
11112121
11222211
02121211
12121111
11221111
12221111
15
