00000000
00000000
00000000
00021000
00012000
00000000
00000000
00000000
43
00000000
00000000
00012000
00012000
00012000
00000000
00000000
00000000
64
00000000
00000000
00012020
00011200
00012000
00000000
00000000
00000000
62
00000000
00000100
00011020
00011200
00222000
00000000
00000000
00000000
26
00000000
00002100
00012020
00012200
00122000
01000000
00000000
00000000
42
00000000
00011100
00012020
00012200
02222000
01000000
00000000
00000000
65
00200000
00021100
00012020
00011200
02222100
01000000
00000000
00000000
15
00200000
00021100
00012020
00012200
11112100
01002000
00000000
00000000
74
00200020
00021200
00012020
00011110
11112100
01002000
00000000
00000000
72
00200020
00021110
00022010
00021110
11122100
01022000
00000000
00000000
36
00200020
00021120
00022020
00021220
11112220
01122000
00000000
00000000
67
00202020
00022220
00022020
00021220
11112220
01121000
00000100
00000000
41
00212020
00022220
00222020
00021220
11112220
01121000
00000100
00000000
34
00212020
00022220
00222020
00121220
11212220
02121000
20000100
00000000
83
00212020
00022220
00222021
00121210
11212120
02221000
20200100
00000000
48
00212020
00022220
00222221
00122210
11222120
01221000
20100100
00010000
82
00212020
00022221
00222211
00222110
12221120
22211000
20100100
00010000
86
00212020
00022221
00222221
00222222
12221110
22211001
20100100
00010000
32
00212020
00111111
00112221
20121222
22121110
22111001
20100100
00010000
21
01112020
00121111
00212221
22221222
22121110
22111001
20100100
00010000
61
01111120
00121111
00212221
22221222
22122222
22111001
20100100
00010000
76
01111120
00121111
00212211
22221212
22122112
22111012
20100102
00010000
88
01111120
00121111
00212211
22221211
22222111
22211011
20200101
00210001
81
01111111
00121111
00212211
22221211
22222211
22222211
20200101
00210001
27
01111111
02221111
00212211
22221211
22212211
22122211
21200101
00210001
13
01111111
01221111
10212211
22221211
22212211
22122211
22200101
02210001
18
01111111
01221111
10212211
12221211
12212211
12222211
11220101
11110001
57
21111111
02221111
10212211
11221211
12111211
12211111
11111101
11110001
12
21111111
11111111
10212211
11221211
12111211
12211211
11111201
11110201
58
21111111
11111111
10212211
11221211
12121211
12212211
11111201
11111221
23
21111111
11111111
11112211
11221211
12121211
12212211
11111201
11111221
77
