00000000
00000000
00000000
00021000
00012000
00000000
00000000
00000000
65
00000000
00000000
00000000
00021000
00012100
00000200
00000000
00000000
34
00000000
00000000
00200000
00121000
00012100
00000200
00000000
00000000
43
00000000
00000000
00210000
00111200
00012200
00000200
00000000
00000000
77
00000000
00000000
00210000
02222200
00011200
00000100
00000010
00000000
22
00000000
01002000
00120000
02212200
00011200
00000100
00000010
00000000
75
00000000
01002000
00120000
02212200
00021110
00200100
00000010
00000000
42
00002000
01022000
00210000
02212200
00021110
00200100
00000010
00000000
73
00002000
01022000
00210010
02212100
00022222
00200100
00000010
00000000
61
20002100
02021000
00210010
02212100
00022222
00200100
00000010
00000000
25
20002100
02021000
00210010
02112100
01022222
00200200
00000210
00000000
56
20002100
02021000
00210010
02112100
01012222
00202200
00020210
00000000
41
20011100
02011000
00210010
22112100
02012222
00202200
00020210
00000000
27
20011100
02011000
00210010
22212100
02222222
00102200
01020210
00000000
68
20011100
02011000
00210010
22212100
02222222
00102220
01020110
00000100
74
20011100
02011002
00210020
22212210
02222212
00102210
01020110
00000100
53
20011100
02011202
00212020
22222110
02222212
00102210
01020110
00000100
23
20011100
02011202
01112020
22122110
02222212
00122210
01020110
00000100
72
20211100
02021112
01112010
22122110
02222212
00122210
01020110
00000100
63
20211100
02221112
02221110
22222110
02212212
00122210
01020110
00000100
37
20211100
02221112
02221110
22222110
02211212
00112210
01120210
00000120
21
21111100
02121112
02211110
22221110
02211112
00112210
01120222
00000120
57
21111100
02121112
02211110
22221110
02221112
00121110
01121222
00020120
26
21111100
01121112
01211110
21222222
01121122
01121210
01122222
00020120
88
21111100
01121112
01211110
21222222
01121122
01121110
01222212
02020111
38
21111100
01121112
22211110
22222222
01221122
01121110
01112212
02120111
15
21111100
01111112
22111110
21222222
11221122
01122222
01112212
02120111
83
21111100
01111112
22111111
21222211
11221121
02122221
22222211
02120111
58
21111100
22222222
22111111
21222211
11221121
02121211
22211111
02111111
16
22222220
22222222
22111111
21222211
11221121
11121211
21211111
02111111
81
