00000000
00000000
00020000
00022000
00021000
00000000
00000000
00000000
33
00000000
00000000
00120000
00012000
00022200
00000000
00000000
00000000
53
00000000
00200000
00121000
00012000
00022200
00000000
00000000
00000000
66
00000000
00202000
00122000
00012000
00021200
00000100
00000000
00000000
62
00000000
00202220
00121000
00012000
00021200
00000100
00000000
00000000
51
00001000
00222220
00121000
00012000
00021200
00000100
00000000
00000000
46
00001000
00222220
02221000
00012000
00011200
00010100
00000000
00000000
73
00001000
00222120
02221010
00012000
00222200
00010100
00000000
00000000
71
00001010
00222110
02221010
00012000
00222200
00010200
00000020
00000000
24
00021010
00222110
02121010
01012000
00122200
00010200
00000020
00000000
22
00021010
01111110
01121010
01012000
02222200
00010200
00000020
00000000
88
00021010
01111110
22221010
02012000
02221200
00010100
00000010
00000001
75
00021010
01111110
22221010
02012000
02221210
00010120
00000010
00000001
26
00021010
01111110
21221010
01012000
01121210
01010220
00000210
00000001
34
00021010
01111110
21111010
01112000
01121210
01010220
00000220
00000021
56
00021010
01111110
21111010
02112000
01212210
01022220
00002220
00000021
87
00021010
21111110
22111010
02211000
01222110
01022210
00002221
00000021
36
02021010
22111110
22111010
02111000
01112110
01111110
00002221
00000021
31
02111010
22111110
22111010
02222200
01112210
01111210
00002221
00000021
47
02111010
22111110
22111010
02222202
01112220
01111210
00011111
00000021
15
02111010
22111110
22111010
01222202
12112220
22222210
00011111
00000021
68
02111010
22111110
22111010
01222202
12112220
22222210
00022111
00020111
63
02111010
22222222
22111120
01221202
12112120
22222110
00022111
00020111
81
02111011
22222212
22111220
01221222
12112220
22222110
00022111
00020111
17
02111011
22222212
22111220
01221222
12112220
11222222
10022111
00020111
37
02111011
22222212
22111220
22221222
12112220
11122222
10111111
00020111
11
11111011
11222212
12111220
12222222
12122220
12222222
12111111
00020111
83
11111011
11222211
12111111
12222212
12122120
12222222
12122211
00022111
28
11111011
11222211
11111111
11222212
11122120
11222222
12122211
21022111
61
11111111
11221111
11111111
11222212
11122120
11222222
12222211
22222111
85
