00000000
00000000
00000000
00021000
00012000
00000000
00000000
00000000
43
00000000
00000000
00010000
00011000
00222000
00000000
00000000
00000000
36
00000000
00000000
00012000
00022000
00212000
00100000
00000000
00000000
63
00000000
00000000
00011100
00021000
00212000
00200000
00200000
00000000
26
00000000
00002000
00012100
00012000
00112000
01200000
00200000
00000000
66
00000000
00002000
00012100
00012000
20111000
02200100
00200000
00000000
64
00000000
00002000
00222100
00011100
20111000
02200100
00200000
00000000
23
00000000
00002000
01112100
00012100
20112000
02202100
00200000
00000000
17
00000000
00002000
01112100
00012100
20112000
22202100
10200000
00000000
67
00000000
00002000
01112100
00012200
20112020
22201100
10200100
00000000
27
00000000
00002200
01112200
00012200
20112020
22101100
11200100
00000000
73
00000000
00002202
01111120
00012200
20112020
22101100
11200100
00000000
84
00000000
00002202
01111120
00012201
20112010
22102100
11202100
00000000
51
00001000
00001102
01111110
00012201
20112010
22102100
11202200
00000020
58
00001000
00001102
01111110
00011201
20112010
22221100
11201200
00001020
77
00001000
00021102
01122110
00021201
20122010
22221100
11201110
00001020
14
00001000
00021102
01122110
10021201
10122010
12221100
12201110
02001020
34
00001000
00021102
22222110
10111201
10112010
12221100
12201110
02001020
24
00001000
00211102
22222110
11211201
10212010
12221100
12201110
02001020
74
00001000
00211102
22222110
11211111
10212010
12222220
12201120
02001020
22
00001000
01111102
21122110
11212111
10212210
12222220
12201120
02001020
25
00001000
01111102
21112222
11112121
11112210
12222220
12201120
02001020
86
00001000
01111102
21112222
11112122
11112222
11111111
12201120
02001020
68
00001000
01111102
21112222
11112122
11112222
11112111
12221110
02001120
81
00001001
01111101
21112221
11112121
11112221
11112121
12222222
02001120
72
20001001
02111111
21212121
11121121
11112221
11112121
12222222
02001120
48
20201001
02221111
21212121
11121121
11112221
11112121
12111222
02011120
21
21201001
22221111
22212121
11221121
11122221
11112121
12111222
02011120
38
21221001
22222111
22212221
11221121
11122221
11112121
11111222
02111120
88
21222201
22222211
22212221
11221121
11122221
11112121
11111211
02111111
18
