00000000
00000000
00000000
00021000
00012000
00000000
00000000
00000000
56
00000000
00000000
00000000
00021000
00012000
00001200
00000000
00000000
43
00000000
00000000
00012000
00012000
00012000
00001200
00000000
00000000
62
00000000
00000100
00211000
00022000
00012000
00001200
00000000
00000000
35
00000000
00200100
00221000
00012000
00112000
00001200
00000000
00000000
23
00000000
02200100
01211000
00022000
00112000
00001200
00000000
00000000
21
01000000
01120100
01221000
00022000
00112000
00001200
00000000
00000000
76
01000000
22220100
01221000
00022000
00112000
00001110
00000000
00000000
41
01012000
22120100
01211000
00012000
00112000
00001110
00000000
00000000
64
01012000
22120100
22211000
00011100
00112000
00001110
00000000
00000000
24
01012000
21120100
21221000
02021100
00222000
00021110
00000000
00000000
25
01222000
22220100
21221000
01021100
01222000
00021110
00000000
00000000
61
01111100
22220100
21222000
01021200
01222020
00021110
00000000
00000000
86
01111100
22210100
21221000
01021100
01222010
00022111
00002000
00000000
68
01111100
22210100
21221000
01021100
01122010
00222111
00001000
00000100
37
01111100
22210100
21221000
01021100
01121010
00112111
00102000
00002100
11
11111100
21210100
22121000
21011100
01121010
00112111
00102000
00002100
48
11111100
21210100
22221000
22211100
01121010
00112111
00101000
00011100
15
11111100
11210100
12121000
11211100
11121010
00212111
02101000
00011100
18
11111100
11222100
12122000
11212100
11112010
00112111
01101000
10011100
67
11111100
11222100
12122000
11212100
11112010
00121111
01201100
12011100
65
11111100
11122100
12112000
12221100
12211110
02221111
02201100
12011100
38
11111100
11122100
12112000
12121100
12111110
02221111
02221100
11111100
17
11111120
11122200
12112000
12121100
12111110
01221111
11111100
11111100
81
11111111
11122200
12112000
12221100
12121110
01222111
11111200
11111120
16
11111111
11122200
12112000
12121100
11122222
11222121
11111200
11111120
84
11111111
11122200
12112200
12122201
11122211
11222121
11111200
11111120
87
11111111
11122200
12112200
12121221
11122211
11222111
11111201
11111120
77
11111111
11122200
12112200
12121221
11122211
11222211
11111121
11111122
73
11111111
11122100
12222222
12121122
11121212
11212212
11111122
11111122
82
