00000000
00000000
00000000
00021000
00012000
00000000
00000000
00000000
56
00000000
00000000
00000000
00021000
00012000
00001200
00000000
00000000
76
00000000
00000000
00000000
00021000
00222000
00001110
00000000
00000000
36
00000000
00000000
00002000
00022000
00212000
00101110
00000000
00000000
43
00000000
00200000
00022000
00012000
00212000
00101110
00000000
00000000
65
00000000
00200000
00022000
00022000
00221100
00121110
00000000
00000000
21
01000000
00100000
00012000
00021000
00221100
00221110
02000000
00000000
18
01000000
00100000
00012000
00021000
00212100
00121210
01000020
10000000
25
01000000
00100000
00012000
02021000
01212100
00121210
01000020
10000000
23
01000000
00100000
01222000
01021000
01212100
00121210
01000020
10000000
78
01200000
00200000
01222000
01021000
01212100
00121210
01000010
10000010
63
01200000
00200200
01112100
01021000
01212100
00121210
01000010
10000010
61
22200100
00200100
01112100
01021000
01212100
00121210
01000010
10000010
26
22200100
00200100
21111100
02011000
01212100
01121210
01000010
10000010
67
22200100
00200100
22222220
02011000
01212100
01121110
01000110
10000010
34
22200100
00200100
22222220
02111000
22222100
01121110
01000110
10000010
42
22200120
00210200
22212220
02111000
22222100
01121110
01000110
10000010
81
22200111
00210200
22222220
02112000
22222200
01121120
01000112
10000010
22
22200111
02110200
22122220
02112000
22222200
02121120
02000112
12000010
38
22220111
02220200
22122220
02112000
22222200
02121120
02000112
11100010
64
22220111
02220100
22122120
02111100
22222100
02121220
02000122
11100012
82
22220111
02220121
22122210
02112100
22222100
02121220
02000122
11100012
75
22220111
02220121
22122210
02112102
22222120
02121210
02000112
11100012
14
22220111
02220121
22122222
11112102
21222120
02121210
02000112
11100012
86
22222111
02220221
22122222
11112102
21222110
02121211
02000112
11100012
47
22222111
02220221
22122222
11112222
21212110
02111211
02010112
11100012
12
22222111
12220221
11122222
11112222
21212110
02221211
02210112
11100012
85
22222111
12220221
11122221
11112221
21212111
02221211
02220112
11120012
52
22222111
11111111
11111121
11111211
21211111
02221211
02220212
11120222
17
22222111
11111111
11111121
11111211
21111111
22221211
12220212
11120222
57
