00000000
00000000
00000000
00021000
00012000
00000000
00000000
00000000
56
00000000
00000000
00000000
00021000
00021000
00021000
00000000
00000000
33
00000000
00000000
00100000
00011000
00022200
00021000
00000000
00000000
74
00000000
00000000
00120000
00021010
00022100
00021000
00000000
00000000
34
00000000
00000000
00120000
00111010
00012220
00021000
00000000
00000000
36
00000000
00000000
00120000
00111010
00012220
00112000
00002000
00000000
52
00000000
00001000
00110002
00111020
00012220
00112000
00002000
00000000
58
00000000
00001000
00110002
00111020
00222220
00111000
00001000
00001000
26
00000000
00001000
02110002
00211020
00122220
01111000
00001000
00001000
24
00000000
02001000
02210002
01121020
00122220
01111000
00001000
00001000
32
00000000
02101000
02110002
22221020
00122220
01111000
00001000
00001000
66
00000000
02101000
02110002
22211020
02221220
01111100
00001000
00001000
15
00200000
02201000
02210002
21211020
11111220
01111100
00001000
00001000
64
00200000
02201000
02210002
21211120
11211120
01211100
00201000
00001000
85
00200000
02201000
02210202
21212120
11221111
01211100
00201000
00001000
11
10200000
01201000
02110202
22212120
12221111
02211100
02201000
00001000
73
10200000
01221000
02220212
22222110
12221111
02211100
02201000
00001000
62
10200000
01221100
02220112
22222110
22221111
22211100
02201000
00001000
21
11200000
01121100
02210112
22221110
22221111
22221100
02202000
00001200
28
11200000
01121100
01210112
21221110
21221111
21211100
02102000
21001200
47
11220000
01221100
02210112
21221110
21221111
21111100
02112000
21001200
51
11111000
01211100
02110112
21221110
21222111
21111200
02112020
21001200
48
11111000
01222220
02110212
21222110
21222111
21111100
02111020
21011200
12
11111000
11222220
01110222
21122120
21212221
22222220
02111020
21011200
81
11111001
11222222
01110122
21121120
21212221
22222220
02111020
21011200
84
11111201
11222221
01110211
21121211
21212211
22222120
02111020
21011200
87
11111201
11222221
01112211
21122211
21212111
22222110
02111021
21011200
71
11111111
11222211
01112211
21122211
21212111
22222110
02221021
22222200
78
11111111
11222211
22222211
22122211
21212111
22222110
02221011
22222210
67
11111111
11222211
22222211
22122211
21212111
22221210
02221121
22222222
17
