00000000
00000000
00020000
00022000
00021000
00000000
00000000
00000000
53
00000000
00000000
00021000
00022000
00022200
00000000
00000000
00000000
56
00000000
00000200
00022000
00021000
00021200
00001000
00000000
00000000
74
00000000
00000200
00022000
00022010
00022100
00002000
00002000
00000000
47
00000000
00000200
00022000
00022010
00022200
00001020
00012000
00000000
67
00000000
00000200
00022002
00022020
00022200
00001020
00011100
00000000
34
00000000
00000200
00022002
00122020
00022200
00201020
00011100
00000000
85
00000000
00000200
00022002
00222020
02022201
00201010
00011100
00000000
14
00000000
00000200
00022002
10222020
02022201
20101010
00011100
00000000
23
00000000
00000200
01022002
10122020
02012201
20101020
00011102
00000000
64
00000000
00000200
01022002
10111120
02012201
20102020
00021102
00200000
32
00000000
00100200
01222002
10121120
02012201
20102020
00021102
00200000
63
00000000
00100200
01111102
10121110
02012201
20102020
00021202
00200020
58
02000000
00200200
01121102
10122110
02012201
20102010
00011102
00201020
35
02000000
00200200
01121102
12222110
02112201
20102010
00011102
00201020
61
02000100
00200100
01121102
12222110
02212201
20202010
00211102
00201020
27
02000120
00200200
01122102
12222110
02212201
20102010
01111102
00201020
15
02000120
00200220
01122202
11222110
11112201
20102010
01111102
00201020
46
02002220
00200220
01122202
11222110
11111201
20112010
01111102
00201020
17
02002220
00200220
01122202
11222222
11111201
10112010
11111102
00201020
66
02002220
00200220
01122202
11222222
11111202
10111112
11111102
00201020
75
02002220
00200220
22222202
11222222
11111112
10111112
11111102
00201020
12
02002220
10200220
11222202
11122222
11121112
10211112
12111102
20201020
52
02002220
10201220
11211202
11121222
11122122
10211222
12222222
20201020
41
22012220
20101220
21211202
21121222
21122122
20211222
22222222
20201020
81
22011111
20101210
21222222
21121222
21122122
20211222
22222222
20201020
82
22011111
20101211
21222212
21121122
21221122
22211222
22222222
20201020
88
22011111
20122211
21222211
21121121
21221121
22211121
22222211
20201021
28
22011111
22222211
21222211
21121121
21221121
21211121
21122211
21201021
31
22111111
22112211
21121211
21121121
21221121
22211121
21222211
21221021
68
