00000000
00000000
00020000
00022000
00021000
00000000
00000000
00000000
53
00000000
00000000
00021000
00022200
00021000
00000000
00000000
00000000
33
00000000
00000000
00111000
00222200
00021000
00000000
00000000
00000000
75
00000000
00000000
00111000
00222100
00022010
00000200
00000000
00000000
35
00000000
00020000
00121000
00122100
00122010
00000200
00000000
00000000
51
00001000
00010000
00122200
00122100
00122010
00000200
00000000
00000000
46
00001000
02010000
00212200
00122100
00112010
00010200
00000000
00000000
23
00021000
02020000
01122200
00122100
00112010
00010200
00000000
00000000
65
00021000
02020000
01122200
00122102
00111120
00010200
00000000
00000000
85
00021000
02020000
01122200
00122102
00121111
00020200
00020000
00000000
67
00021000
22020000
02122200
00222102
00121111
00020100
00020100
00000000
37
00021000
22020000
02122200
00222102
00122111
00010200
00120120
00000000
57
00021000
22020000
02122200
00222102
02222111
00010100
00111120
00000000
88
00021000
22020000
02122200
00222222
02222111
00010100
00111110
00000001
15
00021000
22020000
02122200
00222222
11121121
00020200
00122110
00020001
52
00021000
22021000
02211100
02221212
11221121
00020200
00122110
00020001
36
00021000
22021000
02211100
02221212
11211122
00120202
00122110
00020001
11
10021000
21021000
02111100
02211212
12211122
02220202
00222110
00020001
73
10021000
21021000
02111110
02211112
12211122
02220202
00222220
00020201
38
10021000
22221000
02111110
02111112
12111122
02120202
00122220
00120201
14
10021000
22221000
02111110
11111112
11111122
02120202
00222220
02220201
27
10021000
22221000
02121110
11112112
11111222
01120222
01222220
02220201
56
10021000
22222200
02121220
11112212
11111222
01111222
01222220
02220201
83
10021000
22222200
02121111
11212212
12111222
22222222
02222220
02220201
17
10022200
22222200
02121111
11212212
12111222
11222222
12222220
02220201
71
10022210
22222102
02121122
11212212
12111222
11222222
12222220
02220201
13
10022210
12222222
11121222
11212212
12111222
11222222
12222220
02220201
81
10022211
12222212
11121122
11211212
12111222
11222222
12222220
02220201
58
10022211
12222212
11121122
11211212
11111222
11121222
12211220
02221201
87
10022211
12222211
11121121
11211211
11121121
11122221
12211221
02221221
18
10022211
12222211
11121121
11211211
11121121
11122221
11211221
11111221
31
