00000000
00000000
00000000
00012000
00022000
00002000
00000000
00000000
46
00000000
00000000
00000000
00012000
00222000
00012000
00000000
00000000
64
00000000
00000000
00000000
00011100
00222200
00012000
00000000
00000000
24
00000000
00000000
00020000
01022100
00122200
00012000
00000000
00000000
34
00000000
00000000
00020200
01112200
00122200
00012000
00000000
00000000
74
00000000
00000000
00022200
01112110
00122200
00012000
00000000
00000000
62
00000000
00000100
00021100
01112110
00122200
00222000
00000000
00000000
67
00000000
00000120
00021200
01112110
00112200
00221000
00000100
00000000
81
00000001
00002110
00022100
01112110
00112200
00221000
00000100
00000000
26
00000001
00002110
00022100
01212110
02222200
01111000
00000100
00000000
14
00000021
00002210
00022100
11212110
01222200
01111000
00000100
00000000
61
00000111
00001110
00012100
11112110
01222200
01122000
00002100
00000000
75
00000111
00001110
00012100
11112210
01111120
01122002
00002100
00000000
58
00000111
00001110
00012100
11112210
01111220
01122202
00001100
00001000
84
00000111
00201110
00022100
11112211
01111210
01122102
00001100
00001000
37
00000111
00201110
00022100
11112211
01111210
01112202
00101200
00001200
76
00000111
00201110
00022220
11112211
01111210
01111112
00101100
00001200
21
01000111
00101110
00012220
11111211
01111110
22222222
00101100
00001200
85
01000111
00101110
00222220
11221211
01212111
22222212
00101100
00001200
87
01200111
00201110
00222220
11221211
01212111
22222211
00101101
00001200
41
01110111
00201110
00222220
11221211
01212111
22222211
00201101
02001200
27
01110111
00201110
00222220
11221211
01212111
21122211
01202101
02022200
42
01110111
00211110
20111220
12211111
01212111
21122211
01202101
02022200
12
01110111
10211110
12222220
12211111
01212111
21122211
01202101
02022200
15
01110111
10211110
12122220
11211111
11212111
22122211
22202101
02022200
47
01110111
10222222
12122220
11211111
11212111
22111211
22211101
02022200
77
01110111
10222222
12122220
11211121
11221121
22112121
22211221
02022220
38
21110111
20222222
22122220
21211121
21221121
22112121
22111221
02122220
51
21111111
22211122
22221210
21221121
21222121
22112221
22111221
02122220
18
21111111
22211122
22221222
21221121
21222121
22112221
21111221
11122220
88
