00000000
00000000
00000000
00021000
00012000
00000000
00000000
00000000
43
00000000
00000000
00210000
00021000
00012000
00000000
00000000
00000000
65
00000000
00000000
00210000
00022200
00011100
00000000
00000000
00000000
73
00000000
00000000
00210010
00022100
00011200
00000020
00000000
00000000
63
00000000
00000000
00210110
00021100
00012200
00000220
00000000
00000000
23
00000000
00000002
01110120
00021200
00012200
00000220
00000000
00000000
75
00000000
00000002
01110120
00021200
00022110
00020220
00000000
00000000
74
00000000
02000002
01210120
00021110
00022110
00020220
00000000
00000000
87
00000000
02000002
01210120
00021120
00022120
00020220
00000021
00000000
35
00000000
02002002
01210220
00021120
00111120
00020220
00000021
00000000
88
00000000
02022002
01220220
00021120
00111120
00020120
00000011
00000001
34
00000000
02022002
01220220
00111220
00111220
00020220
00000211
00000001
41
00010000
02012002
01222220
00111220
00111220
00020220
00000211
00000001
32
00010000
02112002
22222220
00111220
00111220
00020220
00000211
00000001
57
00010000
02112002
22222220
00121220
00211220
02010220
00001111
00000001
36
00210000
02222002
22222220
00121220
00111220
02110220
00001111
00000001
11
10210000
01222002
22122220
00211220
02222220
02110220
00001111
00000001
17
12210000
02222002
22122220
00211220
02122220
01110220
10001111
00000001
24
12210000
02222002
22122220
01111220
01122220
01110220
10001121
00000021
12
12210000
12222002
22122220
22222220
01122220
01110220
10001121
00000021
51
12211000
12212002
22122220
22222220
02122220
02210220
12001121
00000021
86
12211000
12212202
22122220
22222120
02122210
02210221
12001121
00000021
83
12211000
12212222
22111221
22222120
02122210
02210221
12001121
00000021
81
12211001
12212221
22111221
22222120
02122210
02222221
12001221
00000021
61
12211101
12211111
22111121
22222122
02122220
02222221
12001221
00000021
85
12211101
12211111
22111121
22222111
02111111
02222221
12002221
00020021
68
12211101
12211111
22111121
22222211
02112111
02222121
12201111
00020111
47
12222221
12211221
22112121
22222211
02112111
02211121
11111111
00020111
16
12222221
12211221
22112121
22122211
02112111
11212121
11122211
00022111
38
12222221
12211221
22112121
22122211
02112111
12221121
12212211
02111111
15
12222221
12211221
12112121
11122211
11112111
11221121
12112211
02111111
18
