00000000
00000000
00000000
00021000
00012000
00000000
00000000
00000000
34
00000000
00000000
00002000
00112000
00012000
00000000
00000000
00000000
63
00000000
00000000
00202100
00121000
00012000
00000000
00000000
00000000
43
00000000
00000000
00222220
00111000
00012000
00000000
00000000
00000000
52
00002000
00002000
00212220
00112000
00012000
00000000
00000000
00000000
23
00002000
00202000
01122220
00112000
00012000
00000000
00000000
00000000
66
00002000
00202000
01122220
00112000
00021000
00200100
00000000
00000000
41
00222000
00102000
01122220
00112000
00021000
00200100
00000000
00000000
61
00222100
00101000
01112220
02222000
00021000
00200100
00000000
00000000
35
00222100
00121000
01222220
02122000
00111000
00200100
00000000
00000000
27
00222100
00121000
01222220
02122000
00121000
00200100
02000000
20000000
37
00222100
00121000
01222220
02222000
02221000
00100100
02100000
20000000
56
00222100
00122200
01222220
02122000
02211000
00101100
02100000
20000000
72
00222100
02111110
02222120
02121000
02211000
00101100
02100000
20000000
21
01111120
02111220
02222120
02121000
02211000
00101100
02100000
20000000
84
01111120
02111120
02222110
02122201
02211000
00101100
02100000
20000000
83
01111120
02111110
02222111
02122201
02222200
00101100
02100000
20000000
46
01111120
02111120
02212121
02112221
02211200
00111100
02100000
20000000
11
11111120
22222220
02112121
02112221
02211200
00111100
02100000
20000000
14
11111120
22122220
01122121
11122221
01221200
00122100
02220000
20000000
58
11111120
22122220
01122121
11122221
01221200
00122100
02220000
20021000
13
11111120
11122220
11122121
11222221
02221200
20122100
02220000
20021000
75
11111120
11112220
11121221
11222221
02221210
20122200
02220200
20021000
82
11111120
11111111
11121211
11222121
02221220
20122220
02220200
20021000
26
11111120
11111111
11121211
11212121
01121220
21122220
02220200
20022200
28
11111120
11111211
11122211
11222121
01221220
22112220
22220200
21022200
78
11111120
11111211
11122211
11122121
22211220
22111220
22220100
21022210
81
11111111
11111211
11122211
11122121
22211220
22111220
22220100
22222210
86
11111111
11111211
11122211
11122121
22211210
22111121
22220102
22222210
85
