00000000
00000000
00000000
00012000
00022200
00000000
00000000
00000000
66
00000000
00000000
00000000
00012000
00021200
00000200
00000200
00000000
75
00000000
00000000
00000000
00012002
00021120
00000200
00000200
00000000
46
00000000
00000000
00000000
00222002
00011120
00010200
00000200
00000000
53
00000000
00000000
00001000
00221002
00222220
00010200
00000200
00000000
56
00000000
00000000
00001200
00222002
00221220
00011200
00000200
00000000
43
00000000
00200000
00021200
00212002
00211220
00011200
00000200
00000000
76
00000000
00202000
00022200
00212002
00211220
00011110
00000200
00000000
51
00001000
00201000
00021200
00211002
00211220
00021210
00002200
00000000
24
00001000
00201000
00021200
01111202
00212220
00021210
00002200
00000000
77
00001000
00201000
00021200
01211202
02211220
00021110
00002210
00000000
58
00001000
00201000
00021200
01211202
02221220
00022120
00001220
00001020
15
00001000
00221000
00022200
01211202
11111220
00022120
00001220
00001020
22
00001000
01111000
00022200
01211202
11111220
00022120
00002220
00001220
88
00001000
01111000
00022200
01221202
11211220
02022120
00002210
00001111
74
00021000
01121000
00022100
01221112
11211210
02022110
00002210
00001111
37
00021000
01121000
00022102
01221122
11211210
01012110
00102210
00001111
48
00021000
01121000
00022102
01221122
11211210
01012120
00101222
00011111
86
02021000
01221000
00022102
01221122
11211210
01012111
00101211
00011111
33
02021000
01211000
00111102
01211122
12211210
21012111
00101211
00011111
31
02111000
01111000
00111102
01211122
12211210
22012111
02101211
00011111
23
02222200
01112000
01121102
01211122
12211210
22012111
02101211
00011111
28
02222200
02112000
22221102
02211122
11211210
21012111
01101211
01011111
12
02222200
11112000
21222222
02111122
11211210
21012111
01101211
01011111
72
02222200
11112010
21222212
02111122
11211222
21012121
01101211
01011111
17
22222200
22112010
21222212
02111122
11211222
11012121
11101211
01011111
62
22222200
22111110
21221112
02111122
11211222
11222121
11101211
01011111
14
22222200
22111110
21221112
11111122
11211222
11222121
11122211
01011111
82
22222202
22111121
21221211
11112121
11221221
11222121
11122211
01011111
38
22222202
22111121
21221211
21112111
21221121
21221121
22112211
21111111
71
