00000000
00000000
00000000
00012000
00022000
00002000
00000000
00000000
46
00000000
00000000
00000000
00012000
00222000
00012000
00000000
00000000
64
00000000
00000000
00000000
00011100
00221000
00022000
00020000
00000000
57
00000000
00000000
00000200
00012100
00221000
00021000
00021000
00000000
38
00000000
00000000
00000200
00012100
00221000
00021000
00021000
00120000
53
00000000
00000000
00022200
00021100
00221000
00021000
00021000
00120000
24
00000000
00000000
00022200
01021100
02221000
00011000
00021000
00120000
15
00000000
00000000
00022200
01022100
11121000
00211000
00021000
00120000
42
00000000
00010000
00011200
01012100
11112000
00212000
00022000
00122000
66
00000000
00010000
00011200
01012100
11111000
00222220
00022000
00122000
77
00000000
00010000
00011200
01012100
11111000
00222120
00022020
00122020
26
00000000
00010000
00011200
01012200
11111200
01112120
00022020
00122020
74
00000000
00010000
00011200
01011110
11111100
22222220
00012020
00122020
87
00000000
00012000
00012200
01012110
11112100
22222210
00012021
00122020
68
00000000
00012000
00012202
01012120
11112200
22212210
00011021
00111120
84
00000000
00012000
00022202
01222111
12222200
22212210
00011021
00111120
62
00000200
00012200
00022202
01222211
12222200
22212210
00011021
00111120
27
00000200
00012200
00022202
01222211
11222200
21222210
01211021
00111120
72
00000200
00011110
20022102
02221211
11212200
21122210
01211021
00111120
82
00020200
00021111
20022101
02221211
11212200
21122210
01211021
00111120
33
00020200
00221111
20221101
01222211
11212200
21222210
01211021
00111120
21
01020200
00121111
20211101
01221211
11212100
21222210
01222221
00111120
23
01020200
00122111
21111201
01121221
11212102
21222220
01222221
00111120
75
01020202
00122122
21111202
01121122
11212112
21222120
01221221
00111120
73
01220202
00222122
21211112
01221112
11212112
21222120
01221221
00111120
88
01220202
00222122
22211112
22221112
22212112
21222120
01221211
00111111
22
01220202
01111122
21111112
21211112
21211112
22222120
22221211
00111111
51
01111222
01111222
21112112
21221112
21211112
22222120
22221211
00111111
18
01111222
01111222
21112112
21221112
21211112
22122120
22221211
12111111
86
22222222
02111222
21212112
21221112
21211112
22122111
22221211
12111111
12
