00000000
00000000
00000000
00012000
00022000
00002000
00000000
00000000
66
00000000
00000000
00020000
00022000
00021000
00002100
00000000
00000000
57
00000000
00000000
00020000
00022000
00022000
00002100
00002000
00002000
46
00000000
00000000
00020000
00022000
00022000
00021100
00022000
00002000
53
00000000
00000000
00021000
00022200
00022000
00021100
00022000
00002000
34
00000000
00020000
00022000
00122200
00012000
00021100
00022000
00002000
33
00000000
00020000
00122000
00122200
00211000
00021100
00022000
00002000
74
00000000
00020000
00122000
00112110
00222200
00022100
00022000
00002000
26
00000000
00020000
00122200
00112210
00122200
01022100
00022000
00002000
68
00000000
00020000
00122202
00112220
00122200
01012100
00021000
00002100
75
00000000
00020000
00122202
00112220
00111120
01012102
00021000
00002100
48
00000000
00020000
00122202
00212220
02222220
01012102
00011000
00011100
51
00001000
00010000
00122202
00212220
02222220
01222102
00011000
00011100
14
00001000
00010000
00122202
10212220
01222220
01122202
00011020
00011100
73
00021000
00020000
00121112
10222220
01222220
01122202
00011020
00011100
84
00021000
00020000
00121112
10222221
01222220
01122222
00011020
00011100
85
00021000
00022000
00122112
10222211
01111111
01122222
00011020
00011100
87
00021000
00022000
00122112
10222211
01121111
01222211
02011021
00011100
18
00021000
00022000
00122112
10221211
01111111
01122211
01021021
10211100
24
00021000
00022000
00122112
11211211
02111111
22222211
02021021
10211100
28
00021000
02022000
00222112
11221211
01112111
21222211
01021021
11111100
23
00021000
22022000
02111112
11221211
01122111
21222211
01021021
11111100
32
00221000
22222000
01211112
11221211
01122111
21222211
01021021
11111100
21
01111000
21122000
01211112
12221211
22222111
21222211
01021021
11111100
67
01111000
21122200
01212212
12121211
22212111
21221111
01021111
11111100
17
01111000
21122200
01212212
12121212
12212112
11221212
11021122
11111102
72
01111000
22222222
01212122
12121212
12212112
11221212
11021122
11111102
81
01111201
22222222
01212122
12121212
12212112
11221212
11021122
11111102
71
01111111
22222112
02211112
12211212
12122112
11222212
11021222
11111122
13
21111111
22222112
11211112
11221212
12122112
11222212
11021222
11111122
37
