00000000
00000000
00000000
00021000
00012000
00000000
00000000
00000000
65
00000000
00000000
00000000
00022200
00011100
00000000
00000000
00000000
53
00000000
00000200
00002000
00021200
00011100
00000000
00000000
00000000
74
00000000
00000200
00002000
00022110
00012100
00002000
00000000
00000000
67
00000000
00000200
00002000
00022110
00022100
00201000
00000100
00000000
35
00000000
00000200
00002000
00222110
00211100
00201000
00000100
00000000
24
00000000
00000200
00002200
01112110
00221100
00201000
00000100
00000000
25
00000000
00000200
00002200
01122110
01211100
02201000
00000100
00000000
47
00000000
00000200
20002200
02122110
01211100
02101000
00010100
00000000
16
00000000
00000200
20002200
02122210
01222220
11101000
00010100
00000000
52
00000000
00001200
22001100
02221210
01221220
11101000
00010100
00000000
86
00000000
00001200
22001100
02221110
01222210
11101201
00010100
00000000
61
00000120
00001200
22002100
02221110
01222210
11101201
00010100
00000000
22
00000120
01001200
21022100
01222110
01222210
11101201
00010100
00000000
33
00000120
01201200
21121100
01122110
01122210
11101201
00010100
00000000
57
00000120
22201200
22121100
01222110
01122210
11101101
00011100
00000000
46
00000120
22201200
22121100
01222110
01121222
11111101
00011100
00000000
42
00000120
22211200
22111100
01212222
01111222
11111101
00011100
00000000
76
00002220
22211200
22111100
01211222
01111122
11111111
00011100
00000000
31
00122220
22212200
22111200
01211222
01111122
11111111
00011100
00000000
21
01122220
21112200
21111200
01211222
01121122
11112111
00011200
00000020
68
01122220
21212200
22111200
22211222
01121122
11112111
00011100
00000120
81
01111111
21212200
22121200
22212222
01121222
11112122
00011102
00000120
15
01111111
21212200
22121200
21212222
11121222
11122222
00022102
00020120
88
21111111
22212200
22221200
21222222
11122222
11122222
00022102
00020111
58
21111111
22212200
22221200
21221222
11221222
11221222
00211102
00021111
27
21111111
22212200
22221200
21221222
21211222
22121222
21111102
00021111
77
21111111
22212200
22221200
21222222
21221222
22221122
22111112
20021111
73
21111111
22212100
22221110
21222112
21221212
22221112
22211112
22021111
83
21111111
22212220
22221211
21222111
21221211
22221111
22211111
22021111
82
