00000000
00000000
00000000
00012000
00022200
00000000
00000000
00000000
46
00000000
00000000
00200000
00022000
00012200
00010000
00000000
00000000
63
00000000
00000000
00202100
00022000
00012200
00010000
00000000
00000000
43
00000000
00000000
00222220
00012000
00012200
00010000
00000000
00000000
42
00002000
00020000
00212220
00012000
00012200
00010000
00000000
00000000
66
00002000
00220000
00222220
00012000
00011200
00010100
00000000
00000000
72
00002000
00220010
00222120
00021000
00012200
00010200
00000020
00000000
83
00002000
00220010
00222111
00022200
00012200
00010200
00000020
00000000
67
00002000
00220010
00222111
00022100
00012200
00010120
00000120
00000000
34
00002000
00220010
00222111
00211100
02012200
00010120
00000120
00000000
85
00002000
00220010
00222111
00211100
02012201
00010110
00002220
00000000
41
00012000
00222010
00222111
00211100
02012201
00010110
00002220
00000000
62
00012000
00222110
00221111
00211100
02012201
00010120
00002222
00000000
24
00012000
00222110
00221111
02111100
22012201
00010120
00002222
00000000
23
00012000
00122110
01111111
02111100
22012201
00020120
00202222
00000000
86
00012000
00122222
01111121
02111200
22012201
00020111
00202222
00000000
31
00112000
02222222
02211121
02121200
22012201
00020111
00202222
00000000
11
10112000
01222222
02111221
02112200
22021201
00220111
00202222
00000000
78
10112000
22222222
02111221
02112200
22021201
00220111
00202212
00000010
56
12222000
22222222
02111221
02112200
22011201
00221111
00202112
00000010
48
12222000
22222222
02111221
02112200
22011201
00222111
00222222
00010010
61
11111120
22221122
02111121
02112100
22011101
00222111
00222222
00010010
68
11111120
22221122
02211121
02122100
22012101
00222211
00222122
00010112
75
11111120
22221122
02211121
02122220
22012221
00222121
00221122
00010112
81
11111111
22221111
02211121
02122220
22012221
00222121
00222222
00012222
14
11111111
22121111
01211121
11222220
22222221
00222121
00222222
00012222
27
11111111
22121111
01211121
11221220
22212221
00122121
01222222
00222222
84
11111111
22121111
01211111
11221111
22212211
20122121
02222222
00222222
28
11111111
22121111
01211111
11221111
22211211
20112121
02122222
22222222
26
11111111
22121111
22211111
22211111
21211211
21122121
02122222
22222222
17
