00000000
00000000
00000000
00222000
00021000
00000000
00000000
00000000
35
00000000
00000000
00000000
00222000
00121000
00020000
00000000
00000000
53
00000000
00000000
00001200
00212000
00121000
00020000
00000000
00000000
24
00000000
00000000
00022200
01122000
00121000
00020000
00000000
00000000
37
00000000
00000000
00022200
01122000
00121000
00020000
00120000
00000000
62
00000000
00000100
00021200
22222000
00121000
00020000
00120000
00000000
33
00000000
00000100
00111200
22112000
02221000
00020000
00120000
00000000
73
00000020
00000200
00112110
22122000
02221000
00020000
00120000
00000000
15
00000020
00000200
00112110
21122000
11112000
00020200
00120000
00000000
64
00000020
00000200
00112110
21111200
11111020
00010200
00120000
00000000
52
00000020
00022200
00122110
21121200
11121020
00020200
00120000
00000000
51
00001020
00011100
00121110
21122200
11122220
00020200
00120000
00000000
56
00001020
00011102
00121120
21121200
11111220
00021200
00120000
00000000
67
00001020
00011102
00121120
21121100
11111120
00021100
02220100
00000000
36
00001020
00011102
02221120
21121100
11111120
00111100
02220100
00000000
86
00001020
00011102
02221120
21221100
11121110
00112101
02220200
00000020
22
00001020
01011102
01121120
21212100
11121210
00112221
02220200
00000020
57
00001020
01011202
01122120
21222100
11221210
02222221
02221200
00000020
38
02001020
02011202
02122120
22122100
12121210
02122221
02121200
00100020
84
02001020
02011102
02122222
22122101
12121210
02122221
02121200
00100020
13
02001020
02011102
11122222
11122102
12121222
02122221
02121200
00100020
74
02201020
02021102
11122122
11122112
12121122
02121221
02111200
00100020
81
02201021
02021101
11122121
11122111
12122121
02222221
02122200
00102020
18
02201221
02022201
11122221
11121211
12112221
02122221
01122200
10102020
41
02211221
02222201
11122121
11112211
12112221
02122221
01122200
10102020
17
02211221
22222201
12122121
11212211
12122221
01122221
11122200
10102020
11
11111221
11222201
12122121
11212211
12122221
02122221
12222200
12102020
77
11111221
11222201
12122121
11212211
12121211
02122111
11221110
12222020
68
11111221
11222201
12122121
11212211
12121211
02122121
11222222
11111120
16
11111221
11222221
12122221
11212211
12121211
11122121
11222222
11111120
88
