00000000
00000000
00000000
00021000
00012000
00000000
00000000
00000000
56
00000000
00000000
00000000
00022200
00011000
00001000
00000000
00000000
53
00000000
00020000
00002000
00021200
00011000
00001000
00000000
00000000
73
00000000
00020000
00002010
00021100
00021000
00021000
00000000
00000000
36
00000000
00020000
00002010
00021100
00021000
00121000
00020000
00000000
37
00000000
00020000
00002010
00021100
00022200
00112000
00120000
00000000
31
00100000
00010002
00001020
00021200
00022200
00112000
00120000
00000000
34
00100000
00010002
00001020
02222200
00022200
00112000
00120000
00000000
58
00100000
00010002
00001020
02222200
00022200
00112000
00120000
00201000
48
00100000
00010002
00001020
02222200
00022200
00112000
00110000
00222200
74
00100000
00010002
00001020
02222210
00222100
00211000
00210000
00222200
75
00100000
00010002
00001020
02222110
00222110
00222200
00210000
00222200
72
00100000
00010012
00001010
02222222
00222120
00222200
00210000
00222200
27
00100000
00012012
00002010
02222222
00222120
00222200
01110000
00222200
83
00100000
00012012
00002011
02222212
00222120
20222200
02110000
00222200
63
00100000
00012012
00002211
02222122
00222122
20222200
02110000
00222200
62
00102000
00012212
00002121
02222122
00222122
20222200
02110000
00222200
41
00112000
00222212
00002121
02222122
00222122
20222200
02110000
00222200
33
00112020
00122222
00102121
02122122
00122122
20122200
02110000
00222200
57
00112020
00122222
00102121
02122122
02222122
20212200
02121000
00222200
77
00112020
00122222
02102121
02212122
02221122
20212100
02121010
00222200
13
00112020
00122222
11122121
01222122
02121122
20212100
02121010
00222200
86
00112020
20122222
12122121
01222121
02121111
20212101
02121010
00222200
81
00112021
20122211
12122121
01222121
02121221
20212221
02121010
00222200
18
00112021
20122211
12122121
01221121
02111221
20112221
01121020
10222220
11
10112021
10122211
12222121
02221121
22111221
20112221
01121020
10222220
87
12222021
10222211
12222121
02221121
22111121
20112211
01121021
10222220
88
12222021
10222211
12222121
02221121
22211121
22222111
01221011
10222221
22
12222021
12111111
12122121
02211121
22211121
22222111
02221011
12222221
14
12222221
12112111
11122121
11111121
22211121
22222111
02221011
12222221
67
12222221
12112111
11122121
11111121
22211121
22221111
02221111
12222221
17
