00000000
00000000
00000000
00222000
00021000
00000000
00000000
00000000
33
00000000
00200000
00200000
00212000
00021000
00000000
00000000
00000000
64
00000000
00200000
00200200
00212100
00021000
00000000
00000000
00000000
53
00000000
00200000
00201200
00211200
00022200
00000000
00000000
00000000
73
00000000
00200002
00201120
00211200
00022200
00000000
00000000
00000000
22
00000000
01200022
00101220
00212200
00022200
00000000
00000000
00000000
74
00000000
01202022
00102220
00212110
00022200
00000000
00000000
00000000
62
00000000
22202122
00101120
00212110
00022200
00000000
00000000
00000000
24
00000200
22202222
00101220
01112210
00022200
00000000
00000000
00000000
75
00000200
22202222
00122220
01122110
00022210
00000000
00000000
00000000
42
00000200
22212222
00121220
01122120
00022220
00000020
00000000
00000000
35
00000200
22212222
00122220
01122120
00222220
02000020
00000000
00000000
84
00000200
22212222
00122220
01122121
00222222
02000020
00000000
00000000
36
00000200
22212222
00222220
01222121
00222222
02200020
00200000
00000000
51
00001200
22212122
00222210
02222121
20222222
02200020
00200000
00000000
66
00001200
22212122
00222210
02222221
20222122
02200122
00200000
00000000
11
10001200
21212122
00122222
02212222
20221122
02200122
00200000
00000000
14
10001200
21212122
02222222
11212222
20221122
02200122
00200000
00000000
21
11001200
21112122
22212222
22211222
20221122
02200122
00200000
00000000
16
11001200
11112122
12212222
12211222
10221222
12200222
00200200
00000000
77
11001200
11112122
12212222
12211222
10221222
12200122
00200220
00000200
38
11001200
11112122
12122222
12211222
12221222
12100122
00100220
00100200
88
11001200
11112122
12122222
12211222
12222222
12220122
00100210
00100201
57
11001200
11112122
12122222
11211222
12122222
12220122
00201110
02100201
71
11201110
11222112
12222212
11211212
12122212
12220112
00201110
02100201
27
11201110
11222112
12222212
11211212
11112212
11120122
01201112
02100201
48
11201110
11222112
12222212
11211212
11112212
11120122
01122222
02110201
18
11201110
11222112
12222212
11221212
11212212
12120122
22222222
11110201
78
11201112
11222122
12222212
11221212
11212212
12120112
22222212
11110211
41
11111112
11111122
11212112
11211212
11222212
12122222
22222212
11110211
58
