00000000
00000000
00000000
00222000
00021000
00000000
00000000
00000000
35
00000000
00000000
00000000
00222000
00112000
00000200
00000000
00000000
65
00000000
00000000
00000000
00222000
00221100
00200200
00000000
00000000
67
00000000
00000000
00000000
00222000
00222220
00200100
00000100
00000000
84
00000000
00000000
00000000
00222001
00222210
00200200
00000120
00000000
57
00000000
00000000
00000000
00222001
00222222
00200100
00001120
00000000
88
00000000
00000000
00000000
00222001
00222222
00200200
00001210
00000201
33
00000000
00000000
00100000
00212001
00221222
00200100
00001222
00000201
25
00000000
00000000
00100002
00212002
01111222
00200100
00001222
00000201
63
00000000
02000000
00200102
00221002
01112222
00200200
00001222
00000201
27
00000000
02000000
00200102
00221002
01212222
02100200
01001222
00000201
32
00000000
02100000
00100102
00121002
01112222
02100200
02001222
02000201
11
10000000
01100000
00100102
00122202
01112222
02100200
02001222
02000201
53
10000000
01100000
00101102
00112202
01112222
02100200
02002222
02020201
56
10000000
01120000
00102102
00111202
01111222
02101200
02002222
02020201
51
10001000
01110000
00102102
00111202
01112222
02222200
02002222
02020201
37
10001000
01110200
00102202
00111202
01112222
02122200
02102222
02020201
47
10001000
01110200
00102202
00111202
01112222
02112200
02122222
02220201
72
10001000
01110222
00102102
00111202
01112222
02112200
02122222
02220201
43
10001000
01110222
02111102
00211202
01122222
02112200
02122222
02220201
76
10021000
01220222
02121102
00221202
01122122
02111110
02122222
02220201
13
10021000
01220222
11221102
02221202
02222122
02121110
02122222
02220201
74
10021000
01220222
11222102
02221212
02222122
02122222
02122222
02220201
78
10021000
22220222
11222102
02121212
02212112
02121212
02122112
02220211
14
10021000
22220222
11222102
11221212
02212112
22121212
02122112
02220211
18
10021000
22220222
11222222
11221212
02212112
22121212
01122112
12220211
52
10022200
22222222
11221122
11221212
02212112
22121212
01122112
12220211
21
11222200
21222222
11211122
11221212
02212112
22121212
01122112
12220211
15
11222200
21222222
11211122
11221212
11212112
22121212
22222112
12220211
81
11222221
21222221
11211121
11221211
11212111
22121211
22222111
12220211
58
