00000000
00000000
00020000
00022000
00021000
00000000
00000000
00000000
33
00000000
00000000
00120000
00012000
00022000
00002000
00000000
00000000
42
00000000
02010000
00210000
00022000
00022000
00002000
00000000
00000000
46
00000000
02010000
00210000
00012000
00222000
00012000
00000000
00000000
23
00000000
02010000
01110000
00012000
00222000
00022000
00020000
00000000
26
00020000
02020000
01120000
00022000
00122000
01022000
00020000
00000000
65
00020000
02020000
01120000
00222000
00121100
01022000
00020000
00000000
53
00020000
02220000
01211000
00211000
00121100
01022000
00020000
00000000
36
00020000
02220000
01211000
00221000
00112100
01122200
00020000
00000000
24
00020000
02220000
01211000
01111000
00112100
22222200
00020000
00000000
67
00020000
02220000
01211000
01111000
00112220
22221100
00020100
00000000
31
00120000
02110000
01111200
01112000
00122220
22221100
00020100
00000000
17
00120000
02110000
01111200
01112000
00122220
21222100
10020200
00000020
12
00120000
11110000
01111200
01112000
00122220
21222220
10020200
00000020
48
00120000
11110000
01111200
01112000
00112220
21212220
10020200
00210020
72
00120000
11110010
01111100
01111000
00112220
21212220
20020200
20210020
37
20120000
12110010
01211100
01121000
00112220
21112220
20120200
20210020
85
20120000
12110010
01211100
01121000
00111111
21112220
20120200
20222020
68
20120000
12110010
01211100
01121000
00111111
21112120
22220100
20222120
13
20120000
11110010
11222220
01121000
00111111
21112120
22220100
20222120
62
20120002
11110120
11221220
01111000
00111111
21112120
22220100
20222120
57
20120002
11110120
11221220
01211000
02111111
22211120
22221100
20222120
87
20120002
11110120
11221220
01211002
02111121
22211210
22222101
20222120
82
20120002
11110111
11221220
01211002
02111122
22211222
22222101
20222120
77
20120022
11110221
11222220
01221002
02211122
22211122
22222111
20222120
64
20120022
11112221
11222210
01222102
02212122
22212122
22222111
20222120
83
20120022
21212221
22222211
22222101
02212121
22212121
22222111
20222120
21
21120022
21112221
22212221
22222221
02212221
22212121
22222111
20222120
28
21120022
21112221
21212221
22222221
22212221
21212121
21122111
21111120
88
21122022
21122221
21212221
22222221
22212221
21212121
21122111
21111111
61
