00000000
00000000
00000000
00012000
00022200
00000000
00000000
00000000
64
00000000
00000000
00002000
00012100
00022200
00000000
00000000
00000000
62
00000000
00000100
00201000
00022100
00022200
00000000
00000000
00000000
66
00000000
00000100
00201020
00022200
00022100
00000100
00000000
00000000
43
00000000
00000100
00211020
00021200
00022220
00000100
00000000
00000000
34
00002000
00000200
00211020
00111200
00022220
00000100
00000000
00000000
86
00002000
00000200
00211020
00111100
00022210
00000201
00000020
00000000
56
00002000
00000200
00222220
00111200
00011210
00001201
00000020
00000000
88
00002000
00000200
00222220
00221200
00222210
00001101
00000010
00000001
74
00002000
00000200
00222220
00222222
00222110
00001101
00000010
00000001
83
00002000
00000200
00222221
00222212
00222120
00002201
00002010
00000001
32
00002000
00100202
00212222
00221212
00222120
00002201
00002010
00000001
22
00002000
01100202
00112222
00211222
00221122
00002101
00002010
00000001
71
00002010
01120102
00122222
00221222
00221122
00002101
00002010
00000001
72
00002010
01122222
00122222
00221222
00221122
00002101
00002010
00000001
26
00002010
01122122
00121222
00212222
00121222
01002221
00002010
00000001
46
00202010
01222122
00221222
00212222
00111222
01011111
00002010
00000001
48
00202010
01222122
00221222
00212222
00121222
01012221
00001210
00010001
68
00202010
01222122
00221122
00212122
00121122
01022121
00021110
00010101
81
00202011
01222111
00221121
02212121
00221121
01022121
00021110
00010101
14
00202011
01222111
00221121
12112121
20221121
01022121
00021110
00010101
36
00202011
02222111
20221121
22111121
20111121
01111121
00021110
00010101
38
00202011
02222111
20221121
22211121
22222221
01111121
00011110
00110101
23
00202011
02222111
21111121
21111121
21212221
01111121
00011120
00110121
61
00202111
22221111
22111121
21211121
21222221
01112121
00011220
00110121
58
00202111
22221111
22111121
21211121
21222221
01112121
00011122
00111121
41
00211111
22211111
22111121
22211121
22222221
02212121
02011122
00111121
18
00211111
22211111
22111121
22211121
22212221
02112121
02011122
12222221
17
00211111
22211111
22111121
22211121
22212221
02222121
12222222
12222221
21
01111111
22111111
22111121
22211121
22212221
02222121
12222222
12222221
16
01111111
22111111
22111121
22111121
21212221
11111121
12222222
12222221
11
