00000000
00000000
00000000
00021000
00012000
00000000
00000000
00000000
56
00000000
00000000
00000000
00021000
00021000
00021000
00000000
00000000
36
00000000
00000000
00000000
00021000
00021000
00121000
00020000
00000000
35
00000000
00000000
00000000
00021000
00112000
00122200
00020000
00000000
76
00000000
00000000
00000000
00021000
00112000
00112110
00022000
00000000
58
00000000
00000000
00000000
00021000
00112000
00111210
00011020
00001000
43
00000000
00000000
00010000
00011000
00112000
00111210
00012020
00021000
78
00000000
00020000
00020000
00021000
00122000
00121210
00022010
00021010
34
00000000
00020000
00020000
00112000
00112200
00122210
00022010
00021010
75
00000000
00020000
00020000
00112000
00121110
00222210
02022010
00021010
68
00000000
00020000
02020000
00212000
00121110
00212210
02021010
00021110
41
00010000
00012000
02020000
00212000
00121110
00212210
02021010
00021110
38
00010000
00012000
02020000
00212200
00121210
00211210
02011010
00111110
33
00010000
00012000
02120000
00112200
00121222
00211210
02011010
00111110
74
00010000
00012000
02120000
00112110
00121212
00211220
02011012
00111110
63
00010000
00011020
02120200
00112110
00121212
00211220
02011012
00111110
13
00010200
00012020
11120200
00112110
00121212
00211220
02011012
00111110
26
00010200
00012020
11120200
00112110
00121212
22222220
02011012
00111110
17
00010200
00012020
11120200
00212110
02221212
22222220
12011012
00111110
15
00010200
00012020
11120220
00212220
11112222
12222220
12011012
00111110
28
00010200
02012020
11220220
00222220
11112222
11222220
11011012
01111110
67
00012200
02022020
11220220
00222220
11112222
11221220
11011112
01111110
81
00012201
02022010
11220120
20221220
12112222
11221220
11011112
01111110
24
00012201
02022010
11220120
21111220
21112222
21221220
22011112
21111110
37
00012201
02022020
11220122
21111220
21112222
21121220
22111112
21111110
21
01222201
01022020
11220122
21111220
21112222
21121220
22111112
21111110
71
01111111
01022210
11220212
21111210
21112212
21121210
22111112
21111110
53
01111111
01011110
11111112
22222222
21112222
21121210
22111112
21111110
86
01111111
01011112
11111122
22222222
21112212
21121211
22111112
21111110
88
01111111
01222222
12221122
22222222
21112212
21121211
22111111
21111111
12
