00000000
00000000
00000000
00021000
00012000
00000000
00000000
00000000
34
00000000
00000000
00200000
00121000
00012000
00000000
00000000
00000000
65
00000000
00000000
00200000
00221000
00211100
00000000
00000000
00000000
23
00000000
00000000
01200000
02221000
00211100
00000000
00000000
00000000
43
00000000
00200000
01210000
02211000
00211100
00000000
00000000
00000000
26
00000000
00200000
01210000
02211000
00211100
01200000
00000000
00000000
25
00000000
00200000
01220000
01112000
01111200
01200020
00000000
00000000
41
00010000
00100000
01220000
01112000
01112200
01202020
00000000
00000000
53
00010000
20100000
02111000
01212000
01122200
01202020
00000000
00000000
22
00210000
21200000
01211000
01212000
01122200
01202020
00000000
00000000
64
00210000
22200000
22211000
01211100
01122200
01202020
00000000
00000000
11
10210000
21200000
22111000
22211100
02122200
01202020
00000000
00000000
21
11110000
21102000
22122000
22212100
02122200
01202020
00000000
00000000
62
11110000
22222100
22221000
22212100
02122200
01202020
00000000
00000000
66
11110000
22222100
22221000
22222100
02122100
01202220
00000020
00000000
47
11110000
22222100
22221020
22222200
02122100
01201220
00010020
00000000
86
11110000
22222220
22221020
22222200
02122100
01201111
00010020
00000000
37
11110000
22222220
22221020
22222200
02222100
01201111
00210020
00200000
15
11110000
12222220
12221020
12222200
11121200
01202211
00210220
00200000
46
11110000
12212220
12211020
12212200
11111202
01111121
00210220
00200000
87
11110000
12212220
12211020
12211220
11111202
01112111
00220221
00200000
51
11111000
12211220
12211020
12211220
12111202
22222111
00220221
00200000
28
11111200
12212220
12221020
12211220
12111202
22212111
00120221
01200000
84
11111200
12212120
12221010
12211111
12211201
22222111
00122221
01200000
68
11111200
12212120
12221012
11211121
12111201
22212111
00121111
01200100
63
11111200
12211120
12221112
11211111
12111201
22212111
00121211
01200120
71
11111110
12211110
12221112
11211111
12111201
22212111
00121211
22200120
75
11111110
12222222
12221122
11211211
12112111
22222111
00221211
22200120
27
11111110
12222222
12221122
11211211
11112111
21122111
01112211
22202220
17
11111110
12222222
12221122
11211211
11112111
11122111
11122211
22222220
81
