00000000
00000000
00000000
00222000
00021000
00000000
00000000
00000000
53
00000000
00000000
00001000
00222200
00021000
00000000
00000000
00000000
75
00000000
00000000
00001000
00222220
00021010
00000000
00000000
00000000
33
00000000
00000000
00101000
00212220
00022010
00002000
00000000
00000000
73
00000000
00000000
00121010
00222210
00022010
00002000
00000000
00000000
35
00000000
00020000
00122010
00112210
00122010
00002000
00000000
00000000
66
00000000
00020000
00122010
00212210
02221010
00002100
00000000
00000000
51
00001000
00010000
00122010
00212210
02222010
00022100
00000000
00000000
26
00001000
00010000
00122010
00212210
02122020
01022102
00000000
00000000
47
00001000
00010000
00122010
00212210
02112020
01012202
00012000
00000000
15
00001000
00010000
00122010
00212222
11112020
01012202
00012000
00000000
24
00001000
00010000
00122010
01112222
11112020
01012202
00022000
00200000
65
00001000
00010000
00122010
01112222
11111220
01012222
00022000
00200000
68
00001000
00010002
00122020
01112222
11111220
01012222
00021000
00200100
85
00001000
00010002
00122020
01122222
11211111
02012222
20021000
00200100
63
00001000
00010002
00111120
01121112
11211111
02222222
20021000
00200100
58
00001000
00010002
00111120
01121112
11211111
02222222
20211000
00201100
48
00001000
00010022
00111220
01122112
11221111
01222222
20111000
00211100
83
00001000
00010022
00111111
01122111
11221111
22222222
20111000
00211100
77
00001000
00010022
00111111
01122111
11222111
22222212
20111020
00211102
27
00021000
00020022
00121111
01121111
11212111
21122212
21111020
00211102
28
00021000
00020022
00121111
01122111
11212211
21122222
21111022
01111102
31
00111000
00010022
02221111
01222111
11222211
21122222
21111022
01111102
13
00111000
00010222
11112211
01222211
11222211
21122222
21111022
01111102
18
00111000
00012222
11122211
01222211
11222211
11122222
11111022
11111102
81
00111021
00012221
11122121
01221221
11212221
11122222
11111022
11111102
61
00111111
02011111
11212121
01121221
11212221
11122222
11111022
11111102
78
00111111
02011111
11212111
01121211
11212211
11122212
11111222
11111112
32
00111111
02111111
11112111
22221211
11212211
11122212
11111222
11111112
12
20111111
22111111
21212111
22221211
11212211
11122212
11111222
11111112
21
