00000000
00000000
00000000
00021000
00012000
00000000
00000000
00000000
56
00000000
00000000
00000000
00022200
00011000
00001000
00000000
00000000
43
00000000
00000000
00010000
00012200
00012000
00002000
00002000
00000000
67
00000000
00000000
00010000
00012200
00022000
00201000
00002100
00000000
58
00000000
00020000
00020000
00022200
00022000
00201000
00001100
00001000
53
00000000
00020000
00021000
00021200
00022000
00201200
00001100
00001000
33
00000000
00022000
00112000
00022200
00022000
00201200
00001100
00001000
76
00000000
00222000
00122000
00022200
00022000
00201110
00001100
00001000
31
00100000
02222000
00222000
00022200
00022000
00201110
00001100
00001000
11
10100000
01222000
00222000
00222200
00021000
00201110
00001100
00001000
51
10101000
01221000
00221000
00221200
00021000
00202110
00001200
00001020
25
10101000
01221000
00211000
00121200
01021000
00202222
00001200
00001020
47
10101000
01221000
00211000
00221200
01221000
00102222
00011200
00001020
21
11101000
22221000
00211000
00221200
01221000
00102222
00011200
00001020
74
11101200
22222000
00221000
00221110
01221000
00102222
00011200
00001020
23
11101200
21222000
01211000
02221110
01221000
00102222
00011200
00001020
41
11111200
21112000
01211000
02221110
01221000
00102222
00021200
00201020
75
11111200
21112000
01211000
02221110
01222010
00102222
00021220
00201020
46
11111200
21112000
01211000
02211110
01222210
00112222
00021220
00201020
15
11111200
21112000
01111000
01211110
11222222
00112222
00021220
00201020
63
11111200
21111000
01111100
01211110
11222222
00112222
00022220
00221020
71
11111110
21111000
01111100
01211110
11222222
02222222
00022220
00221020
68
11111110
21111000
01111100
01211110
12122122
22212122
00021120
00221120
17
11111110
21111000
01111100
01222222
12122122
11212122
10021120
00221120
88
11111110
21111000
01111100
01222222
12122122
11222122
10221110
00221111
28
11111110
21111000
01111100
01222222
12122122
11222122
10222222
01111111
14
11111110
22222200
01112200
11222222
11122122
11122122
10212222
01111111
27
11111110
22222200
01112200
11222222
11122122
11222122
12112222
21111111
73
11111110
22222100
21111110
22222112
21221112
21222112
22112212
21111111
83
11111110
22222222
21111221
22222211
21222111
21222111
22112211
21111111
81
