00000000
00000000
00000000
00012000
00022000
00002000
00000000
00000000
46
00000000
00000000
00000000
00012000
00012000
00022000
00200000
00000000
67
00000000
00000000
00000000
00012000
00022000
00221000
00200100
00000000
26
00000000
00000000
00000000
00012000
00022000
01112000
00202100
00000000
63
00000000
00000000
00000100
00011000
20012000
02112000
00202100
00000000
68
00000000
00000000
00000100
00011000
20012000
02112000
00201200
00000120
64
00000000
00000000
00000100
00211100
20021000
02112000
00201200
00000120
24
00000000
00000000
00002100
01112100
20022000
02112000
00201200
00000120
43
00000000
00002000
00012100
01112100
20022000
02112000
00201200
00000120
38
00000000
00002000
00012100
22222100
20022000
02112000
00101200
00100120
51
00001200
00002000
00021100
22221100
20021000
02111000
00101200
00100120
33
00001200
00002000
00111100
22211100
20021000
02121000
00122200
00100120
25
00001200
00002000
00111200
22222220
21021000
02121000
00122200
00100120
77
00001200
00002000
00111200
22222220
21021000
02221000
02111110
00100120
65
00001200
00002000
02222200
22221220
21021100
02221000
02111110
00100120
18
00001200
00002000
02222200
22221220
21011100
02121000
02211110
12100120
88
00001200
00002000
02222200
22222220
21011200
02121020
02211110
12100111
12
00001200
10002000
01222200
22222220
22222200
02221020
02211110
12100111
16
00001200
12002000
02222200
22222220
22222200
11111020
01211110
12100111
73
00001200
12002020
02222220
22222120
22221200
11111020
01211110
12100111
13
00022200
12002020
12222220
11222120
12121200
11111020
01211110
12100111
85
00022200
12002020
12222220
11222120
12122201
11111210
01211110
12100111
31
00122200
11002020
12222220
11222220
12122221
11111210
01211110
12100111
83
00122200
11002020
11111111
11222210
12222121
12111210
22211110
12100111
48
00122200
11202020
11221111
11222210
12222121
11111210
22111110
12110111
84
00122200
11202220
11222211
11222211
12222111
11111110
22111110
12110111
71
00111110
11222110
11222211
11212211
12122111
11111110
22111110
12110111
21
01111112
11122120
11212211
11211211
12122111
11111110
22111110
12110111
82
01111112
11122111
11212211
11211211
12122111
11111110
22222222
12110111
86
22222222
22122111
21212211
21211211
22122111
21111111
22222211
12110111
58
