00000000
00000000
00000000
00222000
00021000
00000000
00000000
00000000
53
00000000
00000000
00001000
00222200
00021000
00000000
00000000
00000000
75
00000000
00002000
00002000
00222100
00021010
00000000
00000000
00000000
42
00000000
00222000
00001000
00222100
00021010
00000000
00000000
00000000
31
00100000
00212000
00001000
00222100
00022010
00000200
00000000
00000000
22
00100000
01112000
00001000
00222102
00022020
00000200
00000000
00000000
56
00100000
01112000
00001200
00222102
00021020
00001200
00000000
00000000
35
00100000
01112000
00001200
00212102
00221020
00201200
00000000
00000000
76
00100000
01112000
00001200
00212222
00221020
00201110
00000000
00000000
23
00100000
22222000
01001200
00112222
00211020
00201110
00000000
00000000
26
00100000
22222000
01001200
00112222
00111020
22201110
00000000
00000000
27
00100000
22222000
02001200
00212222
00121020
22102110
01000200
00000000
73
00100000
22222000
02001110
00212112
00121010
22202110
02000200
20000000
51
00101000
22221020
02001210
00212112
00121010
22202110
02000200
20000000
24
00121000
22222020
02001210
01112112
00121010
22202110
02000200
20000000
33
00121000
22112020
02201220
01122122
00122020
22202220
02000220
20000000
86
00121000
22112020
02201220
22222122
00122010
22202221
02000220
20000000
62
02221000
22111120
02201120
22222122
00122010
22202221
02000220
20000000
85
02221000
22111120
02201120
22222112
00222011
22222221
02000220
20000000
68
02221000
22221120
02222220
22222112
00222011
22222221
02000210
20000100
71
02221010
22221110
02222210
22222212
00222211
22222221
02000210
20000100
57
02221010
22221110
02221210
22221212
00221212
22221122
02001112
20000100
17
02221010
22221110
02221210
22211212
00121222
21221222
12002112
20020100
47
02222210
22222210
02221210
22211212
00111222
21211222
12011112
20020100
11
11111110
21222210
02121210
22211212
00111222
21212222
12021112
20220100
28
11111110
21222222
02121220
22211212
00111222
21212222
11021112
21220100
13
11111110
11222222
11121220
21211212
02222222
21212222
11021112
21220100
83
11111110
11222212
11121111
21211212
02222222
21212222
11021222
21220120
37
11111110
11222212
11221111
22111212
22122222
22112222
11211222
21220120
81
11111111
11222211
11221111
22111212
22122222
22212222
11222222
21222220
88
