00000000
00000000
00000000
00021000
00012000
00000000
00000000
00000000
56
00000000
00000000
00000000
00021000
00012000
00001200
00000000
00000000
34
00000000
00000000
00000000
00111000
00012000
00022200
00000000
00000000
65
00000000
00000000
00000000
00111020
00011200
00022200
00000000
00000000
47
00000000
00000000
00002000
00112020
00012200
00012200
00010000
00000000
76
00000000
00000000
00002000
00112020
00012200
00011210
00010200
00000000
43
00000000
00000000
00012000
00111020
00012200
00012210
00020200
00200000
58
00000000
00000000
00012000
00111020
00012200
00012222
00020100
00201000
36
00000000
00000000
00012000
00111020
00012200
00112222
00010200
00201020
52
00000000
00001000
02011000
00211020
00022200
00112222
00010200
00201020
64
00002000
00002000
02012000
00212120
00022200
00112222
00010200
00201020
68
00002000
00002000
02012000
00212120
00022100
00112222
00010120
00201120
35
00002000
00002000
02012000
00212120
00121100
00212222
02010120
00201120
83
00002000
00002000
02012001
00212222
00121100
00212222
02010120
00201120
61
00002220
00001000
02012001
00212222
00121100
00212222
02010120
00201120
88
00002220
00001000
02012001
00212222
00121100
00222122
02020110
00221111
28
00002220
00001002
02012002
00212222
00121100
00222122
02020110
01111111
25
00002220
00021002
02022002
00122222
01121100
00122122
02010110
01111111
37
00002220
00021002
02022002
00122222
01122220
00112122
02110110
01111111
41
00012220
00011002
02012002
00112222
01112220
00112222
02222110
01111111
26
00012220
00011002
02012002
02222222
01212220
01122222
01122110
01111111
81
00011111
00011002
02012002
02222222
22212220
01122222
01122110
01111111
63
00011111
00011002
02011122
02221222
22212120
01122122
01122110
01111111
33
00011111
00011202
02111222
02111222
22111120
01122122
01122110
01111111
22
00211111
01021202
01112222
01111222
21111120
01122122
01122110
01111111
85
00211111
01021201
01112121
01111211
21111111
22222112
01122110
01111111
72
00211111
02021111
22222111
02111211
21211111
22222112
01122110
01111111
32
00211111
02111111
22112111
22111211
22211111
22222112
01122110
01111111
12
20211111
21111111
21112111
22111211
22211111
22222112
01122110
01111111
87
20211111
21111111
21112111
22111211
22211111
22222111
02122111
21111111
17
