00000000
00000000
00000000
00021000
00012000
00000000
00000000
00000000
43
00000000
00000000
00210000
00021000
00012000
00000000
00000000
00000000
65
00000000
00000000
00210000
00022200
00011100
00000000
00000000
00000000
53
00000000
00000000
00211000
00021200
00012200
00000200
00000000
00000000
34
00000000
00020000
00212000
00111200
00012200
00000200
00000000
00000000
22
00000000
01020000
02222000
00111200
00012200
00000200
00000000
00000000
52
20000000
02021000
02211000
00111200
00012200
00000200
00000000
00000000
31
20100000
02211000
02221000
00112200
00012200
00000200
00000000
00000000
56
20100000
02222200
02221000
00111200
00011200
00001200
00000000
00000000
77
20100000
02222200
02221000
02222200
00011200
00001100
00000010
00000000
74
20100000
02222200
02221000
02222222
00011100
00001100
00000010
00000000
73
20100000
02222200
02222210
02222122
00011100
00001100
00000010
00000000
51
20101000
02221100
02221210
02221122
00011200
00002100
00020010
00000000
21
21101000
02121100
02211210
02221122
00222200
00002100
00020010
00000000
75
21101000
02121100
02212210
02221212
00222220
00002102
00020010
00000000
26
21101000
02121100
02211210
02211212
00122220
01002202
00020210
00000000
85
21101000
02121100
02221210
02221212
00222111
01022202
00020210
00000000
15
21101000
02111102
02121220
01221212
10222111
01022202
00020210
00000000
36
21101000
02111102
02121220
01122212
10122111
01222202
02020210
00000000
83
21101000
02111102
22121111
02122211
10222111
01222202
02020210
00000000
18
21101000
02111102
22121111
02121211
10212111
01122202
01020220
10000002
14
21101000
02111102
22121111
12221211
12212111
01222202
01020220
10000002
12
21101000
11111102
11121111
12121211
12212111
02222202
21020220
10000002
68
21101000
11111102
11121111
12121211
12212111
02222102
21022220
10000102
37
21101020
11111202
11122111
12121111
12111111
01112102
21122220
10000102
58
21101020
11111202
11122121
12121211
12112111
02121102
22211220
12001102
38
21101020
11111222
11122221
12122211
12122111
02221102
22111220
11101102
16
21101020
11111222
11122221
12122221
11122221
11111122
11111220
11101102
81
22221021
11122211
11122221
12121221
11112221
11111122
11111220
11101102
61
22221111
11121111
11112121
12121121
11122121
11121222
11122220
11121102
87
