00000000
00000000
00000000
00222000
00021000
00000000
00000000
00000000
35
00000000
00000000
00000000
00222000
00211000
02000000
00000000
00000000
63
00000000
00000000
00000100
00221000
00212000
02000200
00000000
00000000
65
00000000
00000000
00000100
00221000
00221100
02020200
00000000
00000000
67
00000000
00000000
00000100
00221000
00222220
02020100
00000100
00000000
76
00000000
00000000
00000100
00221000
00222120
02020220
00000120
00000000
25
00000000
00000000
00000100
02221000
02211120
02020220
00000120
00000000
88
00000000
00000000
00000100
02222200
02212120
02020120
00000110
00000001
85
00000000
00000000
00000100
02222200
02222111
02022110
00000110
00000001
53
00000000
00002000
00002100
02222100
02222111
02022110
00000110
00000001
23
00000000
00002000
01002100
02122100
02212111
02022110
00002110
00000001
27
00000000
00002000
01002100
01122100
22212111
01022110
01002110
00000001
42
00000000
00012200
01002100
01122100
22212111
01022110
01002110
00000001
72
00000000
20011110
02002100
01222100
22222111
01022110
01002110
00000001
36
00000000
20011110
02002100
01221100
22222111
01221110
01022110
00000001
33
00000000
20011110
02102100
01222220
22221211
01222110
01022110
00000001
58
00000000
20011110
02102100
01222220
22221211
01221110
02021110
20001001
14
00000000
20011110
02102220
11222220
21221211
01121110
02011110
20001001
22
00000000
21011110
01102220
11222220
21221221
01122222
02011110
20001001
87
00020000
21012110
01102220
11222220
21221221
01122221
02011111
20001001
84
00020000
21012110
01102210
11111111
21221211
02122121
22011111
20001001
28
00020000
21022110
01122210
11122111
21221211
01122121
21011111
21001001
16
00020000
21022110
01122210
11122111
11221211
11122121
21011221
21001021
68
00020020
21022220
01122220
11122121
11221221
11122121
21011111
21001111
82
00020020
21022221
01122222
11122121
11221221
11122121
21011111
21001111
81
20020021
22022211
01222122
11121121
11211221
11122121
21011111
21001111
37
20020221
22022221
01222122
11121121
11211221
11112121
21111111
21001111
51
20021111
22011121
22221112
22121121
21211221
21112121
21111111
21001111
32
20021111
22111121
22111112
22121121
21211221
21212121
22221111
22201111
48
20221111
22221121
22212112
22221221
21211221
21212121
22111111
22211111
21
