00000000
00000000
00000000
00012000
00022200
00000000
00000000
00000000
46
00000000
00000000
00000000
00012000
00022200
00210000
00000000
00000000
64
00000000
00000000
00020000
00022100
00021200
00210000
00000000
00000000
42
00000000
00010000
00010000
00222100
00011200
00210000
00000000
00000000
25
00000000
00010000
00010000
00122220
01011200
00210000
00000000
00000000
26
00000000
00010000
00010000
00122220
01222200
01110000
00000000
00000000
56
00000000
00010000
00010000
00122220
22212200
01111000
00000000
00000000
63
00000000
00010200
00010200
00121220
22212200
01111000
00000000
00000000
83
00000000
00010200
00010201
00121222
22212100
01111000
00000000
00000000
85
00000000
00010200
00010201
00121221
22212101
01122000
00002000
00000000
58
00000000
00010200
00010201
00121221
22222221
01121000
00001000
00001000
53
00000000
00010200
00011201
00111221
22122221
01122200
00001000
00001000
73
00000000
00010200
00011111
00111221
22122221
02222200
02001000
00001000
86
00000000
00010200
00011111
02222221
22222211
02222201
02001000
00001000
51
00001000
00210100
00021111
02222221
22222211
02222201
02001000
00001000
47
00001000
00222100
00022111
02212211
22212111
02211201
02011000
00001000
16
00001000
00222100
00222111
02222211
22212111
11111201
02011000
00001000
61
00001100
00222220
00212211
02122211
21212111
11111201
02011000
00001000
67
00001100
00222220
00212221
02122221
21212221
11111121
02011100
00001000
87
00001100
00222220
00212221
02121221
21212121
11111221
02011121
00001000
21
01001100
00122220
00212221
02121221
21212121
22111221
22011121
00001000
82
01001100
00111111
00212211
02121121
21211121
22211221
22222221
00001000
38
01001100
00111111
00212211
02121121
21121121
22121221
22222221
00121000
68
01001100
00111111
00212211
22121121
22121121
22211121
22221111
00121100
23
01001100
02111111
02212211
22121121
22121121
22211121
22221111
00121100
18
01201100
02221111
02212211
22121121
22111121
22111121
21221111
10121100
28
01221100
02222111
02212211
22121121
22111121
22111121
21121111
11121100
12
01222220
11111221
01212221
22121121
22111121
22111121
21121111
11121100
81
21111111
22111211
22212121
22121121
22112121
22111221
21121121
11121102
78
