00000000
00000000
00000000
00021000
00012000
00000000
00000000
00000000
65
00000000
00000000
00000000
00022200
00011100
00000000
00000000
00000000
53
00000000
00000200
00002000
00021200
00011100
00000000
00000000
00000000
33
00000000
00000200
00102000
00012200
00012100
00002000
00000000
00000000
67
00000000
00000200
00102000
00012200
00012200
00001200
00000100
00000000
76
00000000
00000200
00102000
00012200
00012200
00001120
00000102
00000000
63
00000000
00000200
00102100
00011100
00012100
00022220
00000102
00000000
42
00000000
02010200
00201100
00021100
00012100
00022220
00000102
00000000
34
00000000
02012200
00202100
00112100
00012100
00022220
00000102
00000000
43
00000000
02012200
00211100
00111100
00012100
00022220
00000202
00002000
78
00002000
02022200
00211100
00111100
00012100
00021220
00000102
00002010
77
00002000
02022200
00212100
00112100
00012100
00022120
00002222
00002010
32
00002000
02122200
00212100
02222100
00012100
00022120
00002222
00002010
48
00002000
02122200
00212100
02222100
00012100
00022120
00001222
00222010
11
10002000
01122200
00112200
02212220
00011200
00022120
00001222
00222010
72
10002200
01112210
00122200
02211220
00011200
00022120
00001222
00222010
84
10002202
01112220
00122200
02211111
00011200
00022120
00001222
00222010
35
10002202
01112220
00122200
02121111
00121200
00022120
00022222
00222010
71
10002212
01112120
00121200
02211111
02221200
00022120
00022222
00222010
41
10011112
01111120
00121102
02211121
02221200
00022120
00022222
00222010
88
10011112
01111120
02221102
02211121
02221200
00022120
00022212
00222011
85
10222222
01211120
02221102
02211111
02221201
00022120
00022212
00222011
14
10222222
22211120
02221102
11111111
02221201
00022120
00022212
00222011
37
10222222
22211120
02221102
12111111
22221201
00012120
00111112
00222011
36
10222222
22221120
02222102
12111211
21111221
00112220
00112112
00222011
68
10222222
22221120
22222102
22111211
21111221
00112220
00111112
00222111
86
10222222
22221220
22222222
22111221
21111221
00111111
00111111
00222111
28
10222222
22221220
22222222
22211221
22111221
20111111
00111111
01111111
82
10222222
22221111
22222211
22221121
22211221
22111111
00111111
01111111
17
10222222
12221111
12221211
12212121
12121221
12211111
12111111
01111111
21
