00000000
00000000
00000000
00021000
00012000
00000000
00000000
00000000
56
00000000
00000000
00000000
00021000
00012000
00001200
00000000
00000000
76
00000000
00000000
00000000
00021000
00012000
00002110
00002000
00000000
48
00000000
00000000
00000000
00221000
00022000
00002110
00001000
00010000
36
00000000
00000000
00000000
00221000
00012000
00102222
00001000
00010000
75
00000000
00000000
00000000
00221000
00022010
00122122
00001000
00010000
77
00000000
00000000
00002000
00222000
00022010
00122112
00001010
00010000
35
00000000
00000000
00002000
00222200
00122020
00112112
00001010
00010000
62
00000000
00000100
00001000
00212200
00222020
00222112
00201010
00010000
84
00000000
00000100
00001000
00212201
00222010
00222112
00202010
00012000
47
00000000
00000100
00001000
00212201
00212010
00212212
00212020
00012002
24
00000000
00000100
00001000
22222201
00112010
00212212
00212020
00012002
43
00000000
00000100
00011000
22212201
02222010
00212212
00212020
00012002
67
00000020
00000200
00012000
22222201
02222010
00212212
00211120
00012002
87
00000020
00020200
00022000
22222201
02222010
00212212
00211111
00012002
85
00000020
00020200
00022000
22222201
02222011
00222211
00212211
00012202
65
00000020
00020200
00022002
22222202
02222112
00221212
00212212
00012202
27
00000020
00020200
00022002
22222202
02222112
00221212
02112212
20012202
17
00000020
00020200
00022002
22222202
02222112
20221212
21112212
20012202
78
00000020
00020200
00022002
22222202
02222112
20221212
21212112
22011112
33
00000020
00020200
00122002
22212202
02221112
22221112
22212112
22011112
73
00000020
00020200
02222012
22212102
02221112
22221112
22212112
22011112
22
02000020
02020200
02122012
22212102
02221112
22221112
22212112
22011112
31
02100020
02012200
02122012
22212102
02221112
22221112
22212112
22011112
38
02100020
02012200
02122012
22112222
02121112
22121112
22112112
22111112
11
11100020
01012202
02122022
22112222
02121112
22121112
22112112
22111112
32
11102020
01122202
02212022
22111222
02121112
22121112
22112112
22111112
15
11122020
01222202
02212022
22111222
11121112
21121112
22112112
22111112
61
11111120
22221202
02212022
22111222
11121112
21121112
22112112
22111112
72
11111120
22221112
02212222
22112222
11121112
21121112
22112112
22111112
81
11111111
22221112
02212222
22112222
11121112
21121112
22112112
22111112
13
