00000000
00000000
00000000
00012000
00022200
00000000
00000000
00000000
46
00000000
00000000
00000000
00012000
00012200
00020000
00200000
00000000
66
00000000
00000000
00000000
00012000
00012200
00022100
00200000
00000000
67
00000000
00000000
00000000
00012000
00012200
00022100
00220100
00000000
75
00000000
00000000
00000000
00012000
00021110
00222100
00220100
00000000
34
00000000
00000000
00000000
02222000
00011110
00221100
00220100
00000000
53
00000000
00000000
00001000
02221000
00021110
00222100
00220200
00000020
57
00000000
00000000
00001000
02221000
00021110
00221100
00222200
00000220
28
00000000
00000000
00001000
02221000
00021110
00211100
02222200
01000220
38
00000000
00000200
00002000
02221000
00021110
00211100
02212200
01100220
18
00000000
00000200
00002000
02221002
00011120
00111200
01212200
11100220
14
00000000
00000200
00202000
11121002
00012120
00111200
01212200
11100220
52
00000000
00001200
00201000
12121002
20012120
00111200
01212200
11100220
72
00000000
00001110
00201000
12122202
20012220
00111200
01212200
11100220
85
00000000
00001110
00201000
12122202
20011211
00111220
01212200
11100220
35
00000000
00001110
00201000
12112202
20111211
02222220
01212200
11100220
74
00002000
00002110
00202000
12112112
20112111
02222220
01212200
11100220
32
00202000
00202110
00202000
12212112
20212111
02222220
01212200
11100220
83
00202000
00202222
00202001
12212111
20212111
02222220
01212200
11100220
58
00202000
00202222
00222001
12222111
20222111
02222210
01212100
11101220
16
00202000
00202222
00222021
12222211
10222111
11111110
01212100
11101220
71
00202010
00202112
00221011
12212211
10122111
11111110
22212100
11101220
81
00202011
00202111
00222211
12212211
10122111
11111110
22212100
11101220
41
00212011
00201111
00222111
12212211
10122121
11111112
22212100
11101220
22
00212011
22201111
00122111
12212211
10122121
11111112
22212100
11101220
23
00212011
22101111
01122111
12112211
10112121
11111222
22212220
11101220
88
00212011
22221111
01222111
12112211
10111121
11111122
22212210
11101111
61
00211111
22221111
01222111
12122211
10121121
11121122
22222210
11121111
25
00211111
22221111
01222111
11122211
11121121
11121122
22222222
11121111
21
01111111
21121111
22212111
22121211
21221121
21121122
22222222
11121111
11
