00000000
00000000
00000000
00021000
00012000
00000000
00000000
00000000
34
00000000
00000000
00200000
00121000
00012000
00000000
00000000
00000000
56
00000000
00000000
00200000
00121000
00021000
00021000
00000000
00000000
32
00000000
02100000
00200000
00121000
00021000
00021000
00000000
00000000
11
10000000
01100000
00120000
00121000
00021000
00021000
00000000
00000000
35
10000000
01100000
02220000
00121000
00111000
00021000
00000000
00000000
14
10000000
01100000
01220000
10221000
02111000
00021000
00000000
00000000
57
10000000
21100000
02220000
10221000
02111000
00011000
00001000
00000000
13
10200000
11200000
12220000
10221000
02111000
00011000
00001000
00000000
21
11200000
11100000
12210000
10221000
02121000
00012000
00001200
00000000
53
11200000
11100000
12211000
10211000
02221000
00222000
00001200
00000000
77
11220000
11200000
12211000
10211000
02221000
00222000
00001110
00000000
47
11220000
11200000
12211000
10221000
01212000
00112200
00011110
00000000
26
11220000
11200000
12211000
10211000
02112000
22222200
00011110
00000000
65
11220000
11200000
12211000
10211000
02222220
22221100
00011110
00000000
64
11220000
11200000
12211000
10211100
02222120
22221100
00012110
00000200
51
11111000
11200000
12211000
10211100
02222120
22221100
00012222
00000200
84
11111000
11200000
12222200
10212201
02222210
22221200
00012222
00000200
76
11111000
11100000
12212200
10211201
02222110
22221110
00022222
00002200
48
11111000
11100000
12212200
10211201
02212222
22211120
00011222
00012200
27
11111000
11100000
12212200
10211201
02212222
22221120
01222222
00012200
78
11111000
11100000
12212200
10211201
02212222
22221120
02222122
02011110
18
11111000
11100000
12212200
10211201
02212222
22121120
02222122
12211110
86
11111000
11120000
12222200
10221201
02222221
22121111
02222112
12211110
74
11111000
11120000
12222202
10221122
02222212
22122112
02222112
12211110
17
11111000
11120000
12222202
10221122
02222212
22122212
11111122
12222222
15
11111000
11120000
12222202
12221122
12211112
12122212
12111122
12222222
62
11111000
11122100
12222202
12212122
12112112
11122212
12111122
12222222
61
11111120
11121200
12212202
12112122
11112112
11122212
12111122
12222222
72
11111120
11121120
12212222
12111222
11112112
11122212
12111122
12222222
81
