00000000
00000000
00000000
00021000
00012000
00000000
00000000
00000000
43
00000000
00000000
00210000
00021000
00012000
00000000
00000000
00000000
23
00000000
00000000
01110000
00021000
00022000
00020000
00000000
00000000
47
00000000
02000000
01210000
00021000
00012000
00010000
00010000
00000000
56
00000000
02000000
22210000
00021000
00011000
00011000
00010000
00000000
11
10200000
02000000
22210000
00021000
00012000
00011200
00010000
00000000
76
10200000
02000000
22222000
00022000
00012000
00011110
00010000
00000000
64
10200000
02000000
22222000
00022100
00021000
00211110
00010000
00000000
25
10200000
02000000
22222000
00022100
01022000
00112110
00012000
00000000
42
10200000
02010000
22211000
00012100
01012000
00112110
00022000
00200000
48
10200000
02210000
22221000
00012100
01012000
00112110
00011000
00210000
63
10200000
02210000
22221100
00011100
01012000
00112110
00012000
00222000
21
11200000
02110000
22211100
00011100
01012000
00112222
00012000
00222000
68
11200000
02110000
22211100
00011100
01012000
00112222
00011000
00222220
24
11200000
01110000
21111100
21011100
02012000
00212222
00021000
00222220
41
11110000
01110020
21111200
21012100
02022000
00212222
00021000
00222220
37
11110000
01110020
21111220
21012200
02022000
00212222
00111000
00222220
26
11110000
01110020
21111220
22222200
01022000
01112222
00111000
00222220
75
11110000
01110020
21111220
22222100
02022010
02212122
02111000
00222220
16
11110000
01110020
21111220
22122100
01022010
11112122
02222200
00222220
77
11112000
01120020
21211220
22122100
01022010
11112112
02222210
00222220
83
11112000
01120020
21211111
22122100
01022012
11112122
02222210
00222220
81
11112001
01120012
21211121
22122200
01022012
11112122
02222210
00222220
52
11112001
01111012
21211121
22122220
01022022
11112122
02222210
00222220
28
11112001
01111012
21211121
22122220
01022022
11212122
02122210
22222220
15
11112001
21111012
22111121
21222220
11022022
11212122
02122210
22222220
35
11112001
21111012
22111121
21112220
11122022
11112222
02122220
22222222
61
11111101
21111012
22111121
21112220
21122022
21112222
22122220
22222222
65
11111121
21111022
22111121
21111110
21111122
21112222
22122220
22222222
87
11111121
22222222
22112221
21121210
21211222
22112212
22111111
22222222
84
