00000000
00000000
00000000
00021000
00012000
00000000
00000000
00000000
34
00000000
00000000
00200000
00121000
00012000
00000000
00000000
00000000
32
00000000
02100000
00200000
00121000
00012000
00000000
00000000
00000000
65
00000000
02220000
00200000
00121000
00011100
00000000
00000000
00000000
31
00100000
02120000
00100000
00121000
00012100
00000200
00000000
00000000
56
00100000
02120000
00100000
00122200
00011200
00001200
00000000
00000000
76
00100000
02120000
00100000
00122200
00011200
00002110
00020000
00000000
11
10100000
01120000
00100000
00122200
00011200
00002222
00020000
00000000
73
10100000
01120000
00100010
00122100
00021200
00022222
00020000
00000000
35
10100000
01120000
00100010
00122100
00211200
02022222
00020000
00000000
77
10100000
01120000
00100010
00122220
00211200
02022122
00020010
00000000
53
10100000
01110000
00101010
00121220
00211200
02022122
00020020
00000200
88
10100000
01110000
02101010
00221220
00221200
02022122
00020010
00000201
24
10100000
01110000
01101010
22222220
00221200
02022122
00020010
00000201
67
10100000
01110020
01101020
22122220
00211200
02021122
00020110
00000201
75
10100000
01110220
01102020
22122120
00211110
02021112
00020110
00000201
25
10100000
01110220
21102020
22122120
01211110
02021112
00020110
00000201
71
10100010
01110210
21102210
22122210
01211210
02021212
00020210
00000201
57
10100010
01110210
21102210
22122220
01211222
02021112
00021110
00000201
84
10100010
01110210
22222210
22122111
01221212
02021112
00021110
00000201
37
10100010
01110210
22222210
22122111
01221212
02012112
00111210
00000221
51
10101010
01110110
22222210
22122111
01221212
02022112
00221210
00020221
17
10101010
01110110
22221210
22212111
02221212
01222112
10221210
00020221
52
10101010
01111110
22222222
22212122
02221212
01222112
10221210
00020221
58
10101010
01111110
22222222
22212122
02221212
22222112
10221110
00021111
27
10101010
01111110
21222122
21211122
01211212
21122122
11111112
00021111
82
10101010
01111111
21222111
22211121
22211211
22122121
11211111
00021111
38
10101210
01112211
21222211
22211221
22211211
22122121
11111111
00111111
41
12222210
02211211
22222111
22211211
22211211
22122121
11111111
00111111
12
12222210
11111211
11222111
12111211
12211211
12122121
12211111
02111111
18
