00000000
00000000
00000000
00021000
00012000
00000000
00000000
00000000
65
00000000
00000000
00000000
00022200
00011100
00000000
00000000
00000000
63
00000000
00000000
00000100
00021100
00012100
00000200
00000000
00000000
46
00000000
00000000
00000100
00021100
00021100
00020200
00020000
00000000
37
00000000
00000020
00000200
00022100
00021100
00010200
00120000
00000000
53
00000000
00000020
00001200
00021100
00022220
00010200
00120000
00000000
57
00000000
00020020
00002200
00021200
00022220
00010200
00111000
00000000
84
00000000
00020020
00002200
00021201
00022210
00010200
00111200
00000000
52
00000000
00021020
00001200
00021201
00022210
00020200
00122200
00020000
31
00100000
00011020
00001200
00021201
00022210
02020200
00222200
00020000
36
00120000
00012020
00001200
00021201
00012210
02120200
00222200
00020000
38
00120000
00012020
00001200
00021201
00012210
02120200
00222200
02220000
73
00120000
00012022
00001120
00021201
00012210
02120200
00222200
02220000
43
00120000
00012022
00011220
00012201
00022210
02220200
02222200
02220000
76
02220000
00012022
00011220
00011201
00022110
02220210
02222200
02220000
74
02220000
00012022
00011220
00011121
00022222
02220220
02222200
02220000
86
02220000
00222022
00021220
00012121
00022211
02220221
02222200
02220000
35
02220000
00222222
00022220
00022121
00211111
02220221
02222200
02220000
87
02220000
00222222
00022220
00022121
00211121
02220221
02222221
02220000
25
02220000
00222222
00022220
00222121
01211121
02220221
02222221
02220000
17
02220000
00222222
00022220
00222121
01211121
02220221
11111121
02220020
33
02220000
00222222
00122220
00112121
22222221
02120221
11111121
02220020
51
02222200
00212222
00122210
00112121
22222221
02120221
11111121
02220020
88
02222200
00212222
00122210
00112121
22221221
22120121
12111111
02220021
14
02222200
00212222
02222210
10212121
11221221
12120121
12111111
02220021
22
02222200
01112222
02122210
10212121
11221221
12120121
12111211
02222021
56
02222200
22222222
02122210
10212121
11221221
12111121
12111211
02222021
71
02222210
22222112
02221210
12212121
12221221
12111121
12111211
02222021
83
02222222
22222122
02221211
12212111
12221121
12111121
12111211
02222021
68
02222222
22222122
02221211
12212111
12221121
12111121
12111111
02222111
11
12222222
22222122
22121211
12212111
12221121
12111121
12111111
02222111
18
