00000000
00000000
00000000
00021000
00012000
00000000
00000000
00000000
65
00000000
00000000
00000000
00021000
00021100
00020000
00000000
00000000
33
00000000
00000000
00100000
00011200
00022100
00020000
00000000
00000000
36
00000000
00000000
00120000
00021200
00022100
00120000
00000000
00000000
53
00000000
00020000
00122000
00021200
00022100
00120000
00000000
00000000
52
00000000
00021000
00122200
00022200
00022100
00120000
00000000
00000000
72
00002000
00022010
00122100
00021200
00012100
00120000
00000000
00000000
56
00002000
00022010
00122100
00021200
00012200
00111200
00000000
00000000
41
00012000
00011010
00112100
00011200
00012200
00112200
00020000
00000000
76
00012000
00011010
00112100
00011200
00012100
00121110
00220000
00000000
62
00012000
00011110
00111100
00011200
00012100
00121210
00220020
00000000
74
00012000
00011110
00111100
00011110
02012100
00221210
00220020
00000000
28
00012000
00011110
00111100
00011110
02011100
00211222
00120020
01000000
35
00012000
00211110
00121100
00012110
02111200
00111222
00120020
01000000
61
00011100
00211110
00122220
00012110
02111200
00111222
00120020
01000000
38
00011102
00211120
00122220
00012110
02111200
00111222
00110020
01100000
22
00011102
01111120
00122220
00012110
02112200
00112222
00112020
01100000
88
00011122
01111220
00122220
00012110
02111200
00112122
00112010
01100001
15
00011122
01111220
02222220
00012110
11111200
00112122
00112010
01100001
82
00011122
01111111
02222210
00012120
11111202
00112122
00112010
01100001
48
02011122
02211111
02222210
00012120
11111202
00112122
00111010
01110001
34
02011122
02211111
02212210
00112120
11111202
00112122
00112010
01112001
14
02011122
02111111
01212210
10112120
11111202
00112122
00112020
01112201
84
02011122
02111111
01212210
10112111
11111202
00112122
00112020
22222201
11
12011122
01111112
01112222
10112122
11111202
00112122
00112020
22222201
31
11111122
01111112
01112222
10122122
11211202
02222122
00212020
22222201
87
11111122
01111112
01112222
10121222
11211202
02222222
00212221
22222201
27
11111122
01111112
01112222
10121222
11211202
22222222
02112221
22222201
75
11111122
01111112
22222212
20121112
21211112
22222222
02112221
22222201
17
11111122
22222222
22221212
20111112
21111112
21222222
11112221
22222201
24
11111122
21212222
21121212
21111112
21111112
21222222
11112221
22222201
78
