00000000
00000000
00000000
00021000
00012000
00000000
00000000
00000000
65
00000000
00000000
00000000
00021000
00012100
00000200
00000000
00000000
67
00000000
00000000
00000000
00021000
00012220
00000100
00000100
00000000
76
00000000
00000000
00000000
00021000
00022120
00020110
00000100
00000000
35
00000000
00000000
00000000
00021000
00211120
02020110
00000100
00000000
85
00000000
00000000
00000000
00021000
00212111
02020210
00000120
00000000
34
00000000
00000000
00002000
00122000
00212111
02020210
00000120
00000000
57
00000000
00000000
00002000
00122000
00212211
02020120
00001122
00000000
25
00000000
00000000
00002000
00122000
01112211
02022220
00001122
00000000
62
00000000
00000100
00001000
00112002
01112221
02022220
00001122
00000000
17
00000000
00000100
00001000
00112002
22222221
01022220
10001122
00000000
88
00000000
00000100
00001000
02222002
22221221
01022120
10001112
00000001
13
00000000
00000100
10001000
01222002
22121221
02012120
12001112
00000001
86
00000000
00000100
10001000
01222002
22121221
02012111
12002111
00002001
28
00000000
00000100
10001000
01222002
22121221
21012111
11002111
01002001
64
00000000
00000100
10001000
01111122
22121211
21012111
11002111
01002001
47
00000000
00000100
10001000
01111122
22121211
21012211
11011211
01002201
36
00000000
00000100
10021000
01212122
22111211
21112211
11011211
01002201
33
00000000
00000100
10111000
01112122
22121211
21212211
22011211
21002201
78
00000000
00000100
10111200
01112222
22111211
21211211
22011111
21002211
73
00000000
02000100
10211110
01122112
22112211
21211211
22011111
21002211
42
00020000
02020100
10121110
01122112
22112211
21211211
22011111
21002211
83
00020000
02020100
10121111
01122111
22112211
21212211
22021111
22202211
52
00020000
02221100
10221111
01222111
22212211
21212211
22021111
22202211
31
00120000
01211100
10221111
01222111
22212211
22222211
22221111
22202211
48
02220000
01211100
10221111
01222111
22212211
22212211
22211111
22211111
14
02220000
01222220
10221211
11222111
21212211
22112211
22211111
22211111
81
02220001
02222210
12221111
12221111
22212211
22112211
22211111
22211111
71
02220011
22222110
22221111
22221111
22212211
22112211
22211111
22211111
51
02222211
22222210
22221211
22221211
22212211
22112211
22211111
22211111
11
