00000000
00000000
00000000
00021000
00012000
00000000
00000000
00000000
43
00000000
00000000
00012000
00012000
00012000
00000000
00000000
00000000
63
00000000
00002000
00012100
00012000
00012000
00000000
00000000
00000000
62
00000000
00202100
00021100
00012000
00012000
00000000
00000000
00000000
65
00000000
00202100
00021100
00222000
00011100
00000000
00000000
00000000
21
01000000
00122100
00021100
00221000
00011100
00000000
00000000
00000000
33
01000000
02222100
00111100
00211000
00011100
00000000
00000000
00000000
41
01010000
02211100
00111100
00222200
00011100
00000000
00000000
00000000
31
01110020
02111200
00112100
00222200
00011100
00000000
00000000
00000000
75
01110220
02112200
00121100
00222100
00011110
00000000
00000000
00000000
13
01110220
01112200
10121100
00222100
00021110
00200000
00000000
00000000
72
01110220
01111110
10121100
00222100
00022110
00202000
00000000
00000000
27
01110220
01111110
10121100
00222100
00012210
00102020
01000000
00000000
77
01112220
01112110
10122100
00222100
00012210
00102010
01000010
00000000
66
01112220
01112110
10122200
00212220
00011210
00102110
01000010
00000000
46
01112220
01112110
10122200
00212220
00012210
00121110
01200010
00000000
83
01112220
01112110
10122201
00212210
00012110
02221110
01200010
00000000
35
01112220
01112110
10122201
00112210
00112210
02221210
01200210
00000000
38
01112220
01112110
10122201
00112220
00112222
02121220
01100210
00100000
87
01112220
01112110
10112201
00111220
00112122
02122210
01102211
00100000
68
01112220
01112110
10112201
00111220
00112122
02112120
01101221
00100120
88
01112220
01112110
10112201
00111220
00112122
02112120
01102211
00102111
81
01111111
22222110
10112201
00111220
00112122
02112120
01102211
00102111
73
01111111
22222110
10111111
00111112
00111122
02112210
01102211
00102111
15
01111111
22222110
12111111
00211112
10121122
01112210
01102211
00102111
14
01111111
22122110
11111111
10211112
10121122
01112222
01102211
00102111
25
01111111
22122110
12211111
12222222
11221122
01122222
01102211
00102111
47
01111111
22122222
12211122
12212222
11211122
01111222
01111111
00102111
48
01111111
22122222
12211122
12212222
11221122
01211222
02111111
20111111
17
01111111
22122222
12211122
12212222
12222122
02221222
12211111
22111111
16
01111111
22122222
12211122
12112222
11222122
11111222
11211111
22111111
11
