00000000
00000000
00000000
00222000
00021000
00000000
00000000
00000000
53
00000000
00000000
00001200
00222000
00021000
00000000
00000000
00000000
73
00000000
00002000
00002110
00222000
00021000
00000000
00000000
00000000
33
00000000
00002000
00102210
00212020
00021000
00000000
00000000
00000000
24
00000000
00002000
00102210
01112020
00022200
00000000
00000000
00000000
56
00000000
00002000
00102210
01112020
00012200
00002000
00002000
00000000
64
00000000
00002000
00102210
01121120
00222200
00002000
00002000
00000000
51
00001000
00001002
00101220
01121220
00222200
00002000
00002000
00000000
66
00001000
00001002
00101220
01111220
00222200
00022100
00002000
00000000
58
00001000
00001002
00122220
01122220
00221200
00021100
00001000
00001000
85
00001000
00001002
00122122
01122220
00221201
00021100
00001000
00001000
36
00001000
00001002
00122122
01121220
00112201
00111200
00001020
00001000
62
00001000
02001102
00221122
01121220
00112201
00111200
00001020
00001000
76
00001200
02002202
00221222
01121220
00112101
00111110
00001020
00001000
32
00001200
02102202
00111222
01121220
00212101
02111110
00001020
00001000
25
00001200
02102202
00111222
01121220
22222101
02111110
00001020
00001000
71
00201110
02202102
00211222
01221220
22222101
02111110
00001020
00001000
16
00201110
02202222
00211222
01121220
21222101
11111110
00001020
00001000
88
00201110
02202222
00211222
01121220
21222101
11121110
00002010
00001201
84
00201110
02202122
00211212
01121111
21222101
11121110
00002010
00022201
14
00201110
02202122
02211212
11221111
11222101
11121110
00002010
00022201
13
00201110
02202122
11111212
11221211
11222201
11122210
00002210
00022201
78
00201110
02202122
12111212
12122211
12222201
12221210
02002110
00022211
38
00201110
02202122
12111212
12122211
12222201
12222210
01022110
00111111
11
10201110
01202122
12111222
12122221
12222221
12222210
01022110
00111111
21
11201110
01122122
12222222
12122221
12222221
12222210
01022110
00111111
81
11201111
01122111
12222121
12121221
12212221
12122220
01022222
00111111
17
11201111
01122111
12221121
12111221
12112221
12122220
12022222
02111111
18
11221111
01222111
12221121
12111221
12112221
12122220
11022222
11111111
86
11221111
01222111
12221121
12211121
12212211
12221111
11222211
11111111
12
