00000000
00000000
00020000
00022000
00021000
00000000
00000000
00000000
53
00000000
00000000
00021000
00022000
00022200
00000000
00000000
00000000
56
00000000
00000000
00021000
00021000
00021200
00002000
00000200
00000000
35
00000000
00000000
00022200
00011000
00111200
00002000
00000200
00000000
78
00000000
00000000
00022200
00021000
00121200
00021000
00000100
00000010
76
00000000
00000000
00022200
00022000
00122100
00022010
00002100
00000010
62
00000000
00000100
00021200
00012000
00122200
00022020
00002102
00000010
42
00000000
00010100
00222200
00022000
00122200
00022020
00002102
00000010
85
00000000
00010100
00222200
00022000
00122201
00022010
00002222
00000010
34
00000000
00010100
00222200
00122000
00112201
00022010
00022122
00000010
72
00000000
00010110
00222100
02221000
00212201
00022010
00022122
00000010
52
00002000
00022110
00222100
02222000
00212201
00022010
00022122
00000010
41
00012000
00211110
00222100
02212000
00212201
00022010
00022122
00000010
14
00012020
00211210
00222100
11112000
00212201
00022010
00022122
00000010
75
00012020
00211210
00222100
11122000
00212111
00022210
00022122
00000010
21
01012020
00111210
20212100
12121000
00212111
00022210
00022122
00000010
23
01012020
00111220
21112220
12121000
00212111
00022210
00022122
00000010
83
01012020
00111220
21111111
22121000
20212111
00022210
00022122
00000010
26
01012020
00111220
21111111
22111000
22222111
01022210
00022122
00000010
88
01012020
20111220
22111111
22211000
22221111
01022110
00022112
00000011
22
01012020
21111220
21111111
21211000
22221111
21022110
00022112
00000011
58
01012020
21111220
21111111
21211000
22221111
22221110
00021112
00001011
81
01012021
21111210
21111211
21222200
22222111
22221110
00021112
00001011
17
01012021
21111210
21111221
21212202
22122111
21221110
10021112
00001011
11
11012021
11111210
11111221
11212202
12122121
11221210
10022112
00021011
27
11012221
11112210
11121121
11211202
12112121
11121210
11022112
00021011
74
11012221
11112210
11121111
11211112
12112111
12121210
12022112
02021011
38
11012221
11112210
11121111
11211112
12212111
12221210
11222112
02111011
18
11012221
11112210
11121111
11211112
12212112
12221222
11222112
11111011
68
