00000000
00000000
00000000
00012000
00022200
00000000
00000000
00000000
66
00000000
00000000
00000000
00222000
00021200
00000100
00000000
00000000
75
00000000
00000000
00000000
00222000
00021210
00000120
00000000
00000000
33
00000000
00000000
00100000
00212020
00021220
00000120
00000000
00000000
46
00000000
00000000
00100000
00212020
00222220
00010120
00000000
00000000
26
00000000
02000000
00200000
00222020
00122220
01010120
00000000
00000000
53
00000000
02000000
00221000
00222020
00122220
01010120
00000000
00000000
85
00000000
02000000
00221000
00222020
00211111
02010120
20000000
00000000
23
00000000
02000000
01111000
00122020
00211111
02020120
20002000
00000000
21
21000000
02000000
01211000
00122020
00211111
02020120
20002000
00000000
36
21000000
02000000
01211000
00122220
00112111
02120120
20002000
00000000
83
21000000
02000000
01211001
00122210
00112111
02122220
20002000
00000000
67
21000000
02000200
01212001
00122210
00112111
02121110
20002100
00000000
68
21000000
02000200
01212001
00122210
00112211
02111120
20001102
00000100
52
21000000
02001200
01211021
00121220
00111221
02111120
20001102
00000100
86
21000000
02001200
01211021
00121120
02222211
02111111
20001102
00000100
82
21000000
02201201
01221011
00122120
02222211
02111111
20001102
00000100
88
21000000
02201201
02221011
20122120
02222211
02111111
20001101
00000101
63
21000000
02201201
02221111
20221110
02222211
02112111
20001201
00000121
42
21000000
02211201
02211111
20211110
02212211
02112111
20002201
00002221
47
21000000
02211201
02211111
20211110
02212111
02221111
20222201
00002221
38
21000000
02211201
02211111
20211110
02212111
02221111
20222201
00122221
71
21000010
02211101
02211111
20222222
02212121
02221211
20222201
00122221
24
21000012
01211102
01111112
21222222
02212121
02221211
20222201
00122221
31
21100012
21111102
02111112
21222222
02212121
02221211
20222201
00122221
77
21100222
21112202
02121212
21212222
02211121
02221111
20222211
00122221
72
21102222
21112212
02122122
21212222
02212121
02222111
20222211
00122221
15
21102222
21112212
02122122
21212222
11112121
02222111
20222211
02222221
27
21102222
21112212
02122122
21212222
22112121
22222111
22111111
02222221
41
21112222
21111212
22122122
22212222
22212121
22222111
22111111
02222221
18
