00000000
00000000
00000000
00021000
00012000
00000000
00000000
00000000
43
00000000
00000000
00010000
00011000
00222000
00000000
00000000
00000000
46
00000000
00000000
00010000
00011000
00212000
00020000
00200000
00000000
65
00000000
00000000
00012000
00021000
00211100
00020000
00200000
00000000
47
00000000
00020000
00022000
00021000
00211100
00010000
00210000
00000000
52
00000000
00021000
00022000
00022200
00212100
00020000
00210000
00000000
41
00210000
00021000
00012000
00012200
00212100
00020000
00210000
00000000
62
00210000
00021100
00011000
00222200
00212100
00020000
00210000
00000000
27
00222000
00022100
00012000
00222200
00212100
00020000
01110000
00000000
61
00222100
00021100
00012000
00222200
00212200
00020200
01110000
00000000
25
00222100
00021200
00012020
00122200
01112200
00020200
01110000
00000000
76
00222100
00021200
00012020
00121200
01112220
00020210
01110000
00000000
82
00222220
00021201
00012010
00121100
01111220
00010210
01110000
00000000
72
00222220
00021111
00012010
00121100
01111220
00010222
01110000
00000000
32
00222220
00112111
00022010
00221100
02111220
20010222
01110000
00000000
15
00222220
00212111
02022010
00221100
11111220
20010222
01110000
00000000
17
00222220
00212211
02022020
00221102
11111220
10010222
11110000
00000000
74
00222220
00212211
02022210
00221212
11111220
10010222
11110000
00000000
21
01222220
00222211
02222210
00221212
11111220
10010222
11110000
00000000
85
01222220
00222211
02222210
00222212
11221111
10210222
11110000
00000000
81
01111111
00222211
02222210
00222212
11222111
10220222
11210000
02000000
38
01111111
00122211
02122210
00122212
11222111
12220222
12110000
02100000
12
01111111
10122211
22222210
00122212
11222111
12220222
12110000
02100000
14
01111111
10122211
11222210
10122212
11222111
12220222
12220000
02220000
56
01111111
10121211
11221210
10121212
11211111
11121222
12222000
02220000
77
01111111
12221211
11221210
10121212
11211111
11121112
12222010
02220000
58
01111111
12221211
11221210
10121212
11211111
11121112
12212020
02222200
87
01111111
12221211
11221222
10121222
11211211
11122111
12222021
02222200
11
11111111
11221211
11221222
12222222
12211211
12122111
12222021
02222200
78
11111111
11221211
11221222
12222222
12211211
12122211
12222211
02222210
18
