00000000
00000000
00000000
00021000
00012000
00000000
00000000
00000000
43
00000000
00000000
00210000
00021000
00012000
00000000
00000000
00000000
56
00000000
00020000
00220000
00021000
00011000
00001000
00000000
00000000
34
00000000
00020000
00220000
00121000
00021000
00021000
00000000
00000000
22
00000000
01020000
00120000
00211000
02021000
00021000
00000000
00000000
41
00010000
01010000
00110200
00212000
02021000
00021000
00000000
00000000
64
00010000
01012000
00120200
00211100
02021000
00021000
00000000
00000000
37
00010000
01012000
00120200
00211100
02021000
00021000
00120000
00000000
38
00010000
01012000
00120200
00222220
02021000
00021000
00110000
00100000
53
00010000
01222000
00211200
00221220
02021000
00021000
00110000
00100000
35
00010000
01222000
00211200
00211220
02111000
00021000
00120000
00120000
15
00010000
22222000
00211200
00211220
11111000
00021000
00120000
00120000
84
00010000
22222000
00211200
00221111
11112000
00022200
00120000
00120000
58
00010000
22222000
00211200
00221111
11112000
00022200
02220000
00111000
23
00010000
22122000
01111200
00121121
11112002
00022200
02220000
00111000
57
00010000
22122000
22222200
00121121
11111002
00011200
02221000
00111000
14
00010000
22122000
21222200
10222121
11221002
00222200
02221000
00111000
67
00010000
22122000
21222200
10122221
11222202
00222200
02221100
00111000
16
00010000
22122000
21222200
10122221
11222202
10222200
01222200
00111200
21
01010000
21122000
21222202
10122222
11222202
10222200
01222200
00111200
73
01010000
21122002
21111122
10122222
11222202
10222200
01222200
00111200
26
01010000
21122002
21211122
12222222
11222202
11222200
01122200
00111200
76
01010000
21122002
21211122
12221222
11222222
11111210
01122100
00111200
72
01010000
21122012
21211112
12221212
12222212
12121210
02222100
02222200
31
01110002
21112022
21211212
12222212
12222212
12121210
02222100
02222200
11
11112002
11122022
11211212
12222212
12222212
12121210
02222100
02222200
61
11111102
11121022
11211212
12222212
12222212
12122210
02222200
02222220
17
11111102
11121022
11211222
12212222
12122222
11122220
12222220
02222220
87
11111102
11121022
11211222
12211222
12122122
11122222
11111121
02222220
88
11111102
11121022
11211222
12211222
12121122
11222122
12111111
22222221
71
