00000000
00000000
00000000
00021000
00012000
00000000
00000000
00000000
34
00000000
00000000
00200000
00121000
00012000
00000000
00000000
00000000
56
00000000
00000000
00200000
02221000
00011000
00001000
00000000
00000000
23
00000000
00000000
01200000
02122200
00011000
00001000
00000000
00000000
53
00000000
00000000
01201000
02121200
00022000
00021000
00000000
00000000
35
00000000
00000000
01201000
02111200
02222000
00021000
00000000
00000000
14
00000000
00000000
01201000
11111200
02222000
00022200
00000000
00000000
22
20000000
02000000
01201000
11121200
02222000
00022200
00000000
00000000
21
21000000
01000000
01201200
11122200
02222000
00022200
00000000
00000000
57
21000000
01000000
01201200
11121200
02122200
00011200
00001000
00000000
42
21000000
01010000
01101200
11121200
02122200
00012200
00001200
00000000
75
21000000
01010000
01122200
11221100
02111110
00012100
00001200
00000000
72
21000000
01010010
01122100
11221100
02222222
00012100
00001200
00000000
77
21000000
01010010
01122100
11221100
02222222
00012100
00001210
00000020
26
21000000
01010010
01122100
11221100
01222222
02012100
20001210
00000020
36
21020000
01020010
01122100
11121100
01112222
02112100
20001210
00000020
32
21020000
01120010
01212100
12121100
22222222
02112100
20001210
00000020
84
21020000
01120010
22212100
22121101
22222212
02112100
20001210
00000020
27
21020000
01120010
21212100
21121101
21222212
01122100
21002210
00000220
31
21120000
01110010
21222220
21121201
21222212
01122100
21002210
00000220
86
21120000
01110010
21222220
21221201
22222211
22222101
21002210
00000220
58
21120000
01110010
21222220
21221201
22221211
22221101
21001210
00022220
76
21120000
01110010
21222220
21221201
22221111
22221111
22001210
02022220
62
21120000
01110110
21222110
21221101
22221111
22221111
22022210
02022220
38
21120020
01110210
21222110
21221101
22221111
22221111
22012210
02122220
18
21120020
01110210
21222222
21221101
22211111
22121111
21012210
11122220
52
21120022
01111120
21221222
21221101
22211111
22121111
21012210
11122220
51
21111022
01111120
21221222
21222102
22211212
22121122
21012222
11122220
74
22222222
01112220
21221222
21222212
22211212
22121222
21012222
11122220
82
22222222
01111111
21221212
21222112
22211212
22221222
22222222
11122220
12
22222222
11111111
11221212
11222112
12211212
12221222
12222222
11122220
88
