00000000
00000000
00000000
00021000
00012000
00000000
00000000
00000000
56
00000000
00000000
00000000
00021000
00021000
00021000
00000000
00000000
34
00000000
00000000
00000000
00111000
00011000
00022200
00000000
00000000
57
00000000
00000000
00000000
00111000
00011000
00021200
00002000
00000200
36
00000000
00000000
00200000
00121000
00012000
00111200
00002000
00000200
65
00000000
00000000
00200000
02221000
00011100
00111200
00002000
00000200
67
00000000
00000000
00202000
02222000
00012100
00112100
00002100
00000200
63
00000000
00000000
00202100
02221000
00012220
00112200
00002100
00000200
47
00000000
00000000
00202100
02221000
00012220
00112200
00011200
00000220
74
00000000
00000000
00202100
02221010
00022120
00121200
00022200
00020220
14
00000000
00000000
00202100
11111010
02022120
00221200
00022200
00020220
32
00000000
02100000
00202100
11121010
02022120
00221200
00022200
00020220
52
00002000
02102000
00202100
11122010
02022120
00221200
00022200
00020220
27
00002000
02102000
02202100
12221010
02022120
00122200
01022200
00020220
58
00002000
02102000
02202100
12221010
02021120
00221200
02011200
20021220
85
00002000
02222000
02202100
12221010
02021111
00221200
02011200
20021220
11
10002000
01222000
02102100
12211010
02021111
00221200
02222200
20021220
43
10002000
01222000
02111102
12211020
02021211
00222200
02222200
20021220
31
10102000
01112000
02111102
12211020
02021221
00222220
02222200
20021220
88
12102000
02212000
02121102
12212020
02021221
00222220
02222200
20021111
41
12112000
02111000
22221102
12212020
02021221
00222220
02222200
20021111
77
12112200
02112000
22221102
12212020
02021221
00222120
02222210
20021111
71
12111110
02112000
22221102
12212020
02021221
00222120
02222222
20021111
12
12111110
11112020
11221202
12112020
02011221
00221120
02222122
20021111
81
12111111
11112010
11221102
12222220
02012221
00221120
02222122
20021111
15
12111111
11112010
11122222
11222220
12012221
00221120
02222122
20021111
17
12111111
11112010
11122222
11222220
12012221
00222120
11221122
20221111
35
12111111
11112010
11122222
11222220
12112221
20212120
22221122
20221111
86
12111111
11112210
11122222
11222120
12112211
20212111
22221111
20221111
82
12111111
11112211
11122222
11222122
12112221
20212211
22222111
20221111
28
