00000000
00000000
00000000
00222000
00021000
00000000
00000000
00000000
53
00000000
00000000
00001000
00221000
00022200
00000000
00000000
00000000
76
00000000
00000000
00001000
00221000
00022220
00000010
00000000
00000000
56
00000000
00000200
00002000
00221000
00021220
00001010
00000000
00000000
35
00000000
00000200
00002000
00221000
00112220
00001210
00000000
00000000
52
00000000
00001200
00001000
00221000
02222220
00001210
00000000
00000000
23
00002000
00002200
01002000
00122000
02212220
00001210
00000000
00000000
16
00002000
00002200
01002000
00122000
01212220
10001220
00000020
00000000
36
00002000
00002200
01002000
02222000
01112220
10101220
00000020
00000000
71
00002010
00002100
01001000
02212000
01122220
10102220
00000220
00000000
63
00002010
00002100
01021100
02212000
01112220
10102220
00000220
00000000
42
00002010
00011100
01011100
02212000
22222220
10102220
00000220
00000000
14
00002010
00021100
01211100
11222000
11222220
10102220
00000220
00000000
57
00002010
00021100
22211100
12221000
11221220
10101220
00001220
00000000
86
00002010
00021100
22211100
12221000
11221220
10101121
00001222
00000000
74
00002010
00021100
22211100
12221010
11221120
10201121
02001222
00000000
38
00002010
00021100
22211100
12221010
11221120
10222221
01001222
00100000
47
00002010
00021100
22211100
12211010
12211120
12222221
01011222
00100000
22
00002010
01021100
21111100
21211010
21211120
22222221
21011222
00100000
78
00002010
01021100
21112100
21222210
21212210
22221211
21011112
00100010
41
00012010
01011100
21112102
21222220
21212210
22221211
21011112
00100010
61
00011110
01011100
21112102
21222220
21212210
22221211
21012212
00100210
85
00011110
01011100
21112102
21222210
21212211
22221211
21022212
00102210
88
02011110
02011100
22112102
22222210
22212211
22221211
21022211
00102211
48
02011110
02211100
22222102
22222210
22212211
22211111
21011211
00111111
73
02011110
02211100
22222112
22222222
22211211
22211111
21011211
00111111
82
02011110
02211101
22222111
22222221
22212211
22221111
22222211
00111111
18
02211110
02221101
22222111
22222221
22212211
22121111
21222211
10111111
12
02222222
11111101
11222111
12122221
12212211
12121111
11222211
10111111
28
