00000000
00000000
00000000
00012000
00022200
00000000
00000000
00000000
46
00000000
00000000
00000000
00012000
00012200
00020000
00200000
00000000
47
00000000
00000000
00000000
00012000
00222200
00010000
00210000
00000000
28
00000000
00000000
00000000
00222000
00222200
00010000
00110000
01000000
43
00000000
00200000
00020000
00212000
00212200
00010000
00110000
01000000
66
00000000
00200000
00020000
00212000
00222200
00012100
00110000
01000000
42
00000000
00210000
00010000
00212000
00222200
00012200
00110020
01000000
25
00000000
00210000
00210000
00222000
01222200
00012200
00110020
01000000
74
00000000
00210000
00210000
00222010
01222100
00021200
00120020
01020000
53
00000000
00210000
00211000
00221010
22221100
00021200
00120020
01020000
67
00000000
00210000
00221000
00222010
22221200
00022220
00120120
01020000
88
00000000
00222000
00222000
00222010
22221200
00022120
00120110
01020001
64
00000000
00222000
00222000
00222210
22222220
00022120
00120110
01020001
85
00000000
00222000
00222000
00222210
22222221
00022210
00120210
01020201
22
00000000
01222000
00122000
00212210
22221221
00022210
00122210
01020201
63
00000000
22222000
00111100
00212210
22221221
00022210
00122210
01020201
36
00000000
22222200
00111200
00111210
22111221
00111110
00122210
01020201
11
10000000
21222200
00211200
00211210
22211221
00211110
00222210
01220201
73
10000000
21222220
00211220
00212120
22221221
00211110
00222210
01220201
23
10000000
21222220
01111220
00112120
22211221
00211120
00222220
01220221
41
10010200
21112220
01121120
00212110
22211221
00211120
00222220
01220221
81
10010201
21112210
22221120
00212110
22211221
00211120
00222220
01220221
51
12011201
22211210
22221120
00212110
22211221
00211120
00222220
01220221
83
12011221
22211220
22221121
00212120
22211221
00211120
00222220
01220221
27
12011221
22211220
22221121
00212120
22211221
00111120
22222220
01220221
16
12011221
22211220
22211121
00112120
21211221
10111120
22222220
22220221
31
11111221
22111220
22111121
02222120
21211221
10111120
22222220
22220221
58
11111221
22111220
22111121
02222120
21211221
10111120
22211122
22221111
14
11111221
12111220
12111121
12111120
12211221
12222220
22211122
22221111
82
11111221
12111111
12111111
12111120
12211221
12222220
22211122
22221111
84
11111221
12111111
12111111
12111111
12211211
12222120
22211122
22221111
86
