00000000
00000000
00020000
00022000
00021000
00000000
00000000
00000000
53
00000000
00000000
00021000
00022000
00022200
00000000
00000000
00000000
35
00000000
00000000
00022200
00012000
00122200
00000000
00000000
00000000
75
00000000
00000000
00022200
00022000
00121110
00020000
00000000
00000000
57
00000000
00000000
00022200
00022000
00122110
00010200
00001000
00000000
67
00000000
00000000
00022200
00022000
02222110
00010100
00001100
00000000
32
00000000
00120000
00022200
00021000
02222110
00010100
00001100
00000000
36
00000000
00120000
00022200
00021000
02212110
00220100
00201100
00000000
34
00000000
00120000
00222200
00221000
02212110
00220100
00201100
00000000
22
00000000
01120000
00122200
00222200
02212110
00220100
00201100
00000000
62
02000000
01220100
00122100
00222100
02212110
00220100
00201100
00000000
38
02000000
01220100
00122100
00122100
02122110
00220100
02101100
00100000
17
02000000
01220100
00122100
00122220
02122110
00220100
11101100
00100000
16
02000000
01220100
00122100
00122220
01122110
10220200
11101120
00100000
73
02000000
01220100
00122110
00122110
01122222
10210200
11101120
00100000
41
02010000
01210100
00112110
00122110
01212222
12210200
11101120
00100000
76
02010000
01210100
00122110
00122110
01212212
12210220
11101122
00100000
31
02110000
02110100
02222110
00122110
01212212
12210220
11101122
00100000
15
02110000
02110100
02222110
00122110
11212212
11220220
11201122
02100000
13
02110000
01112100
11112210
00122120
11212212
11220220
11201122
02100000
56
02110020
01112200
11112210
00122120
11212212
11111220
11201122
02100000
83
02110020
01112202
11112221
00122210
11212112
11111220
11201122
02100000
24
02110020
01112202
11112222
01122222
11112122
11111220
11201122
02100000
47
02110020
01112202
11112222
01122222
11112122
11111220
11111222
02100200
72
02110020
01111112
11112122
01121222
11122122
11121220
11122222
02220200
58
02110020
22222222
12112122
01221222
11122122
11121220
11111222
02221200
86
02222020
22212222
12111122
01221122
11122112
11121111
11111222
02221200
18
02222020
22212222
22111122
22221122
11122112
11121111
11111222
11111200
81
02222021
22212211
22111121
22221121
11122111
11121111
11111222
11111200
61
02222111
22211111
22111121
22221121
11122111
11121111
11111222
11111200
88
02222111
22211111
22111121
22221121
11122121
11121121
11111221
11111221
11
