00000000
00000000
00000000
00021000
00012000
00000000
00000000
00000000
34
00000000
00000000
00200000
00121000
00012000
00000000
00000000
00000000
43
00000000
00000000
00222000
00112000
00012000
00000000
00000000
00000000
22
00000000
01000000
00122000
00122000
00022000
00020000
00000000
00000000
64
00000000
01000000
02222000
00211100
00022000
00020000
00000000
00000000
52
02000000
02001000
02221000
00211100
00022000
00020000
00000000
00000000
37
02000000
02001000
02222200
00212100
00021000
00010000
00100000
00000000
35
02000000
02001000
02222200
00222100
00121000
00020000
00120000
00000000
32
02000000
02101000
02122200
00222100
02221000
00020000
00120000
00000000
65
02000000
02101000
02112200
00221200
02222220
00020000
00120000
00000000
72
02000000
02101010
02112100
00221200
02222220
00020000
00220000
02000000
13
02000000
02101010
11112220
00221200
02222220
00020000
00220000
02000000
24
02000020
02101020
11112220
01111200
02222220
00020000
00220000
02000000
81
02002021
02102010
11112120
01111200
02222220
00020000
00220000
02000000
74
02002021
02102210
11112210
01111210
02222220
00020000
00220000
02000000
48
02002021
02102210
11112222
01111220
02212220
00010000
00210000
02010000
16
02002021
02222210
11112222
01111220
01212220
10010000
00210000
02010000
56
02002021
02222210
11212222
02111220
22211220
10011000
00210000
02010000
41
02012021
02112210
11212222
02112220
22221220
10211000
00210000
02010000
27
02012221
02112220
11212122
02111220
22211220
10111000
01110000
02010000
86
02012221
02112220
11211122
02111120
22211210
20111001
21110000
02010000
11
12012221
01112220
11111122
02111120
22211220
20111021
21110000
02010000
26
12012221
01112220
11111122
01111120
21111220
21112021
22120000
02210000
82
12012221
01111111
11111112
01111120
21111220
21112021
22120000
02222000
77
12012221
01111111
11111112
01111110
21111222
21112011
22120010
02222000
18
12012221
01111111
11111112
21111110
22111222
21212011
21120010
12222000
84
12012221
01111111
11111111
21111111
22111221
21212021
21120012
12222000
31
11112221
01111111
11111111
21111111
22111221
21212021
21120022
12222020
67
11112221
01112111
11112111
21112111
22112221
21212011
21122222
12222020
68
11112221
22222111
22112111
21212111
22122221
21212011
21121212
11111120
88
11112221
22222111
22112111
21212111
22122221
21212011
21121211
11111111
66
