00000000
00000000
00000000
00021000
00012000
00000000
00000000
00000000
65
00000000
00000000
00000000
00021000
00012100
00000200
00000000
00000000
34
00000000
00000000
00200000
00121000
00012100
00000200
00000000
00000000
67
00000000
00000000
00200000
00121000
00022100
00020100
00000100
00000000
22
00000000
01000000
00100000
00111000
00022220
00020100
00000100
00000000
84
00000000
01000000
00100200
00112001
00022210
00020100
00000100
00000000
35
00000000
01000000
00100200
00112001
00112110
00022100
00000100
00000000
72
00000000
01000010
00102100
00112001
00112110
00022100
00000100
00000000
36
00000000
01000010
00102100
00112001
00112110
00112100
00002100
00000000
47
00000002
01000020
00102200
00112001
00112110
00111100
00011100
00000000
43
00000002
01000020
00112200
00111001
00112222
00111100
00011100
00000000
74
00000002
01000020
00112202
00111012
00112122
00111100
00011100
00000000
64
00000002
01000020
00112202
02222222
00111122
00111100
00011100
00000000
62
00000002
01000120
00111102
02212122
00111222
00111120
00011100
00000000
14
00000002
01000120
00111102
11112122
00112222
00112120
00012200
00002000
78
00000002
01000120
00111102
11112122
02222222
00211120
00022100
00002010
86
00000022
01000220
00112102
11122122
02222212
00211111
00022100
00002010
26
00000022
01002220
00112202
11122122
01222212
01111111
00022100
00002010
37
00000022
01002220
00112222
11122222
01222212
01111111
00111100
00002010
61
00002222
01002220
00112122
11122122
01222112
01111111
00111100
00002010
41
00012222
01001220
02222122
11222122
01222112
01111111
00111100
00002010
12
00012222
11001220
01222122
11122122
01212212
01111122
00111102
00002010
42
00222222
11021220
01112122
11112222
01212222
01111122
00111102
00002010
32
20222222
12111220
01212122
11122222
01212222
01111122
00111102
00002010
82
20222222
12111111
01212112
11122122
01211222
01212122
00221102
00202010
28
20222222
22111111
22212112
12122122
01211222
01212122
00121102
01202010
15
20222222
22111111
22112112
11122122
11211222
01212122
00121102
22202010
27
20222222
22111111
22112112
11122122
11211222
01112222
01122102
22222010
88
20222222
22111111
22112111
11122121
11211221
01112221
01122221
22222011
68
20222222
22111111
22112111
11122121
11211121
02112121
22221111
22222111
16
