00000000
00000000
00020000
00022000
00021000
00000000
00000000
00000000
33
00000000
00000000
00120000
00012000
00022200
00000000
00000000
00000000
42
00020000
00020000
00120000
00022000
00022200
00000000
00000000
00000000
66
00020000
00020000
00220000
02012000
00021200
00000100
00000000
00000000
75
00020000
00020000
00220000
02012000
00021210
00000120
00000000
00000000
53
00020000
00020000
00222000
02011200
00021210
00000120
00000000
00000000
77
00020000
00020000
00222000
02011200
00021222
00000110
00000010
00000000
62
00020000
00020100
00221000
02021200
00022222
00000210
00000020
00000002
23
00020000
00020100
01111200
02022200
00022222
00000210
00000020
00000002
56
00020000
00020100
01111200
02021200
00022222
00021110
00000020
00000002
86
00020000
00020100
01111200
02022220
00022222
00021121
00000020
00000002
83
00020000
02020100
02211201
02022210
00022122
00021121
00000020
00000002
78
00020000
02020100
02211201
02022210
00022212
00021122
00000012
00000012
52
00022000
02022100
02212101
02022210
00022212
00021122
00000012
00000012
47
00022000
02022100
02212101
02012222
00012212
00011122
00010012
00000012
32
00022000
02111100
02212101
02012222
00012212
00021122
00210012
00000012
11
10022000
01111100
02112101
02022222
00222212
00021122
00210012
00000012
34
10022200
01111200
02112201
02122222
00212212
00021122
00210012
00000012
14
10022200
01111202
01112202
11122222
00212212
00021122
00210012
00000012
36
10022200
01111202
01112202
11122222
00112222
00112222
00222012
00000012
48
10022200
22222202
02112202
11222222
00122222
00112222
00212012
00010012
72
10022200
22222212
22112102
12221222
00212222
00122222
00212012
00010012
73
10022200
22222212
22112112
12221212
00212212
00122212
00222012
00210012
58
10022200
22222212
22112112
12221212
00221212
00122222
00222222
00211012
21
11222200
22222212
22212112
12221212
00221212
00122222
00222222
00211012
25
11222200
21222212
21212112
22121212
22222212
00122222
00222222
00211012
68
11222200
21222212
21212112
22121112
22222112
00222122
02222122
00211112
26
11222200
21222212
21212112
21121112
21222112
01121122
02222122
02211112
17
11222200
21222212
21222112
21221112
22222112
22221122
12111122
02211112
18
11222220
21222222
21222122
21221122
22212122
22121122
11111122
11111112
81
