00000000
00000000
00000000
00012000
00022200
00000000
00000000
00000000
66
00000000
00000000
00000000
00012000
00022200
00002100
00000000
00000000
46
00000000
00000000
00200000
00022000
00012200
00011100
00000000
00000000
74
00000000
00000000
00200000
00022010
00012100
00011200
00000020
00000000
43
00000000
00000000
00210000
00011010
00012220
00011200
00000020
00000000
23
00000000
02000000
01210000
00021010
00012220
00011200
00000020
00000000
76
00000000
02000000
01222000
00022010
00012110
00011110
00000020
00000000
11
10000000
01000000
22222000
00012010
00011110
00011110
00000020
00000000
52
10000200
01002000
22221000
00011010
00011110
00011110
00000020
00000000
78
10000200
01002000
22221000
00012010
00011210
00011120
00000012
00000010
24
10000200
01002000
21221020
01012020
00011220
00011120
00000012
00000010
63
10000200
01002000
21221120
02011020
20011220
00011120
00000012
00000010
84
10000200
01002000
21221120
02021021
20021210
00022120
00020012
00000010
72
10000200
01002010
21221210
02021021
20021222
00022120
00020012
00000010
51
10001200
01001010
21221210
02021021
20021222
00022220
00022012
00000010
36
10001200
01001010
21221210
02022221
20012222
00122220
00022012
00000010
48
10001200
01001010
21221210
02022221
20012212
02222120
00011012
00010010
86
10201200
02001010
21221210
02022221
20012211
02222111
00011012
00010010
16
10222200
02002010
21221210
02022221
20012211
11111111
00011012
00010010
83
10222200
02002010
21221211
02022211
20222111
11111111
00011012
00010010
88
10222200
02002010
21221211
02022211
20222111
22111111
20011011
00010011
32
10222200
02222010
21222211
02021211
20222111
22111111
20011011
00010011
62
10222200
02222110
21222111
02021111
20222111
22211111
22011011
00010011
18
10222200
02222210
21222211
02021211
20212211
22111211
21011211
10010011
58
10222200
02222222
21222221
02021211
20212211
22111211
21011111
10011011
34
10222200
02222222
21222221
02211211
20212211
22221211
22211111
10011011
14
10222200
02222222
22222221
12211211
12212211
12221211
12211111
10011011
71
10222222
02222122
22221211
12211211
12212211
12221211
12211111
10011011
21
11222222
02122122
22211211
12211211
12212211
12222211
12221111
10211011
12
11222222
11122122
11211211
12111211
12212211
12222211
12222211
10222211
28
