00000000
00000000
00000000
00012000
00022000
00002000
00000000
00000000
64
00000000
00000000
00002000
00012100
00022000
00002000
00000000
00000000
46
00000000
00000000
00002000
00012220
00011000
00012000
00000000
00000000
73
00000000
00000000
00002010
00012220
00011020
00012000
00000000
00000000
57
00000000
00000000
00002010
00012220
00012020
00012000
00002000
00002000
66
00000000
00000002
00002020
00012220
00011020
00011100
00002000
00002000
52
00000000
00001002
00001020
00011220
00012020
00021100
00202000
00002000
47
00000000
00001002
00001020
00222220
00012020
00011100
00212000
00002000
23
00002000
00002002
01002020
00122220
00012020
00011100
00212000
00002000
48
00002000
00002002
01002020
00122220
00222020
00011100
00211000
00012000
68
00002000
20002002
02002020
00222220
00222020
00011100
00211000
00011100
43
00002000
20002002
02012020
00212220
00222020
00012100
00222200
00011100
28
00002000
20002002
02012020
00212220
00222020
00012200
00122220
01011100
61
00002100
20001002
02222020
00222220
00222020
00012200
00122220
01011100
24
00002100
20001002
02222020
02222220
20122020
00012200
00122220
01011100
84
00002220
20001002
02222020
02222221
20122010
00012100
00121220
01011100
65
00002220
20001002
02222020
02222221
20111120
00012102
00121220
01011100
83
00002220
20001002
02222021
02222211
20111220
00012222
00121220
01011100
81
00002221
20001001
02222021
02222211
22222220
00012222
00121220
01011100
72
00002221
20001011
02222011
02222211
22222220
00012222
02221220
01011100
16
00002221
20201011
02222011
02122211
21222220
10012222
02221220
01011100
38
00002221
20201011
02222011
02122211
21222120
20011222
22211220
01111100
87
00002221
20201011
02222011
02122211
22222120
22011212
22211111
01111100
41
00011111
20201011
02222011
02122211
22222120
22012222
22211221
01111120
63
00011111
20201011
02222111
02122111
22222120
22012222
22211222
01111122
21
01011111
20101011
02212111
02121111
22222120
22222222
22211222
01111122
22
01011111
21101011
01212111
22221111
22222120
21222222
21211222
01111122
42
21011111
22111011
01211111
22221111
22222120
21222222
21211222
01111122
85
21011111
22222211
01212211
22221211
22222211
21222212
21211122
01111122
13
21011111
22222211
11212211
21221211
22122211
21212212
22211122
22222222
31
