00000000
00000000
00000000
00222000
00021000
00000000
00000000
00000000
35
00000000
00000000
00000000
00222000
00122000
00002000
00000000
00000000
33
00000000
00000000
00100000
00122000
00222000
02002000
00000000
00000000
36
00000000
02000000
00200000
00122000
00122000
02102000
00000000
00000000
63
00000000
02000000
02200100
00221000
00122000
02102000
00000000
00000000
32
00000000
02100020
02100200
00122000
00122000
02102000
00000000
00000000
64
00000000
02100020
02100200
00111100
02222000
02102000
00000000
00000000
62
00000000
02220120
02100100
00111100
02222000
02102000
00000000
00000000
46
00000000
02220120
02102100
00122100
02212000
02112000
00000000
00000000
12
00000000
12220120
01102220
00122200
02212000
02112000
00000000
00000000
51
00001020
12210220
01102220
00122200
02212000
02112000
00000000
00000000
16
00001020
12210220
01102220
00122200
01212000
11122000
00002000
00000000
84
00001020
12210120
02102210
02222201
01212000
11122000
00002000
00000000
47
00001020
12210120
02102210
02222201
01212000
11222000
00222000
00000000
75
00001020
12210120
02222210
02222101
01212010
11222000
00222000
00000000
13
00001020
12210120
11111110
02222101
01212010
12222000
20222000
00000000
66
00001020
12210120
11211110
02222101
01212010
11111200
20222020
00000000
38
00001020
12210120
11222222
02222101
01212010
11111200
20112020
00100000
41
00011020
12222220
11222222
02222101
01212010
11111200
20112020
00100000
76
00011020
12222220
11222222
02222221
01212020
11111120
20112020
00100000
88
00011020
12222220
12222222
22222221
01212020
11111120
20112010
00100001
21
01011020
11222220
11222222
21222221
02212020
11211120
20122010
00102001
61
21011120
22221220
21212222
21122221
01212020
11211120
20122010
00102001
82
21011120
22221111
21212211
22122121
22211020
21211120
20122010
00102001
48
21011122
22221121
21212211
22122121
22211020
21211120
20111010
00112001
86
21011122
22221121
22212211
22222121
22221010
21212111
20111210
00112001
31
21111122
22111121
22111211
22122121
22121010
21112111
20111210
02222001
85
21111122
22111121
22111121
22122121
22121021
21112121
20111220
02222021
87
21111122
22111121
22111121
22122121
22122221
21112121
20111111
02222021
68
21111122
22111121
22111121
22122121
22122221
22212121
22111111
02222111
18
