00000000
00000000
00000000
00021000
00012000
00000000
00000000
00000000
65
00000000
00000000
00000000
00022200
00011100
00000000
00000000
00000000
33
00000000
00000000
00100000
00012200
00011200
00000200
00000000
00000000
73
00000000
00000000
00100010
00222100
00011200
00000200
00000000
00000000
67
00000000
02000000
00200010
00222100
00011100
00000100
00000100
00000000
11
10000000
01000000
00100010
00212220
00011100
00000100
00000100
00000000
84
10000000
01200000
00200010
00211111
00011100
00000100
00000100
00000000
23
10000000
01200000
22200010
00111111
00011100
00000100
00000100
00000000
42
10000000
01110000
22200010
00211111
00021100
00002100
00000100
00000000
14
10000000
01110000
21200010
10211111
00021100
00002220
00000100
00000000
85
10000000
01110000
21200010
20211111
20021101
00002210
00000100
00000000
77
10000000
01110000
21202010
20212111
20022101
00002110
00000110
00000000
47
10020000
01210000
22202010
20212111
20022101
00001110
00010110
00000000
52
10020000
22211000
22201010
20211111
20021101
00001110
00010110
00000000
24
10020000
22212000
22101210
21112111
20021101
00001110
00010110
00000000
21
11020000
21212000
21101222
21112111
20021101
00001110
00010110
00000000
82
11020000
21212001
21101211
21112111
20022101
00002110
00012110
00000000
43
11020000
21112001
21111211
21111111
20022101
00002222
00012110
00000000
46
11020002
21112002
21111212
21111112
20011102
00012222
00012110
00000000
75
11020002
21112002
21111212
21111112
20011112
00012212
00012220
00000200
51
11021002
22222202
21111222
21111112
20011112
00012212
00012220
00000200
71
11022222
22222202
21111222
21111112
20011112
00012212
00012220
00000200
58
11022222
22222202
21121222
21121112
20021112
00021212
00022120
00022200
37
11022222
22222202
21121222
21121112
20021112
02011212
00211120
00022200
31
11122222
22112202
21121222
22121112
20221112
02021212
00212120
00022200
87
11122222
22112202
21121222
22221112
22221112
02021212
00212111
00022200
27
11122222
22112202
21121222
21221112
21221112
01021212
01112122
00022202
16
11122222
12112202
11121222
11221112
11221112
11221212
01122122
00022202
78
11122222
12112202
12121222
12221112
12221112
12221212
02222112
02022212
72
11122222
12111112
12121112
12221112
12221112
12221212
02222112
02022212
17
11122222
12111112
12121112
12211122
12121212
11222212
11221112
02222212
18
