00000000
00000000
00000000
00021000
00012000
00000000
00000000
00000000
43
00000000
00000000
00012000
00012000
00012000
00000000
00000000
00000000
62
00000000
00000100
00011000
00222000
00012000
00000000
00000000
00000000
56
00000020
00000200
00012000
00221000
00011000
00001000
00000000
00000000
33
00000020
00002200
00122000
00211000
00011000
00001000
00000000
00000000
24
00000020
00002200
00122000
01211000
02011000
00001000
00000000
00000000
32
00000020
00102200
02222000
02211000
02011000
00001000
00000000
00000000
42
00020020
00212200
02212000
02211000
02011000
00001000
00000000
00000000
61
00022220
00222200
02212000
02211000
02011000
00001000
00000000
00000000
21
01022220
00122200
02212000
02222200
02011000
00001000
00000000
00000000
63
01022220
02222200
02211100
02221200
02011000
00001000
00000000
00000000
73
01022220
02222200
02222222
02221100
02011000
00001000
00000000
00000000
31
01122220
02212200
02221222
02221100
02012000
00001200
00000000
00000000
65
01122220
02212200
02221222
02222100
02021100
00201200
00000000
00000000
76
01122220
02212200
02221222
02222100
02022100
00201210
00000020
00000000
35
01122220
02112200
02121222
02112220
02111100
00201210
00000020
00000000
37
01122220
02112200
02122222
02122220
02211100
02101210
00100020
00000000
72
01122220
02111110
02122122
02122220
02211200
02101220
00100022
00000000
16
01122220
02222222
02122122
02122220
01211200
11101220
00100022
00000000
15
01122220
02222222
02122122
01122220
11211200
11102220
00120022
00000000
85
01122220
02222222
02122122
01122210
11222201
11122220
00120022
00000000
67
01122220
02222222
02122122
01122110
11212101
12121110
20120122
00000000
11
11122220
01222222
02122122
01122222
11212101
12121110
20120122
00000000
38
11122220
01222222
02122122
01122222
11212101
12121110
20210122
02100000
88
11122220
01222222
22122122
02122222
11212101
12121110
20210112
02100001
12
11122220
11222222
21122122
02122222
11212102
12122222
20210112
02100001
75
11122220
11212222
21121122
02122122
11212112
12122212
20210222
02100201
18
11122220
11212222
21121122
02122122
11212112
12122212
10220222
11120201
14
11122220
11212222
11121122
11122122
11222112
12222212
12220222
11120201
58
11122220
11212222
11121122
11122122
11222112
12122212
12222222
11111201
81
11111111
11212211
11121121
11122121
11222111
12122211
12222221
11111201
78
