00000000
00000000
00000000
00021000
00012000
00000000
00000000
00000000
56
00000000
00000000
00000000
00021000
00021000
00021000
00000000
00000000
33
00000000
00000000
00100000
00011200
00022000
00021000
00000000
00000000
74
00000000
00000000
00100000
00011110
00022000
00022000
00002000
00000000
36
00000000
00000000
00102000
00012110
00012000
00122000
00002000
00000000
62
00000000
00000100
00101000
00012222
00012000
00122000
00002000
00000000
75
00000000
02000100
00201000
00022122
00012010
00122000
00002000
00000000
47
00000000
02000100
00201000
00022122
00022010
00212000
02012000
00000000
65
00000000
02000100
00201000
00022122
00022110
00211000
02022000
00002000
26
00000000
02000100
00201000
00022122
00022220
01111020
02022000
00002000
66
00000000
02000100
00201000
00022122
00022120
22222220
02022000
00002000
85
00000000
02000100
00201000
00022122
00022112
22222222
02022000
00002000
34
00000000
02000100
00201020
00111222
00022112
22222222
02022000
00002000
11
10002000
01000200
00101020
00111222
00022112
22222222
02022000
00002000
48
10002000
01002200
00102020
00112222
00012112
22212122
02011000
00012000
63
10002000
01002200
02102120
00211122
00022112
22212122
02011000
00012000
42
10002000
01012200
02101120
00211122
00022112
22212222
02011020
00012000
61
10002100
01012100
02222220
00222122
00022212
22212222
02011020
00012000
78
10002100
01012220
02222220
00222122
00022212
22212212
02011010
00012010
71
10002110
01012210
02222210
00222112
00022212
22222212
02211010
00012010
28
10002110
01012210
02222210
00222112
00021212
22212212
02221010
01222010
68
10002222
01012220
02222210
00222112
00021212
22212212
02221010
01111110
24
10002222
01012220
22222210
01111112
00021212
22212212
02221010
01111110
18
10022222
01022220
22222210
01111112
00011212
22112212
01221010
11111110
32
10022222
01122220
22122210
02211112
02011212
22212212
01221010
11111110
15
10022222
01122220
22122222
01211122
12011212
21212212
01121010
11111110
12
10022222
11122220
21122222
01111122
12011212
21212212
22221010
11111110
35
10022222
11222220
22122222
22222222
22111212
21212212
22121010
11111110
21
11022222
11122220
22112222
22221222
22111112
21212222
22122210
11111110
82
11022222
11111111
22112212
22221122
22111112
21212222
22122222
11111110
88
