00000000
00000000
00000000
00012000
00022000
00002000
00000000
00000000
46
00000000
00000000
00000000
00012000
00022000
00222000
00000000
00000000
64
00000000
00000000
00020000
00021100
00022000
00222000
00000000
00000000
37
00000000
00000000
00020000
00021100
00021000
00222000
00120000
00000000
32
00000000
00100000
00010000
00021100
00021000
00222000
00220000
02000000
27
00000000
00100000
00010000
00022220
00011000
00122000
01220000
02000000
66
00000000
00100000
00010000
00022220
00012000
00112100
01222000
02000000
73
00000000
00100002
00010020
00022220
00012000
00122100
01222000
02000000
63
00000000
00120002
00020120
00021220
00012000
00122100
01222000
02000000
58
00000000
00120002
00020120
00021220
00011000
00121100
01212000
02001200
65
00000000
00120002
00020120
00021120
00012100
00121200
01212020
02001200
78
00000000
00120002
00020120
00021120
00012200
00122200
01222020
02201110
52
00000000
00111202
00020220
00021220
00012200
00122200
01222020
02201110
85
00000200
00112202
00020120
00021210
00012201
00122200
01222020
02201110
48
00000200
02222202
00020120
00021210
00012201
00112200
01212020
02211110
67
00000200
02222202
00020120
00022222
00012101
00111100
01211120
02211110
41
00010200
02211202
00012220
00012222
00012101
00111100
01211120
02211110
83
00012200
02212202
00012111
00012211
00012101
00111100
01211120
02211110
21
01012200
02112202
00012111
00012211
00012101
20111100
02211120
02211110
23
01012200
01112202
01012111
00012211
00012201
20111120
02211120
02211110
71
01011110
01112222
01011211
00012211
00012201
20111120
02211120
02211110
81
01011111
01112211
01021111
00222211
00012201
20111120
02211120
02211110
88
01011111
01112211
01021111
00222211
00012201
20111120
02222222
02211111
86
01011111
22222211
02021111
00222211
00012201
20111111
02222211
02211111
14
01011111
22122211
01021111
10222211
00222201
20221111
02222211
02211111
25
01011111
22121211
01011111
10122211
01222201
22221111
02212211
02211111
17
01011111
22121211
01211111
10222211
01222201
21221111
11112211
02211111
31
01111111
22111211
01211111
10222211
01222221
21221211
11112211
02211111
18
01111111
22111211
22211111
10222211
01222221
21221211
11112211
11111111
11
11111111
11111211
12111111
10212211
22221221
21221111
11112211
11111111
24
