00000000
00000000
00000000
00021000
00012000
00000000
00000000
00000000
43
00000000
00000000
00012000
00012000
00012000
00000000
00000000
00000000
63
00000000
00000000
00211100
00021000
00012000
00000000
00000000
00000000
34
00000000
00000000
00222220
00111000
00012000
00000000
00000000
00000000
32
00000000
00100000
00112220
00121000
00222000
00000000
00000000
00000000
36
00000000
00100000
00112220
00122000
00122000
00200000
02000000
00000000
66
00000000
00100000
00112220
02222000
00121000
00200100
02000000
00000000
46
00000000
00100000
00112220
02222000
00211000
02210100
02000000
00000000
13
00000000
00100000
10112220
01222000
00121000
02220100
02020000
00000000
57
00200000
00200000
10212220
01222000
00121000
02210100
02021000
00000000
23
00200000
00200000
11112220
01222000
00122200
02210100
02021000
00000000
75
00200000
00200000
12112220
22222000
00111110
02210100
02021000
00000000
17
00200000
00200000
12112220
22222000
02111110
02210100
12021000
00000000
15
00200000
00200000
12112220
11222000
11122110
02222100
12021000
00000000
37
00200000
00202000
12122220
11222000
11122110
01122100
11111000
00000000
61
00200100
00201000
12112220
11122000
11122210
01122220
11111000
00000000
72
00202100
00202010
12112120
11121000
11112210
01122220
11111000
00000000
41
00211100
00101010
11112120
11121020
11112220
01122220
11111000
00000000
84
00211100
00101010
11112120
11121021
11112210
01122120
11112000
00002000
77
00211100
00101010
11112120
11121021
11112210
01122210
11112020
00002002
85
00211100
00101010
11112120
11121011
11112211
01122210
11212020
02002002
68
00211100
00101010
11112120
11121011
11112211
22222210
11211020
02002102
38
00211100
20101010
22112120
21221011
21122211
22122210
11111020
02102102
78
00211100
20101010
22112120
21221011
21122211
22122222
11111010
02102112
62
02211100
20201110
22121110
21212011
21122211
22122222
11111010
02102112
87
02211100
20201110
22121110
21212011
21122211
22222221
22111011
22102112
48
02222220
20201220
22122120
21222021
21222221
22222221
22111011
22111112
83
02222220
20201220
22122111
21222011
21222121
22222221
22222211
22111112
42
02222220
20211222
22112112
21212012
21212122
22212222
22212212
22111112
64
02222220
22211222
22211112
21221112
21212122
22212222
22212212
22111112
81
02222221
22211212
22211112
21221112
21212122
22212222
22212212
22111112
11
