00000000
00000000
00000000
00012000
00022200
00000000
00000000
00000000
46
00000000
00000000
00000000
00012000
00012200
00020000
00200000
00000000
66
00000000
00000000
00000000
00012000
00021200
00220100
00200000
00000000
35
00000000
00000000
00000000
02012000
00211200
00220100
00200000
00000000
64
00000000
00000000
00000200
02012100
00221100
00220100
00200000
00000000
62
00000000
00000100
00000100
02012220
00221100
00220100
00200000
00000000
53
00000000
00000100
00021100
02021220
00221100
00220100
00200000
00000000
33
00000000
00002100
00111200
02011220
00221100
00220100
00200000
00000000
26
00000000
00002100
00121200
02222220
00221100
01220100
00200000
00000000
28
00000000
00002100
00121200
02222220
00221100
01220100
00102000
01000000
51
00001000
00021100
00222200
02222220
00221100
01220100
00102000
01000000
85
00001000
00022220
00222200
02222210
00221101
01220100
00102000
01000000
14
00001000
00022220
00222200
11121110
00222101
01220200
00102020
01000000
56
00001000
00022220
00222200
11121110
00211101
02111200
20102020
01000000
25
00001000
00022220
20222200
12121110
01211101
02121200
20102020
01000000
27
00001000
00022220
20222200
12121110
01211101
01121200
22222020
01000000
12
00001000
10022220
10222200
12121210
01222221
01121200
22222020
01000000
18
00001000
10022220
10222202
12121220
01222221
01121200
21222020
11000000
73
00001000
10022120
10222212
12121120
22221221
01111200
21122020
11000000
88
00001000
10022120
10222212
12121120
22221221
01211100
21222010
11200001
84
00001000
10022120
10222222
12121121
22221221
01222220
21222010
11200001
68
00001020
10022220
10222222
11121121
22121221
01212220
21221010
11200101
16
00001020
10022220
10222222
11121121
11121221
11212220
11222010
11220101
67
00001020
10022220
10222222
11121121
11111121
11211120
11111120
11220121
86
00001020
10022220
10222222
11122121
11112111
11212111
11122110
11222221
31
00121020
10022220
10221222
11122121
11112111
11212111
11122110
11222221
81
00121021
10022210
12221122
11221121
11122111
11212111
11122110
11222221
82
00121021
10022211
12221111
11222121
11122211
11212121
11122222
11222221
22
02221021
11022211
11121111
11212121
11121211
11212121
11122222
11222221
32
02222221
11112211
11121211
11212221
11121211
11212121
11122222
11222221
11
