00000000
00000000
00000000
00021000
00012000
00000000
00000000
00000000
65
00000000
00000000
00000000
00022200
00011100
00000000
00000000
00000000
73
00000000
00000000
00000010
00022100
00012100
00000200
00000000
00000000
43
00000000
00000000
00210010
00021100
00012100
00000200
00000000
00000000
34
00000000
00000000
00210210
00111200
00012200
00000200
00000000
00000000
75
00000000
00000000
00210210
00111200
00012110
00020200
00000000
00000000
77
00000000
00000000
00210210
02222200
00011110
00020100
00000010
00000000
62
00000000
00000100
00210110
02222220
00011110
00020100
00000010
00000000
85
00000000
00020100
00220110
02222210
00011111
00020100
00000010
00000000
22
00000200
01020200
00120210
02212210
00011111
00020100
00000010
00000000
23
00000200
01020200
01120210
02212210
02011111
00020100
00000010
00000000
35
00000200
01020200
01120210
02112210
02111211
00020120
00000010
00000000
51
00001200
01010100
01120210
02112222
02111211
00020120
00000010
00000000
57
00001200
01010102
01120220
02112222
02111211
00010120
00001010
00000000
71
00001110
01010102
01120220
02112222
02211211
00020120
00002010
00000200
86
00001110
01010102
01120220
02112222
02212211
00022111
00002010
00000200
36
00001110
01010102
01120220
02112222
02112211
00111211
00002020
00000202
72
00001110
01010112
01120110
02111212
02112211
02222211
00002020
00000202
37
00001110
01010112
01122110
02122112
02212211
02112211
00102020
00000202
83
00001110
01012222
01122111
02122111
02212211
02112211
00102020
00000202
81
00001111
01012211
22222111
02122111
02212211
02112211
00102020
00000202
67
00001111
01012211
22222111
02122111
02222111
02211111
02102120
00000202
18
00021111
01022211
22222111
02121111
02212111
02111111
01102120
10000202
17
00021111
01022111
22221111
02111111
02112111
02121111
12202120
12000202
48
00021111
01022111
22221111
02112111
02112211
02121121
12201122
12010202
31
00111111
01012111
22221111
02112111
02112211
02122121
12202222
12012202
47
20111111
02012111
22221111
02112111
02112111
02111121
11112222
12012202
78
20111111
02012111
22221111
02212111
02212111
02211111
11212112
12222222
15
20111111
02222111
22221111
01212111
11112111
02211111
11212112
12222222
16
20111111
02222111
22221111
22212111
12112111
11211111
11222112
12222222
12
