00000000
00000000
00000000
00021000
00012000
00000000
00000000
00000000
56
00000000
00000000
00000000
00022200
00011000
00001000
00000000
00000000
53
00000000
00000000
00001000
00021200
00012000
00001200
00000000
00000000
35
00000000
00020000
00002000
00011200
00112000
00001200
00000000
00000000
52
00000000
00021000
00001000
00011200
02222000
00001200
00000000
00000000
75
00002000
00022000
00002000
00012100
02222010
00001200
00000000
00000000
46
00002000
00022000
00002000
00012220
02211010
00011200
00000000
00000000
31
00102000
00012000
00001000
00012120
02221010
00222200
00000000
00000000
37
00102000
00012000
00001000
00012120
02222210
00212200
00100000
00000000
24
00102000
00012000
00001200
01012220
02122210
00212200
00100000
00000000
15
00102000
00012000
00001200
01012220
11122210
00222200
00200000
02000000
77
00102000
00012000
00022200
01022220
11121210
00222100
00200010
02000000
38
00102000
00012000
00022200
01022220
11121222
00122100
00100010
02100000
47
00102000
00012000
00012200
01012220
11111222
00112200
00112010
02100000
61
00102100
00011000
00012200
01022220
11211222
02222200
00112010
02100000
67
00102220
00011000
00012200
01022220
11211222
02221200
00111110
02100000
76
00102220
00012000
00022200
01221220
11211122
02221110
00111110
02100000
72
00102220
00012010
00022100
01222220
11212122
02222120
00122210
02102000
78
00102220
00012010
00022100
22222220
12212122
02221120
00122110
02102010
41
00112220
00021010
00222100
22222220
12212122
02221120
00122110
02102010
81
00111111
00021010
00222220
22222220
12212122
02221120
00122110
02102010
27
00111111
00022210
00222220
22222220
12212122
02121120
01122110
02102010
84
00111111
00022110
00222210
22222221
22212112
22121120
01122110
02102010
83
00111111
00022110
00222211
22222211
22212122
22121122
01122110
02102010
22
00111111
01022110
00122211
22212211
22211122
22121122
01122222
02102010
48
00111111
01022110
00122211
22212211
22211122
22111122
22222222
02112010
18
00111111
01022110
02222211
22212211
22211122
22111122
21222222
11112010
13
00111111
01022222
11111122
11212212
12111122
12111122
11222222
11112010
68
00111111
01222222
11221122
11212212
12111122
12111122
11221122
11111110
88
00111111
22222221
12221121
11212211
12111121
12111121
11221111
11111111
21
