00000000
00000000
00020000
00022000
00021000
00000000
00000000
00000000
35
00000000
00000000
00020000
00022000
00112000
00000200
00000000
00000000
63
00000000
00000000
00020100
00021000
00212000
02000200
00000000
00000000
25
00000000
00000000
00020100
00021000
22222000
02000200
00000000
00000000
32
00000000
00100000
00010100
00022200
22222000
02000200
00000000
00000000
65
00000000
00100200
00010200
00021200
22222200
02000200
00000000
00000000
76
00000000
00100200
00010200
00021200
22222100
02000222
00000000
00000000
61
00000100
00100120
00010200
00022100
22222100
02000222
00000000
00000000
34
00000100
00120120
00020200
00121100
22222100
02000222
00000000
00000000
56
00000100
02220120
00020200
00121100
22211100
02001222
00000000
00000000
83
00000102
02220120
00020201
00121100
22211100
02001222
00000000
00000000
41
00010102
02210120
00010201
00111100
22222220
02001222
00000000
00000000
87
00010102
02210120
00010201
00111100
22222120
02002212
00002001
00000000
58
00010102
02222220
00020201
00211100
22221120
02001212
00001001
00001000
24
00010102
02222220
00020201
01111100
22221120
02001222
00001021
00001000
85
00010102
02222220
00020201
01111100
22221111
02022221
00001021
00001000
88
00010102
02222220
00022201
01122100
22222111
02022121
00001011
00001001
37
00010102
02222220
00022201
01122220
22221221
02012121
00101011
00001001
36
00010102
02222220
00022201
01122220
22121221
02112221
00202011
00021001
71
00010112
02222120
00021201
22222220
22121221
02112221
00202011
00021001
33
00012222
02222120
00111201
22112220
22121221
02112221
00202011
00021001
12
00012222
11111220
00111221
22112220
22121221
02112221
00202011
00021001
82
00012222
11111111
00111211
22112120
22121221
02212221
02202011
00021001
68
00012222
11111212
00111222
22112122
22121221
02212221
02201011
00021101
16
00012222
11111212
00111222
22112122
22121221
11222221
02221011
00021101
18
00012222
11111212
00112122
22121122
22211221
22122221
22221011
10021101
28
00222222
11221212
00212122
22221122
22211221
22112221
22121011
11021101
21
01222222
11121212
00212122
22221122
22211221
22112221
22122211
11021101
78
01222222
11121212
00212122
22221122
22211221
22211221
22222111
11221111
23
22222222
12121212
01212122
21121122
21211221
21211221
21222111
11221111
13
