00000000
00000000
00000000
00021000
00012000
00000000
00000000
00000000
43
00000000
00000000
00012000
00012000
00012000
00000000
00000000
00000000
64
00000000
00000000
00012000
00021100
00222000
00000000
00000000
00000000
56
00000000
00000000
00012000
00022100
00222000
00002000
00002000
00000000
46
00000000
00000000
00012000
00222100
00221000
00012000
00002000
00000000
58
00000000
00000000
00012000
00222220
00221000
00011000
00001000
00001000
65
00000000
00000000
00012000
00221220
00221200
00022000
00021000
00001000
48
00000000
00002000
00022000
00211220
00211200
00012000
00011000
00011000
62
00000000
00002100
00022200
00211220
00211200
00012000
00011000
00011000
26
00000000
00002100
00022200
00211220
00112200
01022000
00211000
00011000
67
00000000
00002100
00022200
02211220
00212200
01021000
00211100
00011000
75
00000200
00002200
00022200
02211220
00211110
01021000
00211100
00011000
28
00000200
00002200
00022200
02211220
00211110
01021000
00112100
01011200
51
00001200
00001200
00021200
02211220
00211210
01022200
00112200
01011200
25
00001200
00001200
00011200
02112220
01121210
01222200
00112200
01011200
14
00001200
00001200
02011200
11212220
01121210
01222200
00112200
01011200
22
00022200
01002200
01011200
11212220
01121210
01222200
00112200
01011200
73
00022200
01202200
01021110
11212110
01121210
01222200
00112200
01011200
33
00022200
01202200
21111110
12112110
01221210
01222200
00112200
01011200
31
00122200
01102202
21111120
12112210
01222210
01222200
00112200
01011200
83
00122200
01102202
21111211
12112220
01222222
01222200
00112200
01011200
77
00122200
01102202
21121211
12212220
02221222
22222100
00111110
01011200
76
00122200
21102202
22111211
12211210
02221112
22222110
00111110
01011200
27
00122200
21102202
21111211
11211210
01211112
21222110
02221110
01222200
72
00122200
21102212
21111111
11211210
01211122
21222222
02221120
01222200
87
02222200
22102212
22111111
12211210
02211122
22222212
02221111
01222200
11
12222200
11102212
12111111
12211210
02211122
22222212
02221122
01222202
18
12222200
11102212
12111111
12211210
02211122
22122212
22221122
11222202
78
12222200
11102212
12111122
12211222
02211122
22122212
22221112
11111112
42
12222202
11111122
12111222
12212222
02221122
22222212
22221112
11111112
15
12222202
11111122
12111222
11212222
11111122
11222212
12121112
11111112
71
