00000000
00000000
00000000
00021000
00012000
00000000
00000000
00000000
65
00000000
00000000
00000000
00021000
00021100
00020000
00000000
00000000
35
00000000
00000000
00000000
00021000
00112100
00020200
00000000
00000000
34
00000000
00000000
00000000
00111000
02222100
00020200
00000000
00000000
77
00000000
00000000
00000200
00112000
02221100
00020100
00000010
00000000
56
00000000
00000000
00000200
00112000
02212100
00022100
00002010
00000000
72
00000000
00000010
02000100
00211000
02222100
00022100
00002010
00000000
48
00000000
00000010
02000100
00211020
02222200
00022100
00001010
00010000
64
00000000
00000010
02000100
00211120
02222100
00022100
00002010
00012000
37
00000000
00000010
02000100
00211120
02221100
00222100
00102010
00012000
84
00000000
00000010
02000120
00211211
02222100
00222100
00102010
00012000
82
00000000
00000011
02000110
00211111
02221100
00222100
00122010
00012000
67
00000000
00000011
02002110
00222111
02222100
00222100
00111110
00012000
42
00000000
00010011
02001112
00222121
02222200
00222100
00111110
00012000
75
00000000
00010011
02001112
00222111
02222210
00222200
00112210
00012200
78
00000000
00010011
02022222
00222111
02222210
00222200
00112210
00011110
33
00000002
00010022
02122222
00112111
02121210
00122100
00112210
00011110
15
00000002
00010022
02122222
00212111
12121210
20122100
00112210
00011110
17
00000002
00010022
02122222
00212111
12121210
10122100
10212210
02011110
14
00000002
00010022
02122222
10212211
11121220
10122102
10212210
02011110
12
00000002
10010022
22222222
10112211
11111220
10121102
10212110
02011110
26
00000002
10010022
22222222
12222211
11211220
11121102
10112110
02011110
76
00000002
10010022
22222222
12222222
11211222
11121112
10112110
02011110
62
00020002
10020122
22221122
12212122
11111122
11121112
10112110
02011110
51
00022202
10010122
22121122
11212122
11111122
11121112
10112110
02011110
32
00022202
10110122
21111122
11211122
11211222
11222112
10222110
02211110
27
00022222
10110222
21112122
11221122
11211222
11122112
11111110
02211110
18
02022222
10210222
21122122
11222122
11211222
11122112
11111110
11111110
22
02022222
11112222
21122222
11222122
11212222
11122212
11111120
11111112
87
02222222
12222222
21222222
11222122
11212222
11122212
11111111
11111112
11
