00000000
00000000
00000000
00021000
00012000
00000000
00000000
00000000
43
00000000
00000000
00010000
00011000
00222000
00000000
00000000
00000000
56
00000000
00000000
00012000
00021000
00221000
00001000
00000000
00000000
34
00000000
00000000
00012000
00112000
00212000
00002000
00002000
00000000
64
00000000
00000000
00222000
00221100
00212000
00002000
00002000
00000000
24
00000000
00000000
02222000
01211100
00222000
00002000
00002000
00000000
52
00000200
00002000
02221000
01211100
00222000
00002000
00002000
00000000
26
00000200
00002000
02221000
01222220
00122000
01002000
00002000
00000000
84
00000200
00002000
02221000
01112111
00122200
01002000
00002000
00000000
46
00000200
00002000
02221000
01122111
00121200
01022000
00022000
00000000
38
00000200
00002200
02222000
01122111
00121100
01021000
00012000
00100000
37
00000200
00002200
02222000
01122111
00121100
01012000
00112200
00100000
51
00001200
00001200
02221000
01121111
00121100
01012000
02222200
00100000
58
00001200
00001200
02221000
22221111
00121100
01011000
02221200
00101000
77
00001200
00001200
02221000
22222111
00121200
01011020
02221110
00101000
73
00001200
00001100
02221010
22222111
00121200
01012020
02221220
00101020
48
00001200
00001100
02221010
22222111
00221200
01022020
02112220
00111220
66
00022200
00001100
02221010
22222111
00221100
01022120
02111220
00111220
88
00022200
00001100
02221010
22222111
00221100
02022120
22111210
00111111
86
00022200
00001100
02221010
22222111
00221102
02022121
22111210
00111111
25
00022200
00001100
02211010
22122111
01111102
02022121
22211210
02111111
18
00022200
00002200
02222210
22122221
01111202
02022221
22211210
11111111
42
00022200
00012202
02212220
22112221
01111202
02022221
22211210
11111111
36
00222200
00022202
02212220
22112221
01111202
02111111
21111210
11111111
83
00222200
00022202
02211111
22112211
01111202
02111122
21111222
11111111
22
00222200
01222202
02121111
21112211
01111202
02111122
21111222
11111111
72
00222200
01121112
02221111
22112211
22222202
02111122
21111222
11111111
12
00222220
11121212
01222111
22122211
22222202
02111122
21111222
11111111
75
02222220
12221212
02222111
22122211
22222212
02111112
21111212
11111111
13
02222222
12221222
11111211
21122211
22122212
02111112
21111212
11111111
16
02222222
12221222
11111211
11122211
11122212
11111112
11111212
11111111
11
