00000000
00000000
00000000
00021000
00012000
00000000
00000000
00000000
65
00000000
00000000
00000000
00021000
00012100
00000200
00000000
00000000
56
00000000
00000000
00000000
00021000
00021100
00022200
00000000
00000000
57
00000000
00000000
00000000
00022200
00022200
00021200
00001000
00000000
53
00000000
00000200
00002000
00021200
00021200
00021200
00001000
00000000
36
00000000
00000200
00022000
00022200
00011200
00111200
00001000
00000000
52
00000000
00001200
00021000
00021200
00222200
00111200
00001000
00000000
24
00000000
00001200
00021000
01021200
00122200
00122200
00021000
00000000
74
00000000
00001200
00021002
01021120
00122200
00122200
00021000
00000000
84
00000000
00001200
00021002
01021111
00122200
00122200
00022000
00000200
67
00000000
00022200
00021002
01021111
00122100
00122100
00022100
00000200
82
00000000
00022201
00021001
01021111
00122100
00122100
00022200
00000220
38
00000000
00022201
00021001
01021111
00222100
02221100
00012200
00100220
37
00000000
00022201
00021001
01021111
00221100
02211100
00122200
00102220
33
00000000
00022201
00211001
02011111
20221100
02211100
00122200
00102220
71
00000010
00022101
00212001
02011211
20222220
02211200
00122200
00102220
17
00000010
00022221
00212001
02011211
20122220
01211200
10122200
00102220
51
00001010
00021221
00211001
02011211
20122220
02211200
10222200
00122220
27
00001010
00021221
00222201
02011211
20112220
02111200
11222200
00122220
25
00001010
00021221
00222221
02011221
21112220
01111200
11222200
00122220
23
00021010
00022221
01111211
01011221
21112220
01111200
11222200
00122220
28
00021010
00022221
01111211
21011221
22112220
01211200
11122200
01122220
76
00021010
00022221
01111211
21011211
22112120
01222222
11122200
01122220
81
00022211
00022211
01111111
21011211
22112120
01222222
11122200
01122220
88
00022211
00022211
01121111
22222211
22222120
01222222
11122200
01111111
77
00022211
00022211
01121111
22212211
22221110
22222112
11111110
01111111
31
00111111
00012211
22221111
22212211
22221110
22222112
11111110
01111111
32
00111111
02222211
22111111
22111211
22121110
22122112
11111110
01111111
12
00111111
11111111
11111111
12111211
12122222
12122112
11111110
01111111
87
20111111
12111111
11211111
12121211
12122221
12122111
11111111
01111111
21
