00000000
00000000
00000000
00222000
00021000
00000000
00000000
00000000
35
00000000
00000000
00000000
00222000
00112000
00000200
00000000
00000000
53
00000000
00000000
00001000
00212000
00222000
00200200
00000000
00000000
24
00000000
00000200
00002000
01122000
00222000
00200200
00000000
00000000
64
00000000
00000200
00002020
01111200
00222000
00200200
00000000
00000000
27
00000000
00000200
00202020
01221200
00212000
00100200
01000000
00000000
43
00000000
00000200
00212020
22211200
00212000
00100200
01000000
00000000
23
00000000
00200200
02212020
22211200
00212000
00100200
01000000
00000000
52
00002000
00202200
02212020
22212200
00212000
00100200
01000000
00000000
22
02002000
02202200
02112020
22212200
00212000
00100200
01000000
00000000
74
02002000
02202200
02112020
22211110
00212000
00200200
01200000
00000000
61
02002100
02201200
02122020
22212110
00212200
00200200
01200000
00000000
42
02002100
02211200
02111020
22212110
00212200
00200200
02200000
20000000
11
12002100
01211200
02111020
22212110
00222200
00202200
02200000
20000000
31
11102100
22222200
02111020
22212110
00222200
00202200
02200000
20000000
25
11102100
21222200
01211020
22112110
22222200
00202200
02200000
20000000
46
11102100
21222200
01211020
22112222
22211200
00212200
02200000
20000000
41
11111100
21112200
22211020
22112222
22211200
00212200
02200000
20000000
26
11111100
21112200
21211020
21112222
22111200
01212200
02220000
20000000
63
11111100
21111100
21211120
21111222
22111200
22212200
02220000
20000000
38
11111100
22222220
21211220
21112222
22121200
22212200
02120000
20100000
85
11111100
22221220
21211120
21112212
22122201
22222200
02220000
22100000
17
11111100
12221220
11211120
11112212
12122202
11222202
12220000
22100000
57
11111100
12221220
11211122
11111222
12121202
11211202
11111000
22100000
71
11111110
12221120
11211122
11111222
12121202
11212202
11111200
22100000
78
11111110
12221120
11211122
11111222
12111202
11211202
11121100
22102010
76
11111110
12221120
11211122
11121222
12112102
11211212
11122220
22102010
88
11111110
11221120
11111122
11111222
12222222
11211212
11122210
22102011
82
11111110
11221111
11111112
11111122
12221222
11211212
11122210
22222011
68
