00000000
00000000
00000000
00012000
00022000
00002000
00000000
00000000
66
00000000
00000000
00000000
00012000
00022200
00002100
00000000
00000000
46
00000000
00000000
00000000
00012000
00012200
00021100
00200000
00000000
64
00000000
00000000
00002000
00012100
00012100
00021100
00200000
00000000
52
00000000
00001000
00021000
00021100
00021100
00021100
00200000
00000000
33
00000000
00001000
00111200
00012100
00021100
00021100
00200000
00000000
34
00002000
00002000
00112200
00112100
00011100
00021100
00200000
00000000
73
00002000
00002020
00111210
00112100
00011100
00021100
00200000
00000000
47
00002000
00002020
00111210
00112100
00012100
00012100
00222000
00000000
58
00002000
00002020
00111220
00111120
00011200
00012100
00221000
00001000
84
00002000
00002020
00111220
00111121
00011220
00012100
00221000
00001000
62
00002000
00002120
00121110
00211121
02011220
00012100
00221000
00001000
48
00002000
00002120
00121110
00211121
02011220
00012220
00211000
00011000
28
00002000
00002120
02221110
00211121
02011220
00012220
00111000
01011000
24
00002000
00002120
02221210
01112121
02021220
00222220
00111000
01011000
82
00002000
00022111
02222210
01112221
02021220
00222220
00111000
01011000
22
00002000
01022111
01122222
01112221
02021220
00222220
00111000
01011000
32
00002000
01111111
01122222
01112221
02021220
00222220
00112000
01011200
87
00002000
01121111
01212222
02111221
22021120
00222210
00112001
01011200
41
00012000
21111111
02212222
02211221
22021120
00222210
00112001
01011200
16
00012000
21111111
02212222
02111221
21021120
10222210
02222001
01011200
38
00012000
21111111
02212222
02111221
21021120
10221222
01212001
01111200
77
02012000
22111111
02212212
02111211
21021110
10221112
01212011
01111200
85
02012000
22111111
02212212
02111211
21021111
20221111
22212011
01111200
61
02011100
22111111
02212212
02111211
21021211
20222211
22212211
01111200
14
02011100
22111111
01212212
11221211
22221211
20222211
22212211
01111200
78
02011102
22111122
01212212
11121211
22211211
20221211
22212111
01111110
26
02211102
22221122
01212212
11111211
21111211
21111211
21112111
01111110
18
02222222
22221222
01212212
11111211
11111211
11111211
11112111
11111110
11
12222222
21221222
01112212
11111212
11111212
11111212
11112122
11111112
13
