00000000
00000000
00000000
00012000
00022200
00000000
00000000
00000000
64
00000000
00000000
00200000
00021100
00022200
00000000
00000000
00000000
76
00000000
00000000
00202000
00022100
00022100
00000010
00000000
00000000
34
00000000
00000000
02202000
00211100
00022100
00000010
00000000
00000000
62
00000000
00000100
02201000
00211100
00022220
00000010
00000000
00000000
36
00000000
00000100
02201020
00211200
00012220
00100010
00000000
00000000
56
00000000
00000100
02201020
00211200
00011220
00102010
00020000
00000000
84
00000000
00000100
02201010
00211201
02011220
00202010
00020000
00000000
85
00000000
00000100
02201210
00212201
02021111
00202010
00020000
00000000
38
00000000
00000100
02201210
00212201
02022111
00202010
00012000
00100000
14
00000000
00000102
02201220
10212201
01022111
00102010
00012000
00100000
66
00000000
00000102
02201220
10212201
02021111
20102110
00012000
00100000
67
00000000
00000102
02201220
10212201
02021111
20202110
02011100
00100000
32
00000000
00100102
01201220
10212201
02021111
20202110
02011200
00100020
74
00000000
00102102
01202220
10212111
02022111
20202110
02011200
00100020
46
00000000
00102102
01202220
10222111
02211111
20211110
02011200
00100020
43
00000000
20102102
02112220
10211111
02211111
20211110
02011200
00100020
42
00002000
20111202
02111220
10211111
02211111
20211110
02011200
00100020
13
00002000
20111202
11111220
10211121
02211121
20211120
02011220
00100020
18
00002000
20111202
11111220
10211121
02211121
20111220
01012220
10120020
83
00002000
20111202
11111112
10211112
02211122
20111222
01012220
10120020
58
00002000
22222202
11211112
10221112
02212122
20111222
01011220
10111020
87
00002000
22222202
11211112
10221112
02212122
20221212
01211111
10111020
26
00002000
22222202
21211112
20211112
22112122
21111212
01111111
10111020
24
00002000
22222202
21212112
21121112
21212122
22111212
21111111
10111020
61
00002100
22221102
21212112
21121112
21212122
22121212
21112221
10111220
88
00002220
22221202
21212112
21121112
21212122
22121212
21112221
10111111
11
12002220
12221202
12112112
12111112
12211122
12121112
11112211
10111111
72
12002220
12221112
12112112
12111112
12211122
12121112
12212211
12111111
81
12002221
12221111
12112111
12111111
12211121
12121111
12212211
12111111
41
