00000000
00000000
00000000
00012000
00022000
00002000
00000000
00000000
64
00000000
00000000
00000020
00011200
00022000
00002000
00000000
00000000
46
00000000
00000000
00000020
00222200
00022000
00012000
00000000
00000000
82
00000000
00000001
00000010
00222100
00022200
00012000
00000000
00000000
66
00000000
00000001
00000010
00222100
00022220
00011100
00000000
00000000
43
00000000
00000001
00010010
00212100
00022220
00012200
00000200
00000000
68
00000000
00000001
00010010
00212100
00022220
00012220
00000100
00000100
25
00000000
00000001
00010010
00112100
01022220
00012220
00000200
00002100
78
00000000
00000001
00010010
00112100
01012220
00012220
00020100
00002110
63
00000000
00000001
00210110
00121100
01012220
00012220
00020100
00002110
23
00000000
00000001
01112110
00122200
01012220
00012220
00020100
00002110
85
00000000
00000001
22222110
00122200
01011111
00012210
00020100
00002110
48
00000000
00000001
22222110
00122220
01011211
00012210
00010100
00011110
52
00000000
00001001
22211110
00121220
01011211
00012210
00020100
00211110
28
00000000
00001001
22211110
00121220
01011211
00222210
00020100
01111110
83
00000000
00021001
22222111
00121210
01011111
00221210
00010100
01111110
26
00000000
00021001
22222111
00121210
01011121
01111222
00010100
01111110
87
00002000
00022001
22222111
00121210
01011121
01111211
00010101
01111110
41
00012000
00011001
22212111
00111210
01011121
01111221
00010121
01111110
32
00012000
00111001
22112111
00112210
01012121
01112221
00012221
01111110
88
02012000
00211001
22122111
00112210
01011121
01112121
00012211
01111111
84
02012000
00211001
22122111
00112211
01021111
01212121
02012211
01111111
22
02012000
01111001
22122111
20112211
02021111
01212121
02012211
01111111
16
02012000
01111001
22122111
20112211
01021111
11212121
02012211
21111111
62
02222000
02121101
22122111
20112211
01021111
11212121
02012211
21111111
12
02222200
11122201
21122211
20112211
01021111
11212121
02012211
21111111
71
02222210
11122221
21121221
20112221
01021121
11212121
02012211
21111111
11
11111110
11122221
21121221
20112221
01022121
11222121
02222211
21111111
15
11111110
11122221
11221221
12222221
12022121
12222121
02222211
21111111
17
11111110
11122221
11221221
12222221
12022121
12222121
11111111
21111111
35
11111110
11122221
11121221
11112221
11111121
11112121
11111111
21111111
81
