00000000
00000000
00000000
00012000
00022200
00000000
00000000
00000000
64
00000000
00000000
00020000
00022100
00022200
00000000
00000000
00000000
46
00000000
00000000
00020000
00022100
00021200
00020000
00020000
00000000
35
00000000
00000000
00020000
00022220
00111200
00020000
00020000
00000000
53
00000000
00000000
00021000
00222220
00111200
00020000
00020000
00000000
42
00020000
00020000
00021000
00222220
00121200
00020000
00020000
00000000
73
00020000
00020000
00022210
00222220
00121200
00020000
00020000
00000000
75
00020000
00020000
00022210
00222210
00221110
02020000
00020000
00000000
25
00020000
00020000
00022210
00222210
02111110
22020000
00020000
00000000
62
00020000
00020100
00021110
02212110
02211110
22020000
00020000
00000000
37
00020000
00020100
00021110
02212110
02221110
22210000
00120000
00000000
48
00020000
00022100
00022110
02212110
02221110
22210000
00110000
00010000
17
00020000
00022100
00022110
02212110
02121110
21210000
10120000
00012000
15
00020000
00022100
00022210
02212120
11122222
11210000
10120000
00012000
68
00020000
00022220
00022220
02212120
11122222
11210000
10120000
00011100
23
00020000
00022220
01022220
01212120
11122222
11210000
12220000
00011100
56
00020000
00022220
01022220
01112120
11112222
11222200
12220000
00011100
31
00120000
00012220
21021220
02112120
11212222
11222200
12220000
00011100
77
00120000
20012220
22021220
02212120
11221222
11222100
12220010
00011100
83
00120000
20222220
22021111
02212120
11221222
11222100
12220010
00011100
71
00120010
20222110
22021111
02212120
11221222
11222220
12220010
00011100
86
00120010
20222222
22021121
02212220
11222212
11121111
12220010
00011100
14
00120010
20222222
22021121
11112220
11222212
11121122
12220012
00011100
81
00120011
20222211
22021121
11112220
11222212
11121122
12220022
00011120
84
00120011
20222211
22021121
21111111
21222212
21121122
22220022
20011120
51
00111011
20221111
22021111
21111111
21222212
21122122
22222022
20011120
38
00111011
20221111
22221111
22221111
21222112
21121122
22112022
20111120
67
00111211
20222111
22221111
22221111
21222112
21121122
22111122
20111120
88
02222211
20222111
22221111
22221111
21222111
21121121
22111111
20111111
11
11111111
20222111
22221111
22221111
21222111
21121121
22211111
22111111
22
