00000000
00000000
00000000
00222000
00021000
00000000
00000000
00000000
35
00000000
00000000
00000000
00222000
00211000
02000000
00000000
00000000
23
00000000
00000000
01000000
00122000
00212000
02002000
00000000
00000000
25
00000000
00000000
01000000
00122000
01122000
02202000
00000000
00000000
53
00000000
00000000
01001000
00112000
22222000
02202000
00000000
00000000
64
00000000
00002000
01002000
00112100
22222000
02202000
00000000
00000000
17
00000000
00002000
01002000
00112100
22122000
02202000
12000000
00000000
67
00000000
00002000
01022000
00212100
22112000
02201000
12000100
00000000
66
00000000
00002000
01022000
00212100
22222200
02201100
12000100
00000000
37
00000000
00002000
01022020
00212200
22222200
02201100
11100100
00000000
63
00000000
00002000
01022120
00211100
22212100
02102100
11102100
00000000
24
00000000
20002000
02022120
01211100
21222100
01102100
11102100
00000000
22
00000000
21002000
01022120
01211100
21222100
01202100
11202100
00200000
46
00000000
21002000
01022120
01211200
22222220
01111200
11202100
00200000
41
02010000
22001000
02022120
02211200
22222220
01111200
11202100
00200000
74
02010000
22001000
02022120
02211110
22222120
01111200
11202220
00200000
68
02010000
22001000
02022120
02211110
22222120
01112100
11201220
00200120
76
02010000
22001000
02022122
02211120
22222210
01112110
11201220
00200120
86
02010000
22001000
02022122
02211120
22222210
01212111
12201210
20200120
28
02010000
22001000
02022122
02211120
22222210
01212121
11101222
21200120
84
02010200
22002000
02022122
02211111
22222210
01212121
11101222
21200120
42
02010200
22012000
02011222
02211122
22222222
01212122
11101222
21200120
16
02010200
22012000
02011222
02111122
21222222
11222122
11122222
21200120
82
02210200
22022001
02012212
02111222
21222222
11222122
11122222
21200120
62
02210200
22222101
02021112
02112122
21222222
11222122
11122222
21200120
88
02210200
22222101
02021111
22112121
22222221
11222121
11122211
21200111
51
02211200
22222221
02021221
22112121
22222221
11222121
11122211
21200111
81
02211201
22222211
02221121
22221121
22212221
11122121
11122211
21200111
71
02211111
22222111
02221121
22221121
22212221
12122121
11222211
21220111
13
02211111
22222111
11111121
11221121
12112221
12112121
11222211
21222111
11
