00000000
00000000
00000000
00021000
00012000
00000000
00000000
00000000
34
00000000
00000000
00002000
00112000
00012000
00000000
00000000
00000000
65
00000000
00000000
00002000
00122000
00211100
00000000
00000000
00000000
52
00000000
00001000
00001000
00121000
00212100
00000200
00000000
00000000
25
00000000
00001000
00001000
02221000
01112100
00000200
00000000
00000000
43
00000000
00001000
00011000
02111000
02112100
02000200
00000000
00000000
56
00000200
00002000
00021000
02211000
02111100
02001200
00000000
00000000
33
00000200
00002000
00111000
02111000
02222220
02001200
00000000
00000000
36
00000200
02002000
00211000
02121000
02112220
02101200
00000000
00000000
16
00000200
02002000
00222200
02121000
01112220
11101200
00000000
00000000
23
00000200
02002000
01222200
01121000
01112220
11102200
00002000
00000000
76
00000200
02002000
02222200
02122000
02122120
12202210
02002000
00000000
32
00000200
02102000
02112200
02121020
02122220
12202210
02002000
00000000
51
00001200
02101000
02111200
02121020
02122220
12202220
02002020
00000000
37
00001200
02221000
02221200
02121020
02122220
12102220
02102020
00000000
73
00001200
02221000
02221110
02121020
02122220
12102220
02202020
00020000
12
00022200
11122000
01221210
02121020
02122220
12102220
02202020
00020000
78
00022200
11222000
02221210
22121010
02122210
12102210
02202010
00020010
72
00022200
11222010
02221110
22121010
02222210
12222210
02202010
00020010
31
00122200
11112010
02121110
22121010
02222210
12222222
02202010
00020010
71
00111110
11112010
02121210
22121020
02222222
12222222
02202010
00020010
67
00111110
11112010
02121210
22121020
02212222
12222222
02222110
00020010
17
00111110
11112010
02121210
22222220
02112222
11222222
11111110
00020010
87
00111110
11112012
02111220
22221220
02112122
11222212
11111111
00020010
83
00111110
11112222
02112211
22221210
02112122
11222212
11111111
00020010
15
00111110
11112222
02112211
21221210
21112122
21222212
22111111
20020010
81
00111111
11112211
02112111
21221210
21112122
21222212
22221111
20220010
84
02111111
12112211
02112111
21221211
21112111
21222111
22221111
20220010
13
22111111
22112211
21212111
21221211
21112111
21222111
22221111
20220010
58
22111111
22112211
21212111
21221211
21112111
21122211
22211121
20221012
68
22111111
22112211
21212111
21221211
21112111
21122211
22211111
20221112
28
