00000000
00000000
00000000
00222000
00021000
00000000
00000000
00000000
35
00000000
00000000
00000000
00222000
00221000
00200000
00000000
00000000
25
00000000
00000000
00000000
00222000
01112000
00200200
00000000
00000000
65
00000000
00000000
00000000
20222000
02111100
00200200
00000000
00000000
15
00000000
00000000
00000000
20222000
22111100
20200200
00000000
00000000
27
00000000
00000000
00000000
20222200
22111200
20100200
01000000
00000000
73
00000000
00000000
00000010
20222100
22121200
20120200
01000000
00000000
57
00000000
00000000
00000010
20222100
22221200
20210200
01201000
00000000
43
00000000
00000000
00010210
20212200
22211200
20210200
01201000
00000000
24
00000000
00000000
00010210
21112200
22111200
20210200
02201000
00200000
18
00000000
00000000
02010210
22112200
22111200
20110200
01201000
10200000
76
00000000
00000000
02010210
22111200
22111100
20110210
22201000
10200000
74
00000000
00000000
02010210
22111110
22111100
20110210
22202000
10220000
68
00000000
00000000
02010210
22111110
22111100
20210210
22221000
10220100
53
00000000
00000000
02011110
22111110
22111100
20210210
22222200
10220100
58
00000000
00000000
02011110
22111110
22111100
20210210
22222100
10222220
56
00000000
00000000
02011112
22111120
22111200
20212110
22222100
10222220
13
00000000
00000000
12011112
11111120
12111200
10212110
12222220
10222220
12
00000000
10000000
11011112
11111120
12111220
10212220
12222220
10222220
28
00000000
10000000
11222222
11221120
12212220
10212220
12122220
11222220
84
00000000
12000000
12222222
12221111
12212220
10212220
12122220
11222220
31
02100000
12000000
12222222
12221111
12212220
10212220
12122220
11222220
85
02100000
12000000
12222222
12221212
12211122
10212222
12122220
11222220
72
02100000
12000012
12222122
12221212
12211122
10212222
12122220
11222220
88
02100020
12000022
12222122
12221212
12211122
10212122
12122210
11111111
42
02100020
12012022
12122222
11211222
12211122
10212122
12122210
11111111
32
02100020
11112022
11112222
11211222
12211122
10212122
12122222
11111111
62
02220020
11122122
11121222
11221122
12221122
10222122
12122222
11111111
81
22220021
12122111
11221121
11221121
12221121
10222121
12122221
11111111
51
22222221
12112211
11121221
11221221
12221221
10222221
12122221
11111111
26
