00000000
00000000
00000000
00222000
00021000
00000000
00000000
00000000
53
00000000
00000000
00001000
00221000
00022000
00000200
00000000
00000000
56
00000000
00000000
00001000
00221000
00022200
00001200
00000000
00000000
76
00000000
00000000
00001000
00221000
00022220
00001110
00000000
00000000
24
00000000
00000000
00001200
01112000
00022220
00001110
00000000
00000000
46
00000000
00000000
00001200
01112000
00012220
00012110
00020000
00000000
85
00000000
00000000
02001200
01212000
00021111
00012110
00020000
00000000
43
00000000
00000000
02011200
01211000
00021111
00222110
00020000
00000000
22
00000000
01002000
01022200
01212000
00022111
00222110
00020000
00000000
64
00000000
01002000
01022220
01211200
00022111
00222110
00020000
00000000
42
00000000
01012000
01011220
22211100
00022111
00222110
00020000
00000000
37
00000000
01012000
01011220
22211100
00021111
00212110
00220000
00200000
25
00000000
01012000
01011220
21111200
01021211
00212210
00220200
00200000
74
00000000
01012000
01021220
21211110
02021211
20212210
00220200
00200000
57
00000000
01012000
01021220
21211120
02021221
20211120
00221220
00200000
83
00000000
21012000
02021111
21211110
02021121
20211120
00221220
00200000
28
00000000
21012000
02221111
21221110
02022121
20211220
00121220
01200000
13
00000000
21012020
11111221
21222120
02022121
20211220
00121220
01200000
86
00000000
21012020
11111221
21222120
02022211
20211121
00121222
01200000
78
00000000
21012020
11111221
21222120
02022211
20211211
00121212
01200210
62
00000000
21011120
11111121
21222120
02022211
20212211
00122212
01202210
82
00000020
21011221
11112121
21222120
02022211
20212211
00122212
01202210
81
00000021
21011211
11112121
21222122
02022222
20212212
00122212
01202210
48
00000021
21011211
11112121
21222122
02022222
20212212
02222212
01111110
61
00200111
21021111
11112121
21222122
02022222
20212212
02222212
01111110
15
00202111
21022211
11112121
11222122
12022222
20212212
02222212
01111110
18
00202111
21022211
11112121
11221122
12222222
20222212
01222212
11111110
11
10202111
11222211
11222121
11222122
12222222
20222212
01222212
11111110
17
10202111
11222211
11222121
11222122
12222222
10222212
11222222
11111112
21
11202111
11122211
11212121
11221122
12222122
10222212
11222222
11111112
26
11202111
11122111
11211121
11211122
11122122
11111112
11122222
11111112
41
