00000000
00000000
00000000
00222000
00021000
00000000
00000000
00000000
33
00000000
00200000
00200000
00212000
00021000
00000000
00000000
00000000
24
00000000
00200000
00220000
01122000
00021000
00000000
00000000
00000000
22
00000000
01200000
00120000
22222000
00021000
00000000
00000000
00000000
53
00000000
01220000
00221000
22221000
00021000
00000000
00000000
00000000
21
01000000
01120000
00212000
22222200
00021000
00000000
00000000
00000000
65
21000000
02120000
00212000
22221200
00021100
00000000
00000000
00000000
36
21000000
02120000
00212000
22221200
00012200
00100200
00000000
00000000
56
21000000
02122000
00222000
22221200
00011200
00101200
00000000
00000000
12
21000000
11122000
00222000
22222200
00012200
00102200
00002000
00000000
63
21000000
21122000
20222100
22221200
00012200
00102200
00002000
00000000
35
21000000
21122000
20122100
22221200
02222200
00102200
00002000
00000000
15
22200000
22222000
20222100
21221200
12222200
00102200
00002000
00000000
58
22200000
22222000
20222100
21221200
22221200
20101200
00001000
00001000
51
22201000
22211000
20122220
21221200
22221200
20101200
00001000
00001000
76
22201000
22211000
20122220
21221200
22221100
20201110
02001000
00001000
72
22201000
22211010
20122120
21221200
22222100
20221110
02001000
00001000
37
22201000
22211010
20122120
21121200
22122220
20121110
02101000
00001000
83
22201000
22211010
20122111
21121200
22222220
22221110
02101000
00001000
47
22201002
22211020
20112211
21112200
22222220
22211110
02111000
00001000
17
22201002
22211020
20112211
21112200
22122220
21222222
11111000
00001000
74
22221002
22221020
20122111
21121110
22122120
21221222
11111000
00001000
77
22221002
22221020
20122111
22222222
22121110
21221112
11111010
00001000
61
22221102
22222210
20122221
22222222
22121110
21221112
11111010
00001000
82
22221102
22222211
20122211
22222122
22121110
21221112
22111010
20001000
71
22221112
22222111
20121211
22212122
22121210
21222112
22221010
20201000
85
22221112
22222111
20121211
22212121
22121211
21222122
22221012
20201000
67
22221112
22222111
22221211
22212121
22121211
21222112
22221112
20201000
48
22221112
22222111
22221211
22212121
22111221
21212122
22111222
20211020
68
22221112
22222111
22221211
22212121
22111221
21212122
22111122
20211120
88
22221112
22222111
22221211
22212121
22111221
21212121
22111111
20211111
28
