00000000
00000000
00000000
00021000
00012000
00000000
00000000
00000000
56
00000000
00000000
00000000
00022200
00011000
00001000
00000000
00000000
53
00000000
00000000
00001000
00021200
00022000
00021000
00000000
00000000
34
00000000
00000000
00001000
00111200
00222000
00021000
00000000
00000000
75
00000000
00000000
00001020
00111200
00222010
00021000
00000000
00000000
66
00000000
00000000
02001020
00211200
00221010
00021100
00000000
00000000
12
00000000
10000000
01001020
02222200
00211010
00021100
00000000
00000000
26
00000000
10000000
01001020
02212200
00112010
01022100
00002000
00000000
13
00000000
10000000
11001020
01212200
00222010
01222100
00002000
00000000
74
00000000
10000000
11201020
01221110
00222010
01222100
00002000
00000000
27
00000000
10000000
11201020
01221110
00212010
01122200
01002020
00000000
68
00000000
10000200
11202020
01221110
00112010
01112200
01001020
00000100
65
00000000
10000200
11202020
01222222
00111120
01112200
01001020
00000100
76
00000000
10000200
11202020
01222222
00121220
01122110
01021020
00000100
71
00000010
10000100
11221020
01222222
00121220
01122110
01021020
00000100
88
00000010
10000100
11221020
01222222
00121220
01122120
01021012
00000101
32
00000010
10100100
11121020
01222222
02221220
01222120
01021012
00000101
85
00000010
10100100
11121020
01222222
02221122
01222122
01021012
00000101
83
02000010
10200100
11121021
01222211
02221121
01222121
01021011
00000101
67
02000010
10200100
11121021
01122211
02212121
01222111
01022111
00002101
31
02100010
10102100
11122021
01122211
02212121
01222111
01022111
00002101
61
02100110
10101100
11112021
01122211
02212121
01222111
02022111
20002101
28
02100110
10121100
11122021
01122211
02212121
01222111
01022111
21002101
63
02100110
10121100
11111111
22221111
02212121
01222111
01022111
21002101
11
11100110
10121100
11111111
22221111
02212121
01222111
01022111
22202101
16
11100110
12221100
12211111
22121111
01212121
11222111
01022111
22202101
37
11100110
12221100
12211111
22121111
01121121
11122211
01122111
22222101
15
11100110
12222220
12211221
12122121
11121121
11122211
01122111
22222101
51
11101110
12211122
12111221
11122221
11122121
11122211
01122111
22222101
41
11111110
12111122
11111221
11122221
11122121
11122221
01122221
22222221
81
