00000000
00000000
00000000
00012000
00022200
00000000
00000000
00000000
66
00000000
00000000
00000000
00012000
00022200
00002100
00000000
00000000
64
00000000
00000000
00000000
00011100
00022100
00002220
00000000
00000000
57
00000000
00000000
00000000
00011100
00021100
00002220
00001200
00000000
36
00000000
00000000
00000000
00011100
00011100
00102220
00002200
00002000
78
00000000
00000000
00200000
00021100
00012100
00101220
00002100
00002010
86
00000000
00000000
00200000
00021100
00012102
00101121
00002200
00002010
84
00000000
00000000
00202000
00022101
00012101
00101121
00002200
00002010
87
00000000
00000000
00202200
00022201
00012201
00101211
00002201
00002010
43
00000000
00000000
00212200
00222201
00022101
00102211
00002201
00002010
68
00000000
00000000
00212200
00222201
00022101
00102211
00002221
00002110
48
00000000
00000000
00212200
00222201
00022221
00102221
00002221
00011110
72
00000000
00020010
00222100
00221201
00012221
00102221
00002221
00011110
23
00000000
02020010
01211100
00121201
00012221
00102221
00002221
00011110
31
00100000
02010010
01211100
00121201
00022221
00122221
00002221
00011110
35
00100000
02010010
01211100
00111221
00111221
00112221
00001221
00011110
32
00100000
22110010
02111100
00211221
00121221
00112221
00001221
00011110
88
00100002
22110020
02111200
00212221
00121221
00112121
00001211
00011111
62
00100002
22110120
02111100
00212121
00121121
00212121
02001211
00011111
25
00100002
22110120
02111100
00112121
01121121
00222121
02022211
00011111
18
00120002
22220120
02121100
00121121
01121121
00122121
01022211
10011111
21
01120002
22120120
02211100
02221121
01221121
00122121
01022211
10011111
83
01120002
22120120
02211101
02221111
02221121
02222121
01022211
10011111
15
22220002
22120120
02211101
02221111
11111121
02222121
01022211
10011111
14
22220002
22120120
22211101
12111111
11211121
02222121
01022211
10011111
51
22221022
22110220
22112101
11121111
11211121
02222121
01022211
10011111
37
22222222
22110220
22112101
11121111
11111121
01112121
01111111
10011111
52
22222222
22111220
22222221
11121121
11111121
01112121
01111111
10011111
82
22222222
22111111
22222211
11121121
11211121
02112121
21111111
10011111
16
22222222
22111111
22222211
12121121
12211121
12112121
12111111
12011111
38
