00000000
00000000
00000000
00021000
00012000
00000000
00000000
00000000
65
00000000
00000000
00000000
00022200
00011100
00000000
00000000
00000000
33
00000000
00000000
00100000
00012200
00012100
00002000
00000000
00000000
67
00000000
00000000
00100000
00012200
00012200
00001020
00000100
00000000
85
00000000
00000000
00100000
00222200
00012201
00001010
00000100
00000000
23
00000000
00000000
01100000
00122200
00012201
00002010
00020100
00000000
75
00000000
00000000
01100000
00122200
00012211
00002210
00020100
00000000
53
00000000
00000000
01101000
02222100
00012211
00002210
00020100
00000000
14
00000000
00000000
01101200
11111200
00012211
00002210
00020100
00000000
57
00000000
00000000
01101200
11112200
00021211
00201110
00021100
00000000
38
00000000
00000000
01101200
11112200
00022211
00202110
00022100
00102000
43
00000000
00002000
01112200
11112200
00022111
00202110
00022100
00102000
46
00000000
00002000
01112200
11112200
00012121
00222222
00022100
00102000
74
00000000
00002000
01122200
11211110
02012121
00222222
00022100
00102000
87
00000000
00002000
01122200
11222222
02012121
00222211
00022101
00102000
27
00000000
02002000
02222200
12222222
02012121
00122211
01022101
00102000
83
00000000
02002000
02222201
12222211
02022121
00222211
02022101
20102000
26
00000000
02002000
02222201
12222211
02022121
01112111
02022201
20102020
68
00000000
02002000
02222201
12222211
02022121
01112211
02022101
20122120
41
00010200
02002000
02222101
12222211
02022121
01112211
02022101
20122120
35
00010200
02002200
02222201
12222211
02111121
01112211
02022101
20122120
28
00010200
02002200
02222201
12222211
02212121
01222211
01222101
21122120
71
00010210
02022100
02222201
12212211
02112121
01222211
01222101
21122120
32
00010210
02111100
01112201
12111211
22112121
02222211
01222101
21122120
51
00011110
22111100
02112201
12211211
22122121
02222211
01222101
21122120
77
00011110
22111100
02212201
12221211
22122121
02222211
01222121
21122122
16
00011110
22111100
02212201
12121211
11222121
12111111
22222121
21122122
11
12011110
22111100
02112201
12111211
11221121
12111111
22222121
21122122
13
12011110
12222220
11112201
11111211
11121121
12111111
22222121
21122122
81
12011111
12222222
11112102
11111212
11121122
12111112
22222122
21122122
31
