00000000
00000000
00000000
00021000
00012000
00000000
00000000
00000000
56
00000000
00000000
00000000
00022200
00011000
00001000
00000000
00000000
33
00000000
00000000
00100000
00012200
00012000
00021000
00000000
00000000
63
00000000
00000000
00100100
00011200
00012000
00022200
00000000
00000000
77
00000000
00000000
00100100
00011200
00011000
00022220
00000010
00000000
57
00000000
00000000
00100100
00011200
00011000
00021220
00001020
00000020
47
00000000
02000000
00200100
00021200
00012000
00011220
00011020
00000020
86
00000000
02000000
00200100
00021200
00012000
00012111
00012020
00002020
11
10000000
01000000
00102100
00012200
00012000
00012111
00012020
00002020
48
10000000
01000000
00102100
00012200
00012020
00012121
00011020
00012020
65
10000000
01000020
00102200
00012100
00011120
00011121
00011020
00012020
81
10000001
01000010
00102100
00021100
00222220
00011121
00011020
00012020
74
10000001
01000010
00102100
00021110
00222120
00222221
00021020
00012020
52
10000001
01001010
00101100
00021110
00222120
00222221
00022020
00012220
34
10000001
01001210
00102200
00121210
00222220
00222221
00022020
00012220
42
10000001
01011210
00122200
00122110
00222210
00222221
00022020
00012220
88
10002001
01012210
00122200
00112110
00221210
00222121
00022010
00011111
27
10002001
01012210
00122100
00111112
00211220
00122221
01022010
00011111
24
10002001
01012210
00122102
01111122
00111220
00112221
01021010
00011111
71
10002011
01012110
02221102
01211122
00121220
00112221
01021010
00011111
37
10002011
01012110
02221102
01211122
00221220
00212221
01221010
00211111
25
10002011
01012110
02221102
01211122
01111220
00112221
01222210
00211111
73
10022011
01022110
02221112
01211112
01111210
00112211
01222210
00211111
32
10022011
01112110
02111212
01111122
01111222
00112221
01222210
00211111
13
10022011
22222110
12111212
01211122
01121222
00112221
01222210
00211111
28
10022011
22222110
12111212
02211122
02121222
02222221
01122210
01111111
15
10022011
22222110
12111212
01211122
12121222
22222221
01122210
01111111
82
10022011
22222111
22111211
22211121
22121221
22222221
01122210
01111111
61
10022111
22221111
22111211
22211121
22121221
22222221
22222210
01111111
18
10022111
12221111
12111211
12211121
12111221
12122221
11222222
11111111
31
