00000000
00000000
00000000
00021000
00012000
00000000
00000000
00000000
34
00000000
00000000
00200000
00121000
00012000
00000000
00000000
00000000
43
00000000
00000000
00210000
00211000
00222000
00000000
00000000
00000000
36
00000000
00000000
00222000
00222000
00212000
00100000
00000000
00000000
25
00000000
00000000
00222000
00222000
01212000
00200000
00200000
00000000
63
00000000
00000000
00222100
00222000
01212200
00200000
00200000
00000000
42
00000000
00012000
00222100
00212000
01212200
00200000
00200000
00000000
24
00000000
00012000
20122100
02112000
01212200
00200000
00200000
00000000
14
00000000
00012000
20122100
11122000
01222200
00220000
00200000
00000000
47
00000000
00012000
20112100
11112000
01212200
00120000
00222000
00000000
56
00000000
00012000
20122100
11212000
02212200
20111000
00222000
00000000
62
00002000
00012100
20122100
11212000
02212200
20111000
00222000
00000000
26
00002000
02012100
20222100
11222000
01112200
21111000
00222000
00000000
38
00002000
02012100
20222100
11222000
01122200
21121000
00122000
00120000
58
00202000
02022100
20222100
11222000
01122200
21121000
00111000
00111000
75
00202000
02022100
20222200
11222020
01111110
21121000
00111000
00111000
11
10202000
01022100
20122200
11222020
01211110
22121000
20111000
00111000
83
10202020
01022200
20122201
11222010
01211110
22121000
20111000
00111000
15
10202020
01222200
20222201
11222010
11211110
21121000
20111000
00111000
21
11202020
01122200
20212201
11221010
11212110
21122200
20111000
00111000
72
11202020
01111110
20212101
11221010
11212110
21122200
20112000
00111200
12
11202020
11111110
10212101
11221012
11212120
21122200
20112000
00111200
64
11202020
11111112
10211102
11221112
11211120
21112200
20112000
00111200
41
11112020
11111112
10211102
11221112
11211120
21112200
20112000
02222200
77
11112020
11111112
10211102
11221112
11211120
21112102
20112020
02222200
61
11111120
11111112
10211102
11221112
11211120
21112102
22222020
02222200
76
11111122
11111122
10211202
11222112
11221110
21212112
22222020
02222200
78
11111122
11111122
10211202
11222112
11222110
21212212
22222020
02222222
23
11111122
11111122
11111202
11222112
11222210
21212222
22222022
02222222
67
11111122
11111122
11111222
11122222
11212120
21211122
22222122
02222222
85
11111122
11111122
11111122
11122212
11212111
21211112
22222122
02222222
18
