00000000
00000000
00000000
00222000
00021000
00000000
00000000
00000000
53
00000000
00000000
00001000
00221000
00022200
00000000
00000000
00000000
36
00000000
00002000
00002000
00222000
00012200
00100000
00000000
00000000
75
00000000
00002000
00002000
00222000
00022110
00102000
00000000
00000000
43
00000000
00002000
00012000
00221020
00022210
00102000
00000000
00000000
51
00001000
00001200
00012000
00221020
00022210
00102000
00000000
00000000
63
00001000
00001200
00011100
00221020
00022210
00202000
02000000
00000000
24
00001000
00001200
02011100
01211020
00022210
00202000
02000000
00000000
57
00001000
00001200
02012100
01221020
00221210
00201000
02001000
00000000
22
00001200
01002200
01022100
01221020
00221210
00201000
02001000
00000000
83
00022200
01002200
01022101
01221010
00221110
00201000
02001000
00000000
32
00022200
01102200
01012101
01222010
00222110
00202000
02002000
00002000
25
00022200
01102200
01012201
01122210
01111110
00202000
02002000
00002000
47
00022200
01102200
01012201
01122222
01111110
00101000
02012000
00002000
18
00022200
01102200
01012201
01122222
01111110
00101000
01222000
10002000
73
00022200
01102220
01011211
01122112
01111110
00101000
01222000
10002000
67
02022200
01202220
01021211
01122112
01111110
00101000
01111100
10002000
71
02022210
01202110
01021211
01122122
01111112
00101000
01111100
10002000
86
02022210
01202222
01021211
01122121
01111111
00101001
01111100
10002000
33
02022210
22202222
01111211
01112121
01111111
00101001
01111100
10002000
31
02111110
22102222
01111211
01112121
01111221
00101021
01111200
10002000
87
02111110
22222222
01112211
01111221
01111121
00101011
01111201
10002000
81
02111111
22222211
01122111
01211221
02111121
20101011
01111201
10002000
11
11111111
21222211
01122111
01211221
02211221
20202011
02221201
10202000
26
11111111
21222211
22222111
01211221
01111221
21202011
02221201
10202000
77
11111111
21222211
22222111
01211221
01111221
21202021
02221221
10202020
28
11111111
21222211
22222111
02211221
22222221
22202021
01221221
11202020
14
11111111
11122211
11222111
11111221
22222221
22202021
22221221
11202020
46
11111111
11122211
11222111
11121121
22112221
22212221
22121221
11202020
68
11111111
11122211
11222111
11121121
22112121
22212221
22121121
11202122
48
