00000000
00000000
00020000
00022000
00021000
00000000
00000000
00000000
33
00000000
00000000
00120000
00222000
00021000
00000000
00000000
00000000
35
00000000
00000000
02220000
00122000
00111000
00000000
00000000
00000000
42
00000000
00010000
02210000
02222000
00111000
00000000
00000000
00000000
65
00000000
00010000
02210000
02221000
00211100
02000000
00000000
00000000
13
00000000
20010000
12110000
02221000
00211100
02000000
00000000
00000000
11
10000000
10010000
12110000
02222200
00211100
02000000
00000000
00000000
36
10000000
10010000
12110000
02222200
00122100
02102000
00000000
00000000
66
10000000
10012000
12120000
02212200
00121100
02102100
00000000
00000000
63
10000000
10012000
12120100
02211100
00211100
02202100
00200000
00000000
41
10010000
10011020
12120200
02212100
00221100
02202100
00200000
00000000
38
10010000
10011020
12120200
02112100
00121100
02202100
02100000
00100000
47
10010000
10011020
12120200
02112100
00122220
02201100
02110000
00100000
74
10010000
10011020
12120100
02112110
00122220
02201120
02110000
00100000
14
10010000
10211020
12220100
11212110
00222220
02201120
02110000
00100000
86
10010000
10211020
12220102
11212120
00222210
02201111
02110000
00100000
15
10010000
10211020
12220102
11212120
10222210
01202111
02222000
00100000
84
10010000
10211020
12220102
11212111
10222210
01202121
02222002
00100000
77
10010000
10211020
12220102
11212111
10222210
01202211
02222222
00100000
21
11210000
10211020
12210102
11211111
10222110
01202211
02222222
00100000
68
11210000
10211020
12210122
11211211
10222110
01202111
02222112
00100100
17
11210000
10211020
12210122
11211211
10222110
22202111
11111112
00100100
22
11210000
11111220
11110222
11211211
10222110
22202111
11111112
00100100
88
11210000
11111220
11110222
11211221
10222120
22202121
11111221
00100121
53
11222000
11112220
11112222
11212121
10222110
22202121
11111221
00100121
81
11222201
11112220
11112122
11211121
10212110
22102121
11111221
00100121
85
11222201
11112220
11112122
11211111
10212111
22102121
11211221
00120121
58
11222201
11122220
11122122
11221111
10222111
22222111
11211121
00111121
25
11222201
11122220
11122122
11221111
11111111
21122111
11211121
02222221
82
11222221
11111221
11122121
11221121
11111121
21122121
11211121
02222221
18
