00000000
00000000
00000000
00222000
00021000
00000000
00000000
00000000
53
00000000
00000000
00001200
00222000
00021000
00000000
00000000
00000000
35
00000000
00000000
00001200
00212000
00122000
00002000
00000000
00000000
24
00000000
00000000
00001200
01112000
02222000
00002000
00000000
00000000
66
00000000
00000000
02001200
02212000
02221000
00002100
00000000
00000000
46
00000000
00000000
02001200
02212000
02212000
00022100
00002000
00000000
48
00000000
00000000
02022200
02222000
02222000
00022100
00001000
00010000
36
00000000
00000000
02022200
02222000
02222000
00211100
02001000
00010000
64
00000000
00000000
02022200
02222100
02221000
00221100
02021000
00010000
33
00000000
00200000
02222200
02212100
02221000
00221100
02021000
00010000
38
00000000
00200000
02222200
02212100
02221000
00221100
02012000
00110200
52
00000000
00201000
02221200
02211100
02221000
00221100
02222000
00110200
42
00000000
00211000
02211200
02211100
02221020
00221200
02222000
00110200
86
00000000
00211000
02211220
02211200
02222010
00221201
02222000
00110200
58
00000000
00211000
02211220
02211200
02222010
00222201
02222200
00111200
22
00000000
01111200
02112220
02221200
02222010
00222201
02222200
00111200
18
00000000
01111200
02112220
02221200
02212010
02222201
01222200
10111200
13
00000000
01111200
11112220
02221200
02212010
02222201
22222200
10111200
74
00000000
22222200
12112120
02221110
02212010
02222201
22222200
10111200
51
00001000
22211200
12121220
02222210
02212210
02222201
22222200
10111200
15
00201000
22221200
12122220
01222210
11112210
01222201
22122200
10111200
11
10201000
11221200
12122220
22222210
12112210
01222201
22122200
10111200
72
12201000
12221110
12122110
22221210
12112210
01222201
22122200
10111200
28
12201200
12222210
12122210
22221210
12112210
01222201
21122200
11111200
41
11111200
12211210
12112110
22211210
22112210
22222201
21122200
11111200
77
11111200
12211210
12212110
22221210
22112210
22222201
21111120
11111202
78
11111200
12211210
12212120
22221222
22112220
22222201
21111120
11111112
87
11111200
12211220
12212122
22221222
22112220
22222201
21111111
11111112
81
11111201
12211210
12212122
22221222
22112222
22222202
21111112
11111112
71
11111111
12222222
12211122
22211222
22112222
22222202
21111112
11111112
76
