00000000
00000000
00000000
00012000
00022000
00002000
00000000
00000000
66
00000000
00000000
00000000
00012000
00021000
00002220
00000000
00000000
53
00000000
00000000
00001000
00011000
00022200
00002220
00000000
00000000
87
00000000
00000000
00001000
00011000
00022220
00002210
00000001
00000000
57
00000000
00000000
00001200
00012000
00021220
00001210
00001001
00000000
35
00000000
00000000
00001200
00012000
00111220
00001222
00001001
00000000
77
00000000
00000000
00001200
00012000
00111220
00001122
00001021
00000200
64
00000000
00000000
00001200
00011100
00111120
00001222
00002021
00020200
73
00000000
00000000
00001110
00011100
00111120
00022222
00002021
00020200
37
00000000
00000000
00001110
00011120
00111220
00012222
00102021
00020200
78
00000000
00000000
00001110
00011110
00111210
00222212
00102011
00020210
47
00000000
00000000
00001110
00011110
00111110
00211212
00212011
00220210
28
00000000
00000000
00201110
00021110
00112110
00211212
00112011
01220210
58
00000000
00000020
00201210
00022110
00122110
00211212
00111011
01111110
25
00000000
00020020
00202210
00022210
01122120
00111212
00111011
01111110
62
00000000
00020120
00201110
00012110
01122120
00211212
02111011
01111110
34
00000000
00020120
00201110
00112110
22222120
00211212
02111011
01111110
32
00000200
00120220
00101210
00112210
22222220
00211212
02111011
01111110
26
00000200
00120220
00101222
00112220
22122220
01111212
01111011
01111110
51
00001200
00110220
02101222
00212220
22122220
01111212
01111011
01111110
81
00001201
00110222
02101122
00211220
22112220
01111212
01111011
01111110
13
00001201
00110222
11101222
00212220
22122220
01211212
02111011
21111110
71
00001111
00110112
11101212
00212210
22122210
01212212
02222211
21111110
52
00001111
00111112
11101112
00212210
22122222
01212222
02222211
21111110
43
00001111
02222222
11211112
00221210
22122122
01212212
02222211
21111110
11
10001111
01222222
11111112
00211210
22121122
22212112
02222211
21111110
17
10001111
01222222
11111122
00211222
22121122
21212112
11111111
21111110
24
10001111
01222222
12111122
22222222
22121122
21212112
11111111
21111110
41
12011111
02211222
12111122
22222222
22121122
21212112
11111111
21111110
12
12011111
11111222
11111122
22122222
22112122
21211212
11111122
22222222
31
