00000000
00000000
00000000
00021000
00012000
00000000
00000000
00000000
56
00000000
00000000
00000000
00022200
00011000
00001000
00000000
00000000
43
00000000
00000000
00010000
00012200
00012000
00021000
00000000
00000000
47
00000000
00200000
00020000
00012200
00012000
00011000
00010000
00000000
53
00000000
00200000
00021000
00012200
00011200
00011000
00010000
00000000
33
00000000
00200000
00111000
00012200
00011200
00012000
00020000
00200000
74
00000000
00200000
00111000
00011110
00011200
00222000
00020000
00200000
21
01000000
00100000
00111020
00011210
00012200
00222000
00020000
00200000
67
01000000
00100000
00111022
00011220
00012200
00221000
00020100
00200000
48
01000000
00100000
00111222
00012220
00022200
00211000
00010100
00210000
66
01000000
00100000
00111222
00222220
00021200
00211100
00010100
00210000
82
01000000
00100001
00111212
00222120
00021200
00211200
00010200
00210200
62
01000000
00102101
00122212
00222120
00021200
00211200
00010200
00210200
84
01200000
00202101
00222211
00222111
00021200
00211200
00010200
00210200
75
01200000
00202101
00222211
00222111
00021110
00211200
00020200
00222200
77
22200000
00202101
00222211
00222111
00021110
00211100
00020210
00222200
23
22200000
00202101
01111111
00122111
00011110
00211100
00020222
00222200
26
22200000
00202221
01111211
00122111
00011110
01111100
00020222
00222200
88
22200000
00202221
02111211
20122111
00011110
01111100
00020212
00222201
41
22210000
00201221
02111111
22222111
00011110
01111100
00020212
00222201
78
22210000
00201221
02111111
22222111
00011110
01111102
00020122
00222211
28
22210000
02201221
02211111
22222111
00011110
01111102
00020122
01111111
12
22210000
12201221
01211121
22122121
00011220
01111122
00020122
01111111
35
22222000
12202221
01212121
22112121
00111220
01111122
00020122
01111111
42
22222020
11111121
01211121
22112121
00111220
01111122
00020122
01111111
61
22222120
11111111
01211121
22112121
00111220
22222222
00020122
01111111
85
22222120
11111111
01211121
22112111
00111111
22222211
00022221
01111111
17
22222120
11111111
01211121
22112111
00111111
21222211
20022221
21111111
37
22222120
22111111
22211121
22112111
00111111
21112211
20111111
21111111
15
