00000000
00000000
00000000
00222000
00021000
00000000
00000000
00000000
53
00000000
00000000
00001000
00221000
00022000
00000200
00000000
00000000
24
00000000
00000000
00021000
01121000
00022000
00000200
00000000
00000000
32
00000000
00100000
00011200
01122000
00022000
00000200
00000000
00000000
73
00000000
00100000
00011110
22222000
00022000
00000200
00000000
00000000
35
00000000
00100020
00011210
22212000
00122000
00000200
00000000
00000000
71
02000010
00200010
00021210
22212000
00122000
00000200
00000000
00000000
33
02000010
00220010
00221210
22122000
00122000
00000200
00000000
00000000
56
02000010
00220010
00221210
22222000
00221000
00201200
00000000
00000000
77
02000010
00220010
00221210
22222000
00222200
00201100
00000010
00000000
64
02000010
00220010
00221210
22222100
00222200
00201120
00000010
00000000
86
02000010
00220010
00222210
22222200
00222220
00201111
00000010
00000000
84
02000010
00220010
00222210
22222201
00222210
00202211
00000210
00000000
31
02100010
00210010
00221210
22222221
00222210
00202211
00000210
00000000
58
02100010
00210010
00221222
22222221
00222210
00202211
00000110
00001000
27
02100010
00210010
00221122
22221221
00212210
00102211
01000210
00001200
62
02100010
00210110
00221112
22221221
00212210
00102221
01000222
00001200
26
02100010
00210110
00221112
22211221
02222210
01102221
01000222
00001200
11
11100010
00210110
00221112
22211222
02222222
01102222
01000222
00001200
23
11100012
00210120
01111212
21212222
01222222
01102222
01000222
00001200
46
11100012
00210120
01111212
21212122
02111222
01212222
01020222
00001200
41
11110012
00110120
01111212
21212122
02111222
02212222
02020222
02001200
18
11110012
02110120
02211212
22222122
02112222
02112222
01020222
12001200
82
11110222
02110221
02211212
22222122
02112222
02112222
01020222
12001200
12
11110222
11110221
01211212
22222122
02212222
02222222
01220222
12001200
17
11110222
11112221
01222212
22212122
02112222
01222222
11220222
12001200
57
11110222
11112221
01222212
22222122
02122222
01222222
11122222
12022200
88
11110222
11112221
22222211
22212121
02121221
01222121
11122211
12022201
38
11110222
11112221
22222211
22212111
22121121
02221121
11212211
11122201
16
11112222
11122221
12222211
12212111
12121121
11111121
11212211
11122201
78
