00000000
00000000
00020000
00022000
00021000
00000000
00000000
00000000
35
00000000
00000000
00020000
00022000
00112000
00002000
00000000
00000000
63
00000000
00000000
00020100
00022200
00112000
00002000
00000000
00000000
53
00000000
00000000
00021100
00222200
00122000
00002000
00000000
00000000
65
00000000
00000000
00022220
00222100
00111100
00002000
00000000
00000000
33
00000000
00000000
00122220
00112220
00111200
00002000
00000000
00000000
62
00000000
00000100
02221220
00212220
00121200
00002000
00000000
00000000
66
00000000
00000100
02221120
00212220
00122100
00022100
00000000
00000000
75
00000000
00000100
02221120
00212120
00222110
00222100
00000000
00000000
22
00000000
01002100
02122220
00212120
00222110
00222100
00000000
00000000
42
00020000
01022100
02121220
00222120
00222110
00222100
00000000
00000000
84
00020000
01222100
02221210
00222111
00222110
00222100
00000000
00000000
57
00020020
01222200
02222210
00221111
00221110
00221100
00001000
00000000
24
00020020
01222200
01222210
02111111
20121110
00211100
00001000
00000000
31
00120020
01112200
01121210
02111211
20121210
00212200
00001200
00000000
72
00120020
01211110
02121110
22111211
20121210
00212200
00001200
00000000
68
00120220
01212110
02121110
22111111
20121110
00212100
00001100
00000100
37
00120220
01212110
02121110
22111111
20121110
00112100
00101200
00000120
77
00120220
01212120
02122222
22111121
20121210
00112100
00101110
00000120
12
00120220
11212120
01122222
22111122
20121222
00112100
00101110
00000120
82
00122220
11222211
01222222
22111122
20121222
00112100
00101110
00000120
25
00122220
11222211
01222222
21121122
21221222
02222100
00101110
00000120
86
00122220
11222211
01222221
21121121
21221211
02222101
00201110
02000120
76
00122220
11222211
01222221
21122121
21221211
02222121
00201112
02000120
81
00111111
11222211
22222221
22122121
21221211
02222121
00201112
02000120
38
02111111
12222211
22222221
22122121
21121211
02122121
00101112
02100120
11
11111111
11222211
22122221
22212121
22121211
22122121
00101112
02100120
27
11111111
11222211
21122221
21212121
21121211
21122121
01102212
02102220
48
11111111
11222211
21122221
21222121
21221211
22122121
21101212
02112220
47
11111111
11212211
21112221
21212111
21221111
22211121
22111212
22112220
88
