00000000
00000000
00000000
00012000
00022000
00002000
00000000
00000000
66
00000000
00000000
00000000
00012000
00022200
00002100
00000000
00000000
64
00000000
00000000
00000000
00011100
00022100
00002220
00000000
00000000
36
00000000
00000000
00002000
00012100
00012100
00102220
00000000
00000000
77
00000000
00000000
00002000
00012200
00011120
00102120
00000010
00000000
63
00000000
00000000
00022100
00012100
00011220
00102120
00000010
00000000
62
00000000
00000100
00021100
00012100
00011220
00102120
00000020
00000020
86
00000000
00000100
00021100
00012220
00011220
00102121
00000020
00000020
33
00000200
00000200
00111200
00012220
00011220
00102121
00000020
00000020
71
00000210
00200100
00121200
00012220
00011220
00102121
00000020
00000020
68
00000210
00200100
00221200
00222220
00021220
00102121
00000010
00000120
57
00000210
00200100
00221200
00222220
00021220
00101221
00002010
00020120
85
00000210
00200100
00221200
00222222
00021121
00101221
00002010
00020120
83
00000210
00220100
00222201
00222211
00021121
00101221
00002010
00020120
21
01000222
00120100
00212201
00221211
00021121
00101221
00002010
00020120
73
01000222
00120120
00211221
00222121
00021121
00101221
00002010
00020120
52
01000222
00111120
00211121
00222111
00021121
00101221
00002010
00022220
22
01000222
01111120
00111121
00212111
00021121
00102221
00002210
00022220
82
01200222
01221111
00212111
00212211
00021121
00102221
00002210
00022220
87
01200222
01221111
00212111
00222211
00221121
00102211
00002211
00022220
26
01200222
01221211
00212111
00222211
00221121
02102211
20002211
00022220
47
01200222
01221211
00212111
00222211
00221121
02201211
22011111
00022220
25
01200222
01221211
00212111
00122211
01122121
02222211
22022111
00022220
37
01200222
01221211
00212111
00122111
22221121
02112211
22111111
00022220
51
22201222
02221111
00212111
00122111
22221121
02112211
22111111
00022220
12
22201222
12111111
02212111
00222111
22221121
02112211
22111111
00022220
18
22201222
12111111
02212111
00222111
22221121
02212211
21221111
10222220
13
22201222
22111111
21112111
20222111
22221121
02212211
21221111
10222220
28
22222222
22221111
22122111
20222111
22221121
02212211
21121111
11222220
16
22222222
22221111
22212111
22222111
21221121
11112211
11121111
11222220
88
