00000000
00000000
00000000
00012000
00022200
00000000
00000000
00000000
64
00000000
00000000
00200000
00021100
00022200
00000000
00000000
00000000
34
00000000
00000000
00202000
00112100
00022200
00000000
00000000
00000000
46
00000000
00000000
00202000
00112100
00021200
00210000
00000000
00000000
75
00000000
00000000
00222000
00122100
00021110
00210000
00000000
00000000
56
00000000
00000000
00222000
00122100
00021110
00221000
00020000
00000000
22
00000000
01000000
00122000
02222100
00021110
00221000
00020000
00000000
63
00000000
01000000
00111100
02222100
00022110
00222000
00022000
00000000
66
00000000
01020000
00221100
02222100
00021110
00222100
00022000
00000000
32
00000000
22220000
00211100
02221100
00021110
00222100
00022000
00000000
11
10000000
21222000
00122100
02212100
00022110
00222100
00022000
00000000
27
10000000
21222000
00122100
02221100
00222110
00122100
01022000
00000000
15
10000000
21222000
00122100
01221100
10222110
00122200
01022020
00000000
13
10000000
11222000
10122100
01221100
10222110
00222200
01222020
00000000
88
10000000
11222000
10122100
01211100
10221110
00222100
22222010
00000001
68
10000000
11222000
10122100
01211100
10122222
00212100
22221010
00000101
48
10000000
11222000
10122100
01211100
10122222
00212100
22221010
00210101
31
10100000
11112000
10121100
01211100
10122222
00212100
22222010
00222101
41
10110000
11111000
10121100
01211100
10122222
00212200
22222210
00222101
86
10110000
11111000
10121100
01211100
12222212
00212201
22222210
00222101
18
10110000
11111000
10121100
01211102
12212222
00112201
21222210
10222101
14
10110000
11111000
10122220
11211202
11212222
00112201
21222210
10222101
83
10110000
11111000
10111111
11211201
11212221
02222201
21222210
10222101
78
10110000
11111000
10111111
11211201
11212221
02221201
21222222
10222111
23
10110000
11111000
11111111
11111201
11212221
22221201
22222222
10222111
28
10110000
11111002
11111112
11111102
11211222
21211202
21122222
11111111
74
10112000
11112002
11112112
11112112
11212122
21212202
21122222
11111111
76
10112000
11112202
11112122
11112112
11212112
21211112
21122112
11111111
81
10112001
11112221
11112221
11112111
11212111
21211111
21122111
11111111
61
