00000000
00000000
00000000
00021000
00012000
00000000
00000000
00000000
65
00000000
00000000
00000000
00021000
00021100
00020000
00000000
00000000
33
00000000
00000000
00100200
00012000
00021100
00020000
00000000
00000000
47
00000000
00000000
00100200
00012000
00012100
00012000
00010000
00000000
66
00000000
00000000
00100200
00012000
00021100
00211100
00010000
00000000
35
00000000
00000000
00100200
00012000
00111100
00211100
00020000
00002000
64
00000000
00000000
00100200
00211100
00211100
00211100
00020000
00002000
25
00000000
00000000
00100200
20211100
02111100
00211100
00020000
00002000
23
00000000
00000000
01100200
20111100
02111100
00222220
00020000
00002000
67
00000000
00000000
01120200
20222100
02121200
00221120
00020100
00002000
15
00000000
00000000
01120200
20222100
11122200
00221220
00020120
00002000
26
00000000
00000000
01120200
20222100
11122200
01112220
00022220
00002000
62
00000000
00200100
02220100
20222100
11122200
01112220
00022220
00002000
42
00000000
00210100
02210100
22212100
11212200
01122220
00022220
00002000
68
00000000
00210100
02210100
22212100
22212100
22222120
00022120
00002100
17
00020000
00220100
02220100
22222100
22122100
21222120
10022120
00002100
53
00020000
00220100
02221100
22212100
22122100
21222120
20022120
20002100
31
00120020
00110200
02122100
22122100
22222100
22222120
20022120
20002100
51
00111020
00110200
02122100
22122200
22222220
22222220
20022120
20002100
85
00111020
02110200
02222100
22122200
22222221
22222210
20022120
20002100
52
00111020
02111200
02212100
22122200
22222221
22222220
20022122
20002100
48
00111020
02111200
02212220
22112200
22212221
22212220
20012122
20011100
12
00111020
11111200
01212220
22112200
22212221
22212220
20012222
20011120
86
00111020
11111200
01211220
22112100
22212211
22212111
20022212
20222220
82
00111020
11111201
01211220
22112102
22212222
22212212
20022212
20222220
83
00111220
11112201
01221111
22212102
22212222
22212212
20022212
20222220
81
00111111
11112201
22221111
22212102
22212222
22212212
20022212
20222220
72
20111111
22111111
22221111
22212102
22212222
22212212
20022212
20222220
88
22111111
22211111
22221111
22212101
22212221
22212211
20022211
20222221
28
22111111
22211111
22221111
22212101
22212221
22222211
20222211
21111111
27
