00000000
00000000
00000000
00012000
00022200
00000000
00000000
00000000
64
00000000
00000000
00002000
00012100
00022200
00000000
00000000
00000000
62
00000000
00000100
00001200
00012200
00022200
00000000
00000000
00000000
66
00000000
00002100
00002100
00012100
00021100
00000100
00000000
00000000
51
00001000
00001120
00001200
00012100
00021100
00000100
00000000
00000000
46
00021000
00002120
00001200
00012100
00011100
00010100
00000000
00000000
81
00021001
00002222
00001100
00011100
00011100
00010100
00000000
00000000
71
00021011
00002122
00001200
00011120
00011100
00010100
00000000
00000000
83
00021011
00002121
00001201
00012110
00021100
00210100
00000000
00000000
26
00021011
00002121
00001201
00012110
00022100
01112100
00000000
00000000
31
00111011
00002121
00001201
00012120
00022102
01112100
00000000
00000000
35
00111011
00002121
00001201
00222120
00121102
01112100
00000000
00000000
42
00111011
00011121
00001201
00222120
00122102
01112200
00000020
00000000
67
00111011
00011121
00001201
00222120
00122222
01112100
00000120
00000000
23
00111011
00011121
01001201
00122120
00122222
01211100
02000120
00000000
33
00111011
20011121
02101201
00212120
00121222
01211100
02000120
00000000
84
00111011
20011121
02101201
00212111
00121212
01212100
02000220
00000020
13
00111011
20011121
11122201
00222111
00121212
01212100
02000220
00000020
18
00111011
20011111
11122101
00221111
02222212
01112100
01000220
10000020
15
00111011
20011111
11122221
00221111
11111112
01112100
01000220
10000020
47
00111011
20011111
11122221
00221111
11211112
02111100
21010220
10000020
11
10111011
10011111
11122221
00222121
11211222
02222220
21010220
10000020
88
10111011
10011111
11122221
00222121
11211222
02222120
21020210
10020021
24
10111011
10011111
11122221
01111121
11211222
02222120
21020222
10020021
38
10111011
10011111
11122221
21111111
12211122
02221120
21010222
10120021
58
10111011
10211111
12222221
21211111
12211122
02221120
21010222
10111021
57
10111211
10212211
12222221
21211111
12111122
02211120
21011222
10111021
22
10111211
11112211
11122221
21211111
12111122
02211120
22011222
12111021
86
10111211
11112211
11122221
21211211
12112111
02221111
22222221
12111021
16
12222211
12212211
12122221
22211211
12112111
11111111
11222221
12111021
68
