00000000
00000000
00000000
00012000
00022000
00002000
00000000
00000000
64
00000000
00000000
00000020
00011200
00022000
00002000
00000000
00000000
46
00000000
00000000
00000020
00222200
00022000
00012000
00000000
00000000
43
00000000
00002000
00020020
00212200
00012000
00012000
00000000
00000000
63
00000000
00002000
00220120
00221200
00012000
00012000
00000000
00000000
67
00000000
00002200
00220220
00221200
00012000
00011000
00000100
00000000
42
00000000
00222200
00210220
00211200
00012000
00011000
00000100
00000000
23
00000000
00222200
01210220
00211200
00222000
00011000
00000100
00000000
74
00000000
00222200
01220220
00212210
00222200
00011000
00000100
00000000
66
00000000
00222200
01220220
00212210
00222200
00022100
00002100
00000000
24
00000000
00222200
01220220
01112222
00222200
00022100
00002100
00000000
41
02010000
00212200
01220220
01112222
00222200
00022100
00002100
00000000
48
02010000
20212200
02220220
01212222
00222200
00022100
00001100
00010000
72
02010000
20222222
02220220
01212222
00222200
00022100
00001100
00010000
26
02010000
20222222
22220220
02212222
00222200
01022100
00001100
00010000
47
02010000
20222222
22220220
02212222
00212200
01012100
00011200
00010020
14
02210000
20222222
21220220
11112222
00212200
01012100
00011200
00010020
51
02211000
20222222
21122220
11122222
00212200
01012100
00011200
00010020
85
02211000
20221222
21122120
11122212
00212201
01012200
00011220
00010020
22
02211000
21111222
21122120
11122212
00212201
01012200
00021220
00210020
71
02211010
22111112
22121110
12212212
02222201
01012200
00021220
00210020
16
02211010
22111112
22111110
12112212
01222201
11022200
00022220
00210220
88
02222210
22111212
22111210
12112212
01221201
11022100
00022210
00210221
15
02222210
22111212
22111210
11112212
11221202
11022102
00022220
00210221
58
02222210
22111212
22111210
11112212
11221202
11022222
00021220
00211111
11
11111110
11111212
12111222
11112222
11221202
11022222
00021220
00211111
75
11111110
11111212
12111212
12112112
12221112
12022112
02021210
00211111
28
11111110
11111212
11111212
11112112
11221112
12022112
21021210
01111111
18
11111112
11111222
11111212
11112112
11221112
12022112
11021210
11111111
37
