00000000
00000000
00000000
00222000
00021000
00000000
00000000
00000000
33
00000000
00000000
00100000
00212000
00022200
00000000
00000000
00000000
64
00000000
00000000
00100200
00212200
00022200
00000000
00000000
00000000
46
00000000
02000000
00200200
00222200
00012200
00010000
00000000
00000000
75
00000000
02000000
00200200
00222200
00021110
00020000
00020000
00000000
11
10000000
01000000
00120200
00222200
00021110
00020000
00020000
00000000
73
10000000
01000000
00120210
00222100
00021210
00020020
00020000
00000000
37
10000000
01200000
00220210
00222100
00021210
00010020
00120000
00000000
57
10000000
22200000
00220210
00222100
00021210
00010020
00111000
00000000
24
10000000
22200000
00220222
01111100
00021210
00010020
00111000
00000000
62
10000000
22200120
00220222
01112100
00021210
00010020
00111000
00000000
53
10000000
22200120
00221222
01111100
00021222
00010020
00111000
00000000
36
10000000
22200120
00221222
01211100
00222222
00110020
00111000
00000000
87
10000000
22200120
00221222
01211100
00222122
00120010
00121001
00020000
21
11000000
22100120
00211222
01211100
00222122
00120010
00122001
00020200
58
11000000
22100120
00211222
01211100
00222122
00120020
00112201
00021200
42
11000000
22110120
00111222
22211100
00222122
00120020
00112201
00021200
26
11000000
22110120
00111222
22211100
00222122
01220020
00212201
00221200
86
11000000
22110120
00111222
22211100
00222112
02220021
20212201
00221200
25
11000200
22110220
00111222
22111100
01111112
02120021
20212201
00221200
81
11200201
22210210
00211122
22211100
01211112
02220021
20212201
00221200
82
11200201
22210211
00211112
22211100
01211112
02220022
20212202
00221202
23
11200201
21210211
01111112
21111100
22211112
02220022
20212202
00221202
41
11110201
21110211
02111112
21211100
22221112
02222022
20222202
00221202
71
11110211
21110111
22111112
22211100
22221112
02222022
20222202
00221202
27
11110211
21110211
21111212
21211200
21211212
01122222
21222202
00221202
16
11110211
11110211
11111212
11212200
11221212
11222222
22222202
20221202
51
11111111
11110111
11111212
11212220
11221222
11222222
22222202
20221202
78
11111111
11110111
11111212
11112220
11211222
11221222
22222222
20221112
84
11111111
11112111
11112211
11112111
11212222
11222222
22222222
20221112
28
