00000000
00000000
00000000
00021000
00012000
00000000
00000000
00000000
65
00000000
00000000
00000000
00021000
00012100
00000200
00000000
00000000
34
00000000
00000000
00200000
00121000
00012100
00000200
00000000
00000000
67
00000000
00000000
00200000
02221000
00012100
00000100
00000100
00000000
56
00000000
00000000
00200000
02221000
00012100
00001200
00000120
00000000
43
00000000
00000000
00210000
02222200
00012200
00001200
00000120
00000000
25
00000000
00000000
00210000
02122200
01012200
00002200
00020120
00000000
87
00000000
00000000
00222000
02122200
01012200
00002200
00020111
00000000
22
00000000
01000000
00122000
02122200
01022200
00022100
00020111
00000000
36
00000000
01000000
00122000
02122200
01022200
00121100
00220111
00000000
23
20000000
02000000
01222000
01122200
01022200
00121100
00220111
00000000
58
20000000
02000000
01222000
01222200
02022200
20121100
00210111
00001000
74
20000000
22000000
02222000
01211110
02022100
20121100
00210111
00001000
42
20000000
22010000
02222200
01212110
02022100
20121100
00210111
00001000
14
20000000
22010000
02222200
11212110
01022100
20121200
00210121
00001002
52
20000000
22011000
02222220
11111210
01022100
20121200
00210121
00001002
21
21000000
21011000
01222220
11111222
01022100
20121200
00210121
00001002
75
21000000
21011000
01221220
11111122
01022110
20121200
00210221
00001202
62
21000000
22211100
01221120
11111122
01022110
20121200
00210221
00001202
28
21002000
22221200
01221120
11111122
01021110
20111200
00110221
01001202
61
21002100
22221100
01221120
11112122
01021220
20111220
00110221
01001202
86
21002100
22221100
01221120
11112122
01022220
20112211
00112221
01001202
82
21002100
22221101
01221110
11112122
01022220
20212211
02222221
01001202
18
21022100
22222101
01221210
11111122
01012220
20112211
01222221
11001202
85
21022100
22222101
01221210
12111122
21011111
20112211
01222221
11001202
31
21111100
22112101
01121210
12111122
22211111
20222211
01222221
11001202
17
21111100
22112101
01121222
12111122
12211111
10222211
11222221
11001202
48
21111102
22112102
01121222
12111122
12211111
10212111
11211221
11011202
13
21111102
21112222
11121222
11111122
12111111
10212111
11211221
11011202
26
21111102
21112222
11121222
11111122
11111111
11112111
11121221
11222202
71
21111112
21112112
11121212
11111112
11111111
11112111
11121221
11222202
78
