00000000
00000000
00000000
00012000
00022200
00000000
00000000
00000000
66
00000000
00000000
00000000
00012000
00021200
00000200
00000200
00000000
46
00000000
00000000
00000000
00012000
00222200
00010200
00000200
00000000
26
00000000
00000000
00000000
00222000
00122200
01010200
00000200
00000000
64
00000000
00000000
00000200
00222200
00121200
01010200
00000200
00000000
73
00000000
00000000
00000210
00222100
00121200
01020200
00020200
00000000
33
00000000
02000000
00200210
00122100
00122200
01020200
00020200
00000000
56
00000000
02000000
00200210
00122100
00212200
02021200
20020200
00000000
43
00000000
02000000
00210210
00112220
00212200
02021200
20020200
00000000
37
00000000
02000000
00210210
00112120
00212200
02022200
20122200
00000000
62
00000000
02200100
00220110
00112120
00212200
02022200
20122200
00000000
48
00000000
02200102
00220120
00112220
00212200
02012200
20112200
00010000
75
00000000
02200102
00222220
00122220
00211110
02012100
20111200
00010000
84
00000000
02200102
00222210
00111111
00211110
02012100
22222200
00010000
21
01000000
02100102
00212210
00111111
00211110
02012220
22222200
00010000
77
01000000
02220102
00222210
00121111
00221110
02022110
22222210
00010000
72
01000000
02220112
00222222
00121121
00221210
02022110
22222210
00010000
28
01002000
02220212
00222222
00121121
00221210
02012110
22122210
01010000
58
01002000
02220212
00222222
00121121
00221210
02021210
22122210
01011200
25
01002000
02220212
00222222
00221121
02111210
21021210
21122210
01011200
31
01102200
02110222
00121222
00121121
02111210
21021210
21122210
01011200
52
01102200
02111222
00111222
00122121
02121210
22221210
21122210
01011200
14
01102200
02111222
00111222
10122122
01121222
22121220
21112210
01011200
15
01102200
02111222
20111222
20122122
21121222
21121220
21112210
01011200
23
01102200
01111222
21111222
20122122
21121222
21122220
22122210
01222200
18
01122200
01222222
22121222
20122122
21121222
21122220
21122210
11222200
87
01122200
01122222
22111222
20121122
21121122
21122220
21122221
11222220
86
01122200
22222222
22111222
20121122
21121112
21111111
21122221
11222220
11
11122200
11222222
12211222
12221122
11221112
11121111
11122221
11222220
71
11111112
11222122
12211212
12221112
11221112
11121111
11122221
11222220
88
