00000000
00000000
00000000
00021000
00012000
00000000
00000000
00000000
56
00000000
00000000
00000000
00021000
00012000
00001200
00000000
00000000
65
00000000
00000000
00000000
00022200
00011200
00001200
00000000
00000000
63
00000000
00000000
00000100
00021200
00011200
00002200
00020000
00000000
43
00000000
00000000
00010100
00011200
00222200
00002200
00020000
00000000
26
00000000
00000000
00210100
00021200
00122200
01002200
00020000
00000000
46
00000000
00000200
00210200
00011200
00112200
01012200
00020000
00000000
72
00000000
00200210
00220100
00012200
00112200
01012200
00020000
00000000
61
00000100
00200110
00220100
00012200
02222200
01012200
00020000
00000000
36
00000100
00200110
00220100
00222200
02222200
01112200
00020000
00000000
67
00000100
00200110
00220100
00222100
02222100
01112100
00020200
00000020
38
00000100
00200110
00220100
00222100
02222220
01111100
00010200
00100020
42
00000100
00210110
00210100
00212100
02212220
01111200
00010220
00100020
14
00000100
00210110
00222100
10222200
01212220
01111200
00010220
00100020
86
00000120
00210210
00222100
10222100
01212210
01111201
00010220
00100020
76
00000120
00210210
00222100
10222100
01212222
01111121
00010220
00100020
88
00020120
00220210
00222100
10222100
01212222
01111121
00010210
00100021
81
00020111
00220222
00222100
10222100
01212222
01111121
00010210
00100021
84
00020111
00220222
00222100
10222221
01212221
01111121
00010210
00100021
22
00020111
01220222
00122100
10212221
01221221
01211121
02010210
00100021
52
00020111
01111222
00111100
10111221
01221221
01221221
02012210
00100021
58
20020111
02111222
00211100
10121221
01222221
01221211
02011110
00101021
12
20020111
11111222
00211100
10121221
01222221
01221211
02022110
00121021
16
20020111
11111222
00211100
10121221
01222221
11221211
01022110
02221021
24
20020111
11111222
00111100
11121221
22222221
11221211
01022110
02221021
73
20022111
11122212
00212110
12122211
22222211
11221211
01022110
02221021
23
20222111
11222212
01212110
11222211
21222211
11221211
01022110
02221021
37
20222111
11222212
01212110
11222111
21221211
11211221
01111112
02221021
68
20222111
11222212
01212222
11222122
21221212
11211222
01111112
02221111
21
21111111
11122212
01212222
11222122
21221212
22211222
22222222
02221111
18
