00000000
00000000
00000000
00021000
00012000
00000000
00000000
00000000
56
00000000
00000000
00000000
00022200
00011000
00001000
00000000
00000000
33
00000000
00000000
00100000
00222200
00011000
00001000
00000000
00000000
73
00000000
02000000
00200010
00222100
00011000
00001000
00000000
00000000
23
00000000
02000000
01200010
00122100
00021000
00201000
00000000
00000000
43
00000000
02020000
01120010
00122100
00021000
00201000
00000000
00000000
11
10000000
01020000
01120010
00122100
00022200
00201000
00000000
00000000
46
10000000
01020000
01120010
00122100
00022200
00212000
00002000
00000000
53
10000000
21020000
02111010
00222100
00022200
00212000
00002000
00000000
25
10000000
21020000
02111010
00122220
01022200
00212000
00002000
00000000
51
10001000
21010000
02111010
00122220
01022200
00222000
00202000
00000000
67
12001000
22010000
02111010
00122220
01012200
00221000
00202100
00000000
84
12001000
22010000
02111010
00111111
01012200
00221000
00202220
00000000
66
12001000
22010000
02222210
00112211
01021200
00221200
00202220
00000000
31
11101000
22010000
02222222
00112221
01021200
00221200
00202220
00000000
26
11101000
22010000
02222222
00222221
01221200
01221200
00202220
00000000
52
11101000
22011000
02211222
02221221
01221200
01221200
00202220
00000000
72
11101000
22011010
02211122
02221221
02221200
02221200
02202220
00000000
15
11101000
22211010
02221122
01222221
11111200
02221200
02202220
00000000
16
11121000
22222010
02221222
01222221
11111200
11111200
02202220
00000000
76
11121000
22122010
02211222
01221221
11211100
12111110
22202220
00000000
14
11121000
22122010
01211222
11221222
11211102
12111120
22202220
00000000
48
11121000
22122010
01212222
11222222
11212102
11112120
22102220
00012000
75
11121002
22112020
01211212
11222112
11212112
11112120
22102220
00012000
87
11121002
22112022
01211222
11222212
11212112
11112110
22102221
00012000
18
11121002
22112022
02211222
12222212
12212112
12122110
12202221
12012000
62
11122202
22112222
02221222
12222212
12212212
12122210
12202221
12012000
78
11122202
22112222
02221222
12222212
12212212
12121210
12202121
12012012
47
11122202
22112222
02221222
12222212
12212222
12111222
11111122
12012012
38
11122202
22112222
02221222
12222212
12212222
12121222
11112222
11112222
71
11111112
22112112
02221212
12222212
12212222
12121222
11112222
11112222
13
