00000000
00000000
00000000
00222000
00021000
00000000
00000000
00000000
53
00000000
00000000
00001200
00222000
00021000
00000000
00000000
00000000
33
00000000
00000000
00101200
00212000
00022000
00002000
00000000
00000000
57
00000000
00000000
00101200
00211000
00021000
00002000
00001200
00000000
24
00000000
00000000
02101200
01211000
00021000
00002000
00001200
00000000
22
00000000
01000000
01122200
01221000
00021000
00002000
00001200
00000000
72
20000000
02000010
01222100
01221000
00021000
00002000
00001200
00000000
32
20000000
02100010
02212100
02221000
02021000
00002000
00001200
00000000
12
20000000
11100010
02212100
02222200
02021000
00002000
00001200
00000000
13
20000000
11100010
11112100
02222200
02022000
00022000
00001200
00000000
35
20000000
11120010
11122100
01122200
02122000
00012000
00001200
00000000
36
20000000
11120010
11122100
01121200
02112000
00122000
00201200
00000000
38
20000000
11120010
11122100
01121200
02112000
00122000
00201200
02100000
16
20000000
11120010
11122100
01121200
01112000
10122000
00202200
02100200
47
20000000
11120010
11222100
02121200
22222000
10112000
00212200
02100200
65
20000000
11120010
11222100
02121100
22222100
10211000
02212200
02100200
66
20000000
11120010
11122220
02111200
22222100
10221100
02212200
02100200
77
20000000
11120010
11122220
02111200
22222100
10221102
02211120
02100200
26
20000000
11120010
11122220
01121200
21222100
22111102
22211120
02100200
88
20000020
11120020
11122220
01121200
21222100
22111102
22211110
02100201
18
20000020
11120020
11122220
01121200
21222100
22121102
21221110
11120201
51
20021020
11120020
11122220
01121200
21222100
22121102
21221110
11120201
52
20021020
11111220
11112220
01121200
21222100
22121102
21221110
11120201
14
20021020
11111220
11112220
11121200
11222100
12122222
11221110
11120201
85
20021020
11111220
11112220
11121200
11222101
12122212
11222222
11120201
31
20111020
11111220
11112220
11121220
11222201
12122212
11222222
11120201
75
20111020
11111220
11111220
11121122
11111122
12122212
11222222
11120201
58
22111020
12211220
12121220
12122122
12111222
12121222
11211122
11111201
81
22111021
12211222
12121120
12121122
12111222
12121222
11211122
11111201
61
22111111
12211122
12121120
12221122
12121222
12122222
11211222
11111221
83
