00000000
00000000
00000000
00012000
00022200
00000000
00000000
00000000
46
00000000
00000000
00200000
00022000
00012200
00010000
00000000
00000000
75
00000000
00000000
00200000
00022000
00021110
00210000
00000000
00000000
26
00000000
00000000
00200000
00022000
00022110
01110200
00000000
00000000
67
00000000
00000000
00200000
00022000
00022110
01120100
00020100
00000000
43
00000000
00000000
00210200
00022000
00022110
01120100
00020100
00000000
56
00000000
00000000
00210200
00022000
00022110
01112100
00020200
00000020
38
00000000
00000000
00210200
00022000
00022110
01121100
00020200
00120020
35
00000000
00000000
00210200
00022000
00112110
01121200
00020220
00120020
53
00000000
00000000
00211200
00211000
00121110
01122200
00020220
00120020
23
00000000
00000000
22222200
00211000
00121110
01122200
00020220
00120020
88
00000000
00000000
22222200
00221000
00221110
02122100
20020210
00120021
24
00000000
00000000
22222200
01111000
00221110
02122100
20020210
02220021
25
00000000
00000000
22222200
01111020
01111210
02122100
20020210
02220021
68
00000000
00000000
22222200
01111020
01111220
02122220
20020110
02220111
86
00000000
00000000
22222200
01211020
02111220
22111111
20020110
02220111
62
00000000
00000100
22221200
22211020
02111220
22111111
20020110
02220111
15
00000200
00000200
22221200
22211020
11111220
22111111
20020110
02220111
12
20000200
20000200
21221200
22111020
21111220
22111111
20020110
02220111
42
20000200
20010200
21211200
22112020
21121220
22211111
22020110
02220111
22
20000200
21010200
21111200
22112020
21222220
22222211
22022110
02220111
64
22000200
22010200
22111200
22111120
21222110
22222111
22022110
02220111
58
22000200
22010200
22111200
22111120
21221110
22221111
22211110
02221111
84
22000200
22010200
22111220
22111211
21222110
22221111
22211110
02221111
52
22002200
22022200
22212120
22112211
21222110
22221111
22211110
02221111
83
22002200
22022202
22212121
22112211
21222110
22221111
22211110
02221111
32
22022200
22222202
22112121
22112211
21222110
22221111
22211110
02221111
31
22122200
22112202
22111222
22112122
21222222
22221111
22211110
02221111
71
22111110
22112222
22111222
22112122
21222222
22221111
22211110
02221111
81
22111111
22112221
22111221
22112121
21222221
22221121
22222222
02221111
18
