00000000
00000000
00000000
00021000
00012000
00000000
00000000
00000000
34
00000000
00000000
00200000
00121000
00012000
00000000
00000000
00000000
56
00000000
00000000
00200000
00121000
00021000
00021000
00000000
00000000
32
00000000
00100000
00100000
00122200
00022000
00021000
00000000
00000000
53
00000000
00100200
00102000
00121200
00021000
00021000
00000000
00000000
36
00000000
02100200
00202000
00121200
00011000
00111000
00000000
00000000
11
10000000
01100200
00102000
00111200
00012000
00121000
00200000
00000000
66
10000000
01100200
00102000
00111200
00011000
02221100
00200000
00000000
16
10000000
01100200
00102000
02222200
00011000
11111100
00200000
00000000
43
10000000
01100200
00112000
02212200
00012000
11112100
00202000
00000000
23
10000000
01100200
01112000
02112200
20012000
12112100
00202000
00000000
63
10000000
01120200
01212100
02111200
20012000
12112100
00202000
00000000
48
10000000
01120200
22212100
02111200
20012000
12112100
00201000
00010000
65
10000000
01120200
22222100
02121100
20021100
12122100
00221000
00010000
38
10000000
01120200
22222100
02121100
20021100
12121100
00211000
02110000
27
10000000
01120200
22222100
02121200
20022220
12121100
01111000
02110000
12
10000000
11120200
21222100
02221200
22022220
12121100
01111000
02110000
18
10200000
12220200
21222100
02221200
22022220
12121100
01111000
11110000
73
10200000
12220200
21222110
02222100
22022220
12212100
01122000
11112000
61
10200100
12220100
21222110
02222100
22022220
22212100
22222000
11112000
41
10210100
12110102
21212120
02212200
22012220
22212100
22222000
11112000
83
10210100
12110102
21212111
02212200
22012220
22212220
22222000
11112000
21
11110120
11110202
21212111
02212200
22012220
22212220
22222000
11112000
74
11112220
11120202
21212111
02211110
22012120
22211220
22212000
11112000
87
11112220
11120202
21212111
02211110
22012120
22211222
22212001
11112000
14
11112220
11120202
11212111
11111110
11012120
12111222
12212002
11112002
52
11112220
11111222
11211221
11112120
11022120
12211222
12212002
11112002
67
11112220
11111222
11211221
11112220
11022220
12211222
12211202
11112202
85
11112220
11111222
11211122
11112222
11022222
12211222
12211202
11112202
77
11112220
11111222
11211122
11112222
11021222
12212122
12211222
11112222
35
11112220
11111222
11211122
11112222
11111222
11112122
12111222
11112222
81
