00000000
00000000
00000000
00021000
00012000
00000000
00000000
00000000
43
00000000
00000000
00210000
00021000
00012000
00000000
00000000
00000000
23
00000000
00000000
01110000
00022200
00012000
00000000
00000000
00000000
63
00000000
02000000
01210100
00021200
00012000
00000000
00000000
00000000
65
00000000
02000000
01210100
00021100
00012100
00000200
00000000
00000000
56
00000000
02000000
01222100
00021100
00011100
00001200
00000000
00000000
11
10000000
01000200
01122200
00011200
00011200
00001200
00000000
00000000
42
10000000
01010200
01112200
00021200
00222200
00001200
00000000
00000000
34
10000000
01210200
01222200
00212200
00212200
00001200
00000000
00000000
72
10000000
01210210
02222100
20211200
00212200
00001200
00000000
00000000
67
10020000
01220210
02222100
20211100
00212100
00001100
00000100
00000000
21
11020000
01120210
02212100
20211100
00212100
00001200
00000120
00000000
24
11020000
01120222
01212100
21111100
00212100
00001200
00000120
00000000
31
11122000
01120222
01211100
21111100
00212100
00001200
00000120
00000000
88
11122000
01120222
01211200
21111200
00211200
00001200
00000210
00000201
73
11122000
01120222
01211210
21112100
00221200
00201200
00000210
00000201
78
11122000
01120222
01211220
21112220
00221200
00201200
00000110
00000211
61
11111100
01120122
01211120
21112120
00221100
00201102
00000120
00000211
84
11111100
01120122
01211110
21112111
00221200
00201122
00000120
00000211
75
11111100
01120122
01211110
21112111
00222222
00201112
00000110
00000211
81
11111101
01120112
01211110
21112111
00222222
00201122
00000112
00000211
26
11111101
01120112
22211110
21112111
00122222
01201122
00000112
00000211
12
11111121
11120122
21211120
21112121
00122222
01201122
00000112
00000211
83
11111121
11122111
21212211
21112121
00122122
01201122
00000112
00000211
37
11111121
11122111
21212211
22112121
00222122
01122222
00100112
00000211
15
11111121
11112111
11112211
11112121
10222122
22222222
00100112
00000211
57
11111121
11111111
11111211
11111121
10121112
22211122
00201112
00200211
17
11111121
11111111
11111211
11111121
12221112
11211122
10201112
00200211
27
11111121
11111111
11111211
11111121
12211112
11111122
11201212
00202211
47
11111121
11111111
11111211
11112121
12221112
11211122
12111212
20202211
28
