00000000
00000000
00000000
00012000
00022000
00002000
00000000
00000000
46
00000000
00000000
00200000
00022000
00012000
00012000
00000000
00000000
43
00000000
00000000
00222000
00012000
00012000
00012000
00000000
00000000
65
00000000
00000000
00222000
00012000
00011200
00012020
00000000
00000000
42
00000000
00010000
00212000
00022000
00012200
00012220
00000000
00000000
67
00000000
00010000
00212000
00022000
00022200
00022220
00020100
00000000
23
00200000
00020000
01112000
00022000
00022200
00022220
00020100
00000000
85
00200000
02020000
01212000
00022000
00022201
00022210
00020100
00000000
48
00200000
02020000
01212000
00012000
00012201
00012222
00010100
00010000
41
00210000
02210000
01222000
00012000
00012201
00012222
00010100
00010000
24
00210000
02210000
02122000
02012000
02012201
00012222
00010100
00010000
15
00210000
02210000
02122000
01012000
12012201
00012222
00010200
00010020
11
10210000
01210000
02122000
01012000
12012201
00012222
00020200
00210020
35
10210000
01210000
02122000
02022000
12212201
02012222
00020200
00210020
87
10210000
22210000
02122000
02022000
12212201
02012221
00020201
00210020
21
11110000
22110000
02112000
02221000
12222101
02012211
00020201
00210020
37
11110000
22110000
02112000
02221000
12222101
01012211
00120201
00222020
36
11110000
22110000
02112000
02121000
12112221
01112211
00120201
00222020
52
11110000
22111000
02111000
02122200
12112221
01112211
00120201
00222020
13
11110000
11111200
11112000
01122200
12112221
01112211
00120201
00222020
14
11110000
11111200
11112000
11122200
11212221
02112211
20120201
00222020
72
11110000
11111110
11112000
11122200
11212221
02122211
20220201
02222020
63
11110020
11111210
11112100
11121200
11212221
02122211
20220201
02222020
27
11110020
11111210
11112100
11121200
11212221
01122221
21220221
02222020
57
11110020
11111222
11112100
11121200
11111221
01111221
21111111
02222020
61
11110120
11111122
11112100
11121200
11111221
22222221
22111111
02222020
84
11110120
11111122
11112220
11121201
11111211
22222121
22111111
02222020
83
11110120
11111112
11111111
11121201
11111211
22222221
22112211
02222220
81
11112111
11112111
11112111
11122201
11112211
22222221
22112211
02222220
18
11112111
11112111
11112211
11122221
11112221
12122221
11112211
12222220
88
