00000000
00000000
00000000
00021000
00012000
00000000
00000000
00000000
43
00000000
00000000
00010000
00011000
00222000
00000000
00000000
00000000
26
00000000
00000000
00010000
00011000
02222000
01000000
00000000
00000000
56
00000000
00000000
00010000
00011000
02221000
02001000
20000000
00000000
36
00000000
00000000
00012000
00021000
02211000
02101000
20000000
00000000
63
00000000
00000000
00011100
00021000
02222200
02101000
20000000
00000000
74
00000000
00000000
00011100
00021010
02222100
02201000
20200000
00000000
27
00000000
00000000
00011100
00021010
02212100
02102000
21202000
00000000
15
00000000
00000000
00011100
00021010
11112220
02102000
21202000
00000000
67
00000000
00000000
00011102
00021020
11112220
02101000
21202100
00000000
48
00000000
00000000
00011102
00021020
11112220
01101000
21102220
00010000
34
00000000
00000000
02011102
00211020
11122220
01102000
21102220
00010000
76
00000000
00000200
02012102
00221020
11222120
02102010
21102220
00010000
73
00000000
00000200
02012112
00221010
12222110
22102010
21102220
00010000
46
00000000
00002200
02022112
00211010
12212110
22112010
21102220
00010000
33
00000000
00002200
02111112
00111010
12112110
22112010
22102220
00210000
47
00000000
00002200
02111112
20111010
22112110
22111010
22112220
00210000
13
00000000
00002200
11111112
22111010
22212110
22121010
22112220
00210000
68
00000000
00022200
11211112
22111010
22112110
22111010
22111220
00210100
58
00000000
00022200
11211122
22111012
22112110
22111010
22111120
00211100
18
00000000
00022200
11211222
12111022
12112222
12111010
11111120
10211100
78
00000000
00022200
11211222
12111022
12112222
12111020
11111112
10211110
66
00000000
00022200
11211222
12111022
12111222
12111120
12111112
12211110
32
00000000
00122200
11111222
12111022
12111222
12111120
12111112
12222222
72
00000000
20111110
12111112
12211012
12121212
12112110
12111212
12222222
64
02000000
20211110
12121112
12212112
12121212
12112120
12111212
12222222
11
12000200
10212220
12121212
12212212
12121212
12112120
12111212
12222222
31
11102200
10122220
12221212
12212212
12121212
12112120
12111212
12222222
41
11112200
10111222
12211122
12212212
12121212
12112120
12111212
12222222
71
11111110
10111112
12211112
12212212
12121222
12112122
12111222
12222222
22
