00000000
00000000
00000000
00021000
00012000
00000000
00000000
00000000
56
00000000
00000000
00000000
00022200
00011000
00001000
00000000
00000000
33
00000000
00000000
00100000
00012200
00021000
00201000
00000000
00000000
35
00000000
00000000
00100000
00222200
00211000
00201000
00000000
00000000
37
00000000
00000000
00100000
00122200
00112000
00101200
00100000
00000000
43
00000000
00000000
00110000
00112200
00122000
00201200
02100000
00000000
77
00000000
00000000
00110000
00112200
00121000
00202100
02100210
00000000
57
00000000
00000000
00110000
00112200
00121000
00202100
02101210
00000020
68
00000000
00000000
00110000
00112200
00121000
00202100
02201110
00200120
65
00000000
00000000
00110000
00111200
00122100
00222100
02201110
00200120
26
00000000
00000000
00110000
00111200
20122100
02111100
02201110
00200120
73
00000000
00000000
00110010
00111100
20122220
02111100
02201110
00200120
84
00000000
00000000
00110010
00111101
22222210
02111100
02201110
00200120
18
00000000
00000002
00110020
00111201
22222210
02111100
01201110
10200120
16
00000000
00000002
02110020
00211201
21222210
11111100
01201110
10200120
47
00000000
00000002
02110220
00212201
21222210
11111100
01111110
10200120
72
00000000
00000012
02222220
00222201
21212210
11111100
01111110
10200120
52
00000000
00021012
02222220
00121201
21211210
11111100
01111110
10200120
31
00100000
00011012
02221220
00121101
21211222
11111100
01111110
10200120
14
00102000
00021012
02221220
10121101
11211222
11111100
01111110
10200120
22
00102000
01021012
02121220
10121101
11221222
11121200
01122110
10220120
62
00102000
01021112
02121110
10121101
11221222
11121200
01222110
12220120
74
00102000
01021112
02122222
10121122
11221222
11122200
01222110
12220120
76
02102000
02021112
02122212
10121112
11221112
11111110
01222110
12220120
24
02222000
02022112
02122212
11121112
11121112
11111110
01222110
12220120
88
02222000
02222112
02222212
11221112
11221112
11211110
01222110
12220111
58
02222000
02222112
02222212
11221212
11221122
11111112
01211110
11111111
13
02222000
02222112
11121112
11222212
11221222
11111122
01222222
11111111
81
02222001
02222111
11121111
11222211
11221221
12111121
22222221
11111111
11
12222021
01222221
11122121
11222221
11221221
12111121
22222221
11111111
61
