00000000
00000000
00000000
00021000
00012000
00000000
00000000
00000000
43
00000000
00000000
00210000
00021000
00012000
00000000
00000000
00000000
23
00000000
02000000
01210000
00021000
00012000
00000000
00000000
00000000
56
00000000
02000000
01222000
00021000
00011000
00001000
00000000
00000000
32
00000000
02220000
01222000
00021000
00011000
00001000
00000000
00000000
52
00000000
02221000
01221000
00022000
00011200
00001000
00000000
00000000
21
01000000
01221000
01221000
00022000
00021200
00021000
00000000
00000000
41
21010000
02121000
01221000
00022000
00021200
00021000
00000000
00000000
37
21010000
02121000
01222000
00022200
00021200
00011000
00100000
00000000
73
21010000
02121000
01222010
00022200
00021220
00011000
00100000
00000000
85
21010200
02122000
01222010
00022200
00021111
00011000
00100000
00000000
12
21010200
11122000
01222010
00022200
00021111
00012000
00100200
00000000
62
21010200
11111100
01222010
00022220
00021211
00012000
00100200
00000000
34
21012200
11112100
01112010
00122220
00021211
00012000
00100200
00000000
71
21011110
11112100
01112010
00122220
00021211
00022000
00120200
00000000
57
21011110
11112100
01112010
00122220
00021221
00021002
00111200
00000000
63
21011110
21111100
21111110
00122210
00021221
00021002
00111200
00000000
76
21011110
21111100
21111110
00121222
00021112
00021012
00111200
00000000
83
21011110
21111100
21111111
00121212
00021112
00021012
02222200
00000000
87
21011110
21111100
21111111
00121211
00022211
00022211
02222201
00000000
36
21011110
22222220
21111211
00122211
00022211
00211111
02222201
00000000
38
21011110
22222222
21111221
00122211
00022211
00211111
02212201
00100000
16
21011110
22222222
21211221
00222211
00222211
10221111
01212201
00100000
78
21011110
22222222
21211221
00222221
00222221
10221221
01212221
00100010
24
21011110
22212222
22111221
21111111
00222221
10221221
01212221
00100010
31
21111110
22112222
22111221
21111111
00222221
10221221
01222221
00102010
81
21111111
22112211
22111121
21111111
00222221
10221221
02222221
20102010
28
21111111
22112211
22111121
21111111
00221221
10211221
02122221
22222010
68
21111111
22112211
22121121
22211111
02221121
10211121
02121111
22222110
17
21111111
22112211
22121121
22211111
22221121
20211121
21121111
22222110
26
