00000000
00000000
00000000
00222000
00021000
00000000
00000000
00000000
33
00000000
00000000
00100000
00212000
00022200
00000000
00000000
00000000
35
00000000
00000000
00120000
00122000
00122200
00000000
00000000
00000000
53
00000000
00000000
00111000
00112000
02222200
00000000
00000000
00000000
56
00000000
00002000
00121000
00211000
02211200
00001000
00000000
00000000
74
00000000
00002000
02221000
00211010
02211100
00001000
00000000
00000000
32
00000000
00102000
02211000
00211010
02221100
00002000
00000200
00000000
51
00001000
00101000
02211002
00211020
02221200
00002000
00000200
00000000
46
00001000
00101000
02211002
00211020
02211200
00222000
00000200
00000000
76
00001000
00101200
02212002
00221020
02211100
00222010
00000200
00000000
22
00001000
01101200
02112002
00222220
02212100
00222010
00000200
00000000
14
00001000
01101200
01112002
10222220
02212220
00222010
00000200
00000000
85
00001000
01122200
01122002
10222220
02211111
00222010
00000200
00000000
58
00201000
01222200
01222002
10222220
02211111
00222010
00000100
00001000
21
01201000
01122200
01212002
10221220
02211111
00222010
00000200
00001020
37
01201000
01122200
01112002
10121220
02112111
00122010
00200200
02001020
47
01201000
01122200
01112002
10121220
02112121
00111012
00210200
02001020
84
01201000
22222200
02112002
10221111
02122121
00112012
00210200
02001020
38
22201000
22222200
02112002
10221111
02122121
00112012
00110200
02101020
87
22201000
22222200
02112202
10222111
02122121
00112011
00110201
02101020
71
22201010
22222100
02211202
12212111
02122121
00112011
00110201
02101020
18
22201010
22222100
02211202
12212111
02122121
00122011
00120201
11121020
57
22201210
22222200
02211202
12211111
02121121
00111011
00111201
11121020
73
22201210
22222220
02211222
12212121
02121121
00111011
00111201
11121020
16
22201210
22222220
02211222
12122221
01122221
10111211
00112201
11121020
68
22201210
22222220
02211222
12122222
01122222
10111212
00111202
11121122
13
22201222
22222220
11111222
11122222
01122222
10111212
00111202
11121122
41
22211222
22112220
11111222
11122222
01122222
10211212
02222202
11121122
82
22211222
22111111
12111212
12122122
02221222
12211212
02222202
11121122
17
22211222
22111111
22111212
22112122
22121222
12211212
12222202
11121122
77
