00000000
00000000
00000000
00021000
00012000
00000000
00000000
00000000
43
00000000
00000000
00010000
00011000
00222000
00000000
00000000
00000000
26
00000000
00000000
00210000
00021000
00122000
01000000
00000000
00000000
65
00000000
00000000
00222000
00021000
00111100
01000000
00000000
00000000
22
00000000
01000000
00122000
00012000
00111200
01000020
00000000
00000000
42
00000000
01010000
00112000
00222000
00111200
01000020
00000000
00000000
63
00020000
01020000
00121100
00221000
00111200
01000020
00000000
00000000
32
00020000
01120000
00111100
00221000
00112200
01000220
00000000
00000000
23
00020000
01120000
01111100
00121000
02222200
01000220
00000000
00000000
52
00020000
01111000
01111100
00121000
02222200
02000220
20000000
00000000
46
20020000
02111000
01211100
00121000
02212200
02010220
20000000
00000000
56
22020000
02211000
01221100
00122000
02211200
02011220
20000000
00000000
86
22022000
02222000
01222100
00122000
02211200
02011111
20000000
00000000
61
22022100
02221000
01212100
00122000
02211200
02011121
20000002
00000000
88
22022100
02222200
01212100
00122000
02211200
02011121
20000001
00000001
15
22022100
02222200
01212100
00122000
11111200
02011221
20000201
00000001
64
22022100
02222200
02212100
02111100
12111200
02011221
20000201
00000001
14
22022100
02222200
02212220
11111100
12111200
02011221
20000201
00000001
27
22022100
02222200
02212220
11111200
11112200
01021221
22200201
00000001
47
22022100
02222200
02212220
11111200
11112200
01012221
22220201
00200001
57
22022100
02222200
02212220
11212200
11221200
01222221
22221201
00200001
68
22022100
02222100
02212120
11212100
11221100
01222121
22222201
00202101
18
22022100
02222100
02212120
11211100
12211100
22222121
22222201
10202101
82
22022100
02222101
02212110
11211200
12222220
22222221
22222201
10202101
13
22022100
02222101
11112222
11211200
12222220
22222221
22222201
10202101
84
22022100
22222101
22112211
21211201
22222220
22222221
22222201
10202101
28
22022220
22222201
22112211
21211101
21221220
21212221
21122201
11202101
31
22122220
22112201
22111211
21211101
21221220
22212221
21222201
11222101
81
22111111
22112201
22111211
21211101
21221220
22212221
21222201
11222221
77
22111111
22112201
22111211
21222221
21221220
22212121
21111111
11222221
72
22111111
22111111
22111111
21221221
21211220
22112121
21111111
11222221
85
