00000000
00000000
00020000
00022000
00021000
00000000
00000000
00000000
35
00000000
00000000
00020000
00022000
00121000
00020000
00000000
00000000
33
00000000
00000000
00120000
00012000
00122200
00020000
00000000
00000000
57
00000000
00000000
02220000
00012000
00122200
00010000
00001000
00000000
42
00002000
00020000
02210000
00012000
00122200
00010000
00001000
00000000
13
00002000
00220000
11120000
00012000
00122200
00010000
00001000
00000000
64
00002000
00220000
12120000
20011100
00121200
00010000
00001000
00000000
76
00002000
00220000
12120000
20011100
00121100
00020010
00021000
00000000
21
01002000
00120000
12210000
22011100
00221100
00020010
00021000
00000000
22
01002000
22220000
22110000
22011100
00221100
00020010
00021000
00000000
11
11002000
21220000
22110000
22011100
00221100
00020010
00022200
00000000
48
11002000
21220000
22110000
22011100
00211102
00010020
00012200
00010000
68
11002000
21220000
22110000
22011100
00211102
00010020
00222200
00010100
25
11202000
22220000
21110000
21011100
01111102
00010020
00222200
00010100
28
11202000
22220000
22210000
22211100
01111102
00010020
00122200
01010100
15
11202000
12220000
12222000
12211100
11111102
00010020
00122200
01010100
66
11202000
12220000
12222000
12222220
11111102
00010120
00121100
01010100
52
11202000
11111000
12211000
12121220
12211102
02010120
00121100
01010100
36
11202000
11112000
12212000
12222220
11122202
02222220
00121100
01010100
58
11202000
11112000
12212000
12222220
11222202
02222220
00221100
01211100
87
11202000
11112000
12212000
12221220
11222222
02222210
00221101
01211100
84
11202000
11112000
12212000
12221111
11222212
02222110
00221201
01222220
41
11112000
11112000
12212002
12221122
11222212
02222110
00221201
01222220
27
11112000
11112000
12212002
12221122
12212212
22222110
02111201
01222220
77
11112000
11112000
12212202
12222222
12222212
22222110
02111111
01222220
62
11112000
11111200
12212222
12222222
12222112
22222110
02111111
01222220
88
11112200
11112200
12222222
12222222
12222112
22222110
02111111
01111111
17
11112200
11112200
12222222
12222222
12222122
12222222
11111111
01111111
71
11111110
11112220
12221222
12212222
12122122
11222222
11111111
01111111
82
