00000000
00000000
00000000
00012000
00022000
00002000
00000000
00000000
46
00000000
00000000
00000000
00012000
00222000
00012000
00000000
00000000
24
00000000
00000000
00000000
01012000
00122000
00222000
00000000
00000000
37
00000000
00000000
20000000
02012000
00222000
00122000
00100000
00000000
63
00000000
00000000
20000100
02211000
00222000
00122000
00100000
00000000
64
00000000
00000020
20000200
02212100
00221000
00112000
00100000
00000000
62
00000000
00000120
20000100
02212100
00221000
00122000
00120000
00000000
57
00000000
00000120
20020100
02222100
00221000
00121000
00111000
00000000
23
00000000
00000120
21020100
02122100
00222200
00121000
00111000
00000000
81
00000001
00000110
21020100
02122100
00222200
00122200
00111000
00000000
53
00000201
00000210
21021200
02121200
00221200
00121200
00111000
00000000
71
00000211
00000120
21021202
02121200
00221200
00121200
00111000
00000000
75
00000211
00000120
21021202
02121200
00221210
00122200
00111200
00000000
42
00000211
00012220
21012202
02112200
00212210
00112200
00111200
00000000
26
00000211
20012220
22012202
02212200
00122210
01112200
00111200
00000000
14
00200211
20022220
22012202
11112200
00122210
01112200
00111200
00000000
41
00210211
20012220
22012202
11112200
00122210
01212200
02222200
00000000
77
00210211
20012220
22012202
11112200
00121220
01212102
02222210
00000000
11
10210211
10012220
12222202
11212200
00221220
01212102
02222210
00000000
68
10210211
10012220
12222202
11212200
00221220
01212222
02221110
00000100
17
10210211
10012220
12222202
11212200
00221220
01212222
11111120
00000102
25
10210211
10012220
12222202
11212200
01121220
01212222
12111120
20000102
85
10210211
10012220
12222202
11212200
01121111
01222212
12122120
20020102
32
10210211
10112220
11112202
11111200
01121111
01222212
12222120
22020102
78
10222211
10112220
11112202
11111200
01121111
01222212
12222110
22020112
73
10222211
12222210
12211112
12121100
02122111
02222212
12222110
22020112
16
10222211
12222210
12221112
12122100
01122211
11111122
12222222
22020112
38
10222211
12222210
12221122
12122102
01122222
11111222
11112222
22120112
58
10222211
12222222
12221122
12122102
01122222
11111222
11111222
22111112
74
10222211
12222212
12221112
12122112
22222112
21111212
21111212
22111112
21
