00000000
00000000
00000000
00012000
00022000
00002000
00000000
00000000
66
00000000
00000000
00000000
00222000
00021000
00002100
00000000
00000000
33
00000000
00000000
00100000
00212000
00021000
00002220
00000000
00000000
57
00000000
00000000
00100000
00212000
00022200
00001220
00001000
00000000
75
00000000
00000000
00100000
00212000
00022210
00002120
00002000
00002000
64
00000000
00000000
00100000
00211100
00022110
00002220
00002020
00002000
48
00000000
00000000
00100020
00211200
00022110
00002120
00001020
00012000
87
00000000
00000000
00100020
00211200
00022110
00002110
00001021
00222000
36
00000000
00000000
00100020
00211220
00012220
00102120
00001021
00222000
88
00000000
00200000
00200020
00211220
00012220
00102120
00001011
00222001
85
00000000
00200000
00200020
00211220
00011121
00102122
00001011
00222001
67
00000000
00200000
00200020
00211220
00222221
00101112
00001111
00222001
22
00000000
01200000
00100020
00211220
00222221
00122222
00001111
00222001
23
00000000
01200000
01102020
00122220
00212221
00121222
00001111
00222001
41
00010000
01100000
01102020
00122220
00212221
02221222
00001111
00222001
43
00010000
01100000
01112020
00111222
00212122
02221212
00001111
00222001
72
00010000
01100010
01112210
00112222
00222112
02221212
00001111
00222001
37
00010000
01100210
01112220
00112122
00121112
02111212
00101111
00222001
17
00010000
21100210
02112220
00212122
00121112
01111212
10101111
00222001
52
00210000
21201110
02211220
00211122
00121112
01111212
10101111
00222001
25
00210000
21201110
02211220
00111122
22221112
02111212
10201111
00222001
14
00210000
22221110
01222220
10121222
21221122
02111212
10201111
00222001
21
01110000
21122222
01212220
10121222
21221122
02111212
10201111
00222001
16
21110000
22122222
01212220
10121222
11221122
11111212
10201111
00222001
28
21110000
22122222
22212220
10121222
11221122
11111212
10101111
01222001
81
21110001
22122212
22212120
10121222
11221122
11121212
10102221
01222201
71
21110011
22122112
22211120
20111222
21121122
21121212
20102221
22222201
83
21110011
22122111
22211111
20111211
22121121
21221211
20122221
22222201
78
21110211
22122211
22211211
20111211
22121121
21221211
20122111
22222211
24
21110211
21122211
21211211
21111211
21121121
21221211
22222111
22222211
51
