00000000
00000000
00000000
00012000
00022200
00000000
00000000
00000000
64
00000000
00000000
00200000
00021100
00022200
00000000
00000000
00000000
36
00000000
00000000
00200000
00022220
00012200
00100000
00000000
00000000
75
00000000
00000000
00200000
00022220
00012210
00102000
00000000
00000000
63
00000000
00000000
00200100
00021220
00012220
00102020
00000000
00000000
84
00000000
00000000
00220100
00022111
00012220
00102020
00000000
00000000
77
00000000
00000000
00220100
00022111
00012210
00102020
00000012
00000000
42
00002000
00020000
00210100
00012111
00012210
00102020
00000012
00000000
41
00222000
00010000
00210100
00012111
00012210
00102020
00000012
00000000
66
00222000
00010000
00210100
00012111
00011110
00102120
00000022
00000020
57
00222000
00210000
00220100
00012111
00011110
00101120
00001022
00000020
88
00222000
00210020
00220200
00012111
00011110
00101120
00001012
00000021
62
00222000
00210120
00220100
00012111
00011110
00101120
00001222
00000021
21
01222000
00110120
00210100
00211111
00021110
00102120
00001222
00000021
46
01222000
00110120
00210100
00211111
00011110
02222220
00001222
00000021
23
01222000
00110120
01110100
00111111
00011110
02222220
00022222
00000021
37
01222000
00110220
01110120
00111121
00011120
02212220
00122222
00000021
48
01222000
00110220
01110120
00111121
00011110
02212120
00221222
00210021
15
01222000
00110220
01110120
00111221
10012110
01222120
00221222
02210021
53
01222000
00110220
22222220
00111121
10012110
01222120
00221222
02210021
71
01222010
00110110
22221210
00111111
10012110
01222120
00222222
02210221
58
01222010
00110110
22221210
00211111
10211110
01221120
00221222
02211111
12
01222010
10110110
21221210
00111111
10211110
22221120
00221222
02211111
22
01222010
11110112
21121220
00111211
10212110
22221120
00221222
02211111
18
01222010
11110112
21121220
00111211
10212120
22221122
00221222
11111111
61
01111110
11110112
21121220
02222211
10212120
22221122
00221222
11111111
85
01111112
11110122
21121220
02222211
10212111
22221111
00221121
11111111
25
01111112
11112222
21122220
01222211
11112111
22121111
00211121
11111111
27
01111112
11112222
21122220
22222211
21112111
21121111
01111121
11111111
17
22222222
12112222
11222220
12222211
11112111
11121111
11111121
11111111
83
