00000000
00000000
00020000
00022000
00021000
00000000
00000000
00000000
53
00000000
00000000
00022200
00022000
00021000
00000000
00000000
00000000
52
00020000
00002000
00021200
00021000
00021000
00000000
00000000
00000000
36
00020000
00002000
00021200
00021000
00012000
00100200
00000000
00000000
51
00021000
00001000
00021200
00022200
00012000
00100200
00000000
00000000
72
00021000
00001010
00021100
00022200
00012200
00100200
00000000
00000000
34
00021000
00001010
00011100
00122200
00222200
00100200
00000000
00000000
76
00022200
00001010
00011100
00121200
00222100
00100210
00000000
00000000
46
00022200
00001010
00011100
02222200
00212100
00110210
00000000
00000000
13
00022200
00001010
10011100
01222200
00122100
00112210
00000000
00000000
75
00022200
00001010
10011100
01222100
00122110
00122210
00020000
00000000
48
00022200
00001010
10011100
01212100
00112222
00112210
00010000
00010000
77
00022200
00001010
10011100
01212100
00111222
02222110
00010010
00010000
37
00022200
00001010
10011100
01212100
00111222
02112120
00110020
00010020
88
00022200
00001010
10011100
01212100
00211222
02212120
00220010
00210021
25
00022200
00002010
10011200
01112220
01111222
02212120
00220010
00210021
67
00022200
00002010
12011200
02212220
02121222
02212120
00220210
00210021
33
00022200
02002010
12111200
02112220
02121222
02212120
00220210
00210021
57
00022200
02002010
12111200
02112220
02121222
02211120
00222222
00210021
62
00022200
02002120
12111102
02112120
02121122
02211120
00222222
00210021
16
00022200
02002120
12111102
02112120
01121122
11111120
00222222
00222021
84
00022200
02002120
12111102
02112111
02121112
12211120
02222222
00222021
82
00022200
02202111
12221101
02212111
02221112
12211120
02222222
00222021
15
00022220
02202211
12222101
02222111
11211112
12211120
02222222
00222021
12
00022220
12202221
11222221
02122221
11212122
12221120
02222222
00222021
18
00022220
12202221
12222221
22122221
12212122
12221120
01222222
10222021
11
10022220
11222221
12222221
22112221
12211122
12221120
01222222
10222021
21
11022222
11122222
12212222
22111222
12211122
12221120
01222222
10222021
28
11222222
11222222
12212222
22111222
12211122
12211120
01122222
11222021
17
11222222
11222222
12212222
22111222
12111122
11211120
11122222
11222021
68
11222222
11222222
12212222
22111222
12111122
11211120
11121122
11111111
86
