00000000
00000000
00000000
00021000
00012000
00000000
00000000
00000000
43
00000000
00000000
00210000
00021000
00012000
00000000
00000000
00000000
23
00000000
02000000
01210000
00021000
00012000
00000000
00000000
00000000
34
00000000
02000000
02210000
02111000
00012000
00000000
00000000
00000000
13
00000000
02000000
11110000
02222200
00012000
00000000
00000000
00000000
15
00000000
02000000
11110000
01222200
10022000
00002000
00000000
00000000
65
00000000
02020000
11120000
01221200
10022100
00002000
00000000
00000000
51
00001000
02010000
11120200
01222200
10022100
00002000
00000000
00000000
53
00001000
02010000
11111200
01222200
10022200
00002200
00000000
00000000
25
00001000
02012000
11112200
01122200
11022200
00002200
00000000
00000000
46
00001000
22012000
12112200
01212200
11022200
00012200
00000000
00000000
77
00001000
22012000
12112200
01212200
12021200
20012100
00000010
00000000
17
00001000
22222000
12222200
01212200
12021200
10012100
10000010
00000000
62
00001000
22222100
12221200
01212220
12021200
10012100
10000010
00000000
21
01001000
21222100
11221200
01212220
12021200
10022100
10020010
00000000
11
11001000
11222100
12221200
22212220
12021200
10022100
10020010
00000000
67
11001000
11222220
11221200
22112220
12011200
10021100
10020110
00000000
82
11001000
11111111
11221200
22212220
12222200
10021100
10020110
00000000
84
11001000
11111111
11221200
22211111
12222200
10021200
10020120
00000002
36
11001000
11111111
11121202
22111121
12112200
10111200
10020120
00000002
87
11001000
11111111
11121202
22111121
22112200
20111200
20020111
20000002
26
11001000
11111111
11121222
21111221
21112200
21111200
20020111
20000002
85
11001020
11111221
11122122
21121211
21212201
22111200
20020111
20000002
81
11201021
11221211
11222122
21221211
21212201
22111200
20020111
20000002
48
11201021
11221211
11222122
21221221
21212221
22111200
20010111
20010002
27
11201021
11221211
11222122
21221221
21222221
21112200
21010211
20010022
57
11201021
11221211
11222122
21221221
21221211
21121200
21012211
20010222
61
11201111
11221111
11222122
21221221
21221221
21121220
21012221
20010222
41
11111111
11111111
11212122
21211221
22211221
21211220
21022221
20012222
38
11111111
11111111
11212122
21211221
22212221
22221220
22222221
20112222
28
