00000000
00000000
00000000
00021000
00012000
00000000
00000000
00000000
43
00000000
00000000
00012000
00012000
00012000
00000000
00000000
00000000
62
00000000
00000100
00011000
00222000
00012000
00000000
00000000
00000000
65
00000000
00002100
00021000
00221000
00011100
00000000
00000000
00000000
23
00000000
00002100
01021000
02221000
00011100
00000000
00000000
00000000
32
00000000
20102100
02011000
02221000
00011100
00000000
00000000
00000000
61
00000100
20101100
02011000
02221000
00021100
00002000
00000000
00000000
14
00000100
20121100
01021000
11121000
00021100
00002000
00000000
00000000
35
00000100
22221100
01021000
11111000
00111100
00002000
00000000
00000000
47
00000100
22221100
01021000
11112000
00111200
00001020
00010000
00000000
31
00100100
22211100
01022200
11112000
00111200
00001020
00010000
00000000
13
00100120
21211200
11022200
11112000
00111200
00001020
00010000
00000000
11
10120120
11222200
11022200
11112000
00111200
00001020
00010000
00000000
72
10120120
11111110
11022100
11121000
00121200
00021020
00010000
00000000
33
10120120
11111110
11111100
11111000
00121200
00022020
00020000
00200000
51
10111120
11111210
11112100
11121000
00221200
02022020
00020000
00200000
37
10111120
11111210
11112100
11121000
00221200
02222020
00220000
00200000
87
10111120
11111210
11112100
11121000
00222100
02222210
00220001
00200000
64
10111120
11111210
11111100
11122220
00222200
02222210
00220001
00200000
16
10111120
11111210
11111100
11122220
00222200
11211110
02220001
00200000
81
10111111
11111210
11111100
11122220
20222200
12211110
02220001
00200000
75
10111111
11111210
11111100
11122120
20222220
12211220
02220021
00200000
28
10111111
11111210
11111100
11122120
20222220
12211220
02120021
22200000
17
10111111
11111210
11111120
11112220
20122220
11211220
11120021
22200000
85
10111111
11111210
11111122
11112220
20111211
11212220
11120021
22200000
67
10111111
11111222
11111122
11112120
20111111
11211110
11120111
22200000
84
10111111
11111121
11111111
11112111
20112111
11212110
11122111
22200000
68
10111111
11111121
11111121
11112121
20112121
11212120
11121221
22200120
86
10111111
11111121
11111121
11112121
22222111
12212111
12121211
22200120
58
