00000000
00000000
00000000
00012000
00022200
00000000
00000000
00000000
66
00000000
00000000
00000000
00012000
00021200
00000200
00000200
00000000
35
00000000
00000000
00000000
00012000
00121200
00200200
00000200
00000000
75
00000000
00000000
00000000
00012000
00122222
00200200
00000200
00000000
64
00000000
00000000
00000000
00211100
00222222
00200200
00000200
00000000
86
00000000
00000000
00020000
00222100
00222212
00200201
00000200
00000000
68
00000000
00000000
00020000
00222100
00222212
00200121
00000100
00000100
84
00000000
00000000
00020020
00222201
00222211
00200121
00000100
00000100
63
00000000
00000000
00020120
00222101
00222111
00202221
00000100
00000100
82
00000000
00000021
00020210
00222101
00222111
00202221
00000100
00000100
53
00000000
00002021
00022110
00222101
00222111
00202221
00000100
00000100
33
00000000
00202021
00221110
00222101
00222111
00202221
00000100
00000100
25
00000000
00202021
00221110
20222101
02111111
00202221
00000100
00000100
46
00000000
00202021
00221110
20222101
02112111
00211211
00000120
00000100
26
00000000
00202021
00221110
20222101
02122111
02211211
02000120
00000100
16
00000000
00202021
00221110
20222101
02122111
11112211
02000220
00000120
41
00010000
00201021
00221110
20222101
02222111
11222211
02200220
00000120
58
00010000
00201221
00222210
20222201
02222211
11222211
02200120
00001120
24
00010000
00201221
00222220
21222221
01222221
11222221
02200120
00001120
57
00010000
00222221
00222220
21221221
01121211
11211121
02201120
00001120
61
00010120
00221221
00212120
21121121
01121111
11211121
02201120
00001120
22
00010120
01111221
00112120
21111121
01121211
11222121
02222220
00001120
18
00210120
01221221
00212120
21211121
01211211
11222121
01222220
10001120
88
00210120
01221221
00212120
21211121
01211211
12222121
22222210
10001111
48
20210120
02221221
00212120
21211121
01211211
12212121
22211210
10011111
38
20210120
02221221
20212120
22211121
01211211
12212121
21211210
10111111
15
20210120
02221221
20212120
22211121
11211211
11212121
21111222
10111111
81
20210111
02221211
20212122
22211122
11211212
11212122
21111222
10111111
12
20222111
11122211
10212122
12211122
11211212
11212122
21111222
10111111
23
20222111
11122211
11112122
11111222
11212212
11222122
21211222
12111111
21
