00000000
00000000
00000000
00012000
00022000
00002000
00000000
00000000
46
00000000
00000000
00000000
00012000
00222000
00012000
00000000
00000000
26
00000000
00000000
00000000
00012000
00122000
01022000
00020000
00000000
65
00000000
00000000
00000000
00012000
00121100
01222000
00020000
00000000
66
00000000
00000000
00000000
00012000
00121100
01112100
00020200
00000000
68
00000000
00000000
00000000
00012000
00121100
01212100
02020100
00000100
38
00000000
00000000
00000000
00012000
00122100
01212100
02012100
00100100
43
00000000
00000000
00010000
00011000
00122100
01222100
02022100
00120100
28
00000000
00000000
00010000
00011000
00122100
01222100
01022200
01120120
37
00000000
00000000
00010000
00011000
00122100
01122100
01122200
01122220
88
00000000
00000000
00010000
02011000
00222100
01122100
01122200
01111111
25
00000000
00000000
00010000
02011000
01111100
01122100
22222200
01111111
23
00000000
00000000
01010000
01011000
01111100
22222100
22222200
01111111
76
00000000
00000000
01010000
21011000
02111100
22222110
22222100
01111111
15
00000000
00000000
01010000
21011200
11112100
21222110
22122100
01111111
73
00000000
00000000
01012010
21022100
11212100
22212110
22122100
01111111
33
00000000
00020000
01122010
21022100
11221100
22222110
22122100
01111111
31
00100000
00210000
02121010
21022100
11221100
22222110
22122100
01111111
13
00100000
00210000
11121010
11022100
11222100
22222210
22122220
01111111
22
00100000
01110000
11121010
11022100
11222102
22222220
22122220
01111111
34
00100000
01110200
11122010
11121100
11212102
22121220
22122120
01111111
87
00100000
01110200
11122020
11121102
11212102
22121210
22122111
01111111
75
02100000
02210200
12122020
12121102
12212112
22121110
22121111
01111111
12
02100000
11110200
11122020
12121202
12212122
22122222
22121111
01111111
52
02102000
11122200
11212020
12122202
12212122
22122222
22121111
01111111
11
11102000
11122200
11212020
12122222
12212222
22122222
22121111
01111111
18
11102000
11122200
11212020
12122222
12212222
12122222
11121111
11111111
61
11102220
11121200
11212020
12122222
12212222
12122222
11121111
11111111
41
11112220
11111200
11212020
12122222
12212222
12122222
11121111
11111111
81
11111111
11111200
11212020
12122222
12212222
12122222
11121111
11111111
72
11111111
11111112
11212020
12122212
12212212
12122212
11121111
11111111
63
