00000000
00000000
00000000
00222000
00021000
00000000
00000000
00000000
33
00000000
00000000
00100000
00212000
00022200
00000000
00000000
00000000
64
00000000
00000000
00120000
00222100
00022200
00000000
00000000
00000000
35
00000000
00000000
00120000
00222100
02222200
00000000
00000000
00000000
53
00000000
00020000
00121000
00222100
02222200
00000000
00000000
00000000
24
00000000
00022000
00122000
01112100
02222200
00000000
00000000
00000000
31
00100000
00012000
00121000
22222100
02222200
00000000
00000000
00000000
62
00100020
00011200
00122000
22222100
02222200
00000000
00000000
00000000
16
00120020
00021200
00122000
22122100
01222200
10000000
00000000
00000000
46
00120020
00021200
00122000
22122100
02221200
12010000
00000000
00000000
15
00120020
02021200
00222000
21122100
11111200
12010000
00000000
00000000
27
00120020
02021200
00222000
21122100
21211200
22010000
21000000
00000000
72
00120020
02021110
20222000
22122100
21211200
22010000
21000000
00000000
32
00120020
02111110
20122000
22122220
21211200
22010000
21000000
00000000
73
00120020
02111110
20122010
22122120
21211200
22010000
22000000
00200000
63
00122020
02121110
20211110
22121120
21211200
22010000
22000000
00200000
28
00122020
02122110
20212110
22122120
21212200
21012000
21000000
01200000
66
00122020
02122110
20212110
22122120
21222200
21022100
21020000
01200000
37
00122020
02122110
20212110
22122120
21221200
21012220
21120000
01200000
85
00122020
02122222
20212110
22122110
21221201
21012220
21120000
01200000
11
10122020
01122222
20112120
22112220
21221221
21012220
21120000
01200000
23
10122020
01122222
21112120
21112220
21221221
21022220
21122000
01200000
36
10122020
22222222
22112120
21211220
21121221
21122220
21122000
01200000
68
10122020
22222222
22112120
21211220
21121221
21112220
21122000
01202100
81
10122021
22222212
22112120
21211220
21121221
21212220
22122000
22202100
48
10122021
22222212
22112120
21211220
21121221
21212220
22112000
22222220
87
12222021
22222212
22112120
21211220
21121121
21212210
22112001
22222220
84
12222021
22222212
22112120
21211111
21121121
21212220
22112021
22222220
83
12222021
22222211
22112111
21211111
21121121
21212220
22112021
22222220
86
12222021
22222211
22112211
21211211
21121211
21212211
22112221
22222220
88
12222021
22222211
22112211
21211211
21121211
21212111
22112211
22222221
61
