00000000
00000000
00020000
00022000
00021000
00000000
00000000
00000000
33
00000000
00000000
02220000
00012000
00021000
00000000
00000000
00000000
35
00000000
00000000
02220000
00012000
00121000
00200000
00000000
00000000
37
00000000
00000000
02220000
00012000
00121000
00200000
02100000
00000000
17
00000000
00000000
02220000
00012000
00121000
00200000
12100000
20000000
46
00000000
00000000
02220000
00012000
00111000
20210000
22100000
20000000
63
00000000
00000000
02220100
00211000
00211000
20210000
22100000
20000000
22
00000000
01000000
02120100
00221000
00221000
20220000
22220000
20000000
53
00000000
01020000
02121100
00221000
00221000
20220000
22220000
20000000
24
00000000
01020020
01121200
01112000
00221000
20220000
22220000
20000000
41
00010000
01010020
01111200
22222000
00221000
20220000
22220000
20000000
73
00010000
01010020
01111110
22222000
00222000
20222000
22220000
20000000
57
00010000
01010020
01111120
22221020
00221000
20221000
22221000
20000000
81
00010001
01010010
01111120
22221020
00222000
20222200
22221000
20000000
77
00010001
01010010
22222220
22211020
00221000
20222100
22221010
20000000
32
00010001
01110010
22212220
22211020
00221000
20222100
22222010
20000200
15
00010001
01110010
22112220
22211020
12221000
20222100
22222010
20000200
28
00010021
01110020
22112220
22211020
12221000
20212100
22122010
21000200
12
00010021
11110020
12112220
12211020
12221000
20212100
22222010
22200200
83
00010021
11110220
12112111
12221020
12221000
20212100
22222010
22200200
75
00210021
11220220
12212111
12221010
12221010
20212100
22222010
22200200
52
20210021
22111220
22211111
22221010
22221010
20212100
22222010
22200200
82
20210021
22111111
22211111
22221010
22221010
20212102
22222020
22200200
58
20210221
22112111
22221111
22221010
22221010
20211102
22221020
22201200
88
20210221
22112111
22221111
22222010
22222210
20212102
22221010
22201201
76
20222221
22122111
22211111
22221010
22222110
20212112
22221010
22201201
64
20222221
22122111
22211111
22221110
22221110
20212112
22221010
22222201
26
20222221
22122211
22211211
22211210
22121210
21112212
22222210
22222201
21
21111111
21122211
21211211
21211220
21121222
21112222
22222210
22222201
78
21111111
21122211
21211221
21111222
21111222
21111222
22222110
22222211
87
