00000000
00000000
00000000
00222000
00021000
00000000
00000000
00000000
35
00000000
00000000
00000000
00222000
00122000
00002000
00000000
00000000
65
00000000
00000000
00000000
00222000
00221100
00202000
00000000
00000000
53
00000000
00000000
00001000
00221000
00222100
00202200
00000000
00000000
26
00000000
00000000
00201000
00221000
00122100
01202200
00000000
00000000
27
00000000
00000000
00201000
00221000
00212100
01202200
01200000
00000000
47
00000000
00000000
00201000
00222200
00212200
01201200
01110000
00000000
32
00000000
00120000
00102000
00122200
00112200
01101200
01110000
00000000
51
00001000
00110000
00102000
00122200
00112200
01102200
01112000
00000000
74
00001000
00110000
00102000
00111110
00112100
01122200
01112000
00000000
58
00001000
00110000
00102000
00111210
00111120
01121200
01111000
00001000
76
00001000
00110000
00122000
00121210
00121110
01121110
01111000
00001000
62
00001000
00110100
00121000
00111222
00121110
01121110
01111000
00001000
63
00001000
00110100
00121100
00111122
00121110
01121110
01112000
00001200
78
02001000
00210100
00121100
00111122
00121110
01121110
01112000
00001110
83
02001000
00210100
00121101
02222222
00221110
01121110
01112000
00001110
15
02001000
00210100
00121101
01222222
10221110
22221110
01112000
00001110
22
02021000
01120100
00121101
01222222
10221110
22221110
01112000
00001110
48
02021000
01120100
00121101
01222222
10221110
22221110
02111000
20011110
25
02021000
01120100
00121101
01222222
11112120
22121220
02111020
20011110
52
02021000
01111100
00111101
22222222
21112120
22121220
02111020
20011110
73
02021000
01111100
00111111
22222112
21111110
22111210
02111020
20011112
17
02221000
01211100
00211111
22222112
21111110
21111210
11111020
20011112
11
11111000
01222220
00211221
22222122
21111120
21111220
11111020
20011112
23
11111000
01122220
01111221
21122222
21112120
21121220
11211020
22011112
67
11111000
22222220
01111221
21122222
21112120
21121120
11211120
22011112
38
11111000
22222220
22222221
22122222
21212120
21121120
11111120
22111112
71
11111012
22222120
22221211
22112212
21112110
21121110
11111110
22111112
82
11111012
22222111
22221211
22112212
21112210
21121120
11111112
22111112
61
11111112
22221111
22211211
22112222
21112222
21121120
11111112
22111112
86
