00000000
00000000
00000000
00012000
00022000
00002000
00000000
00000000
64
00000000
00000000
00002000
00012100
00022000
00002000
00000000
00000000
42
00000000
00010000
00201000
00022100
00022000
00002000
00000000
00000000
34
00000000
00010000
02201000
00211100
00022000
00002000
00000000
00000000
22
00000000
01010000
02101200
00212100
00022000
00002000
00000000
00000000
35
20000000
02010000
02201200
00122100
00122000
00002000
00000000
00000000
65
20000000
02010000
02201200
00122100
00121100
00022000
00000000
00000000
24
20000000
02012000
02102200
01122100
00121100
00022000
00000000
00000000
47
20000000
02222000
02102200
01122100
00121100
00021000
00010000
00000000
31
20100000
02112000
02101200
22222100
00121100
00021000
00010000
00000000
36
20100000
02112000
02101200
22222100
00121200
00111020
00010000
00000000
74
20100000
02112200
02102200
22222110
00121100
00111020
00010000
00000000
71
20100010
02112100
02101200
22212110
00121100
00211020
02010000
00000000
26
20102010
02122100
02201200
22212110
00121100
01111020
02010000
00000000
73
20102010
02122200
02201120
22212222
00121100
01111020
02010000
00000000
43
20102010
02122220
02211220
22212222
00121100
01111020
02010000
00000000
41
20112010
02112220
02211220
22212222
00222100
01122020
02012000
00000000
85
20112010
02111220
02211120
22212222
00222221
01122020
02012000
00000000
86
20112010
02111220
02211120
22212122
00222212
01122022
02012002
00000000
77
20112010
02111220
02211120
22212122
00222212
01122012
02022012
00020000
37
20112010
02111220
02211120
22212122
00221212
01212012
02222012
00220000
68
22222010
02211220
02221120
22212122
00221212
01212012
02221012
00220100
12
22222010
11111220
02221120
22212122
00221212
01212012
02222012
00222100
82
22222010
11111111
02222222
22212122
00221212
01212012
02222012
00222100
18
22222010
11111111
02222122
22211122
02211212
01212012
01222012
10222100
88
22222010
11111111
02222121
22211121
02211211
02212011
22222011
10222101
15
22222010
11111111
02122121
21211121
11111221
02212021
22222021
10222221
28
22222010
11111111
02122121
21211121
22111221
22212021
21122021
11111111
66
22222010
11111111
02122121
21211121
22121111
22212111
21122211
11111111
13
