00000000
00000000
00000000
00012000
00022200
00000000
00000000
00000000
64
00000000
00000000
00200000
00021100
00022200
00000000
00000000
00000000
46
00000000
00000000
00200000
00022220
00021200
00010000
00000000
00000000
75
00000000
00000000
00200000
00022220
00022222
00010000
00000000
00000000
43
00000000
00000000
00210000
00012220
00222222
00010000
00000000
00000000
22
20000000
02000000
00210000
00022220
00222222
00010000
00000000
00000000
76
20000000
02020000
00220000
00021220
00222122
00010010
00000000
00000000
84
20000000
02020000
00220200
00022121
00222122
00010010
00000000
00000000
66
20000000
02020000
00220200
00022121
00222212
00010120
00000002
00000000
25
20000000
02020000
00220200
00022221
01111212
00010220
00000202
00000000
53
20000000
02020000
00222200
00011221
01111222
00010222
00000202
00000000
72
20000000
02020010
00222100
00021221
01211222
02010222
00000202
00000000
23
20000000
02020210
01112200
00021221
01211222
02010222
00000202
00000000
73
20000000
02020222
01111110
00021121
01211222
02010222
00000202
00000000
71
20000010
02020112
01111120
00021221
01212222
02020222
00200202
00000000
41
20010010
02010112
01111120
00021221
22212222
02020222
00200202
00000000
34
20010010
02010112
02111120
02222221
22212222
02020222
00200202
00000000
17
20010010
02010112
02111122
02212222
22112222
01020222
10200202
00000000
56
20010010
02010112
02111122
02211222
22111222
01022222
10220202
00000000
77
20012010
02020212
02211122
02211212
22111212
01022112
10220212
00000000
21
21012010
01020212
22211122
02211212
21211212
01022112
10220212
00000000
38
21012010
01020212
22211122
02211212
22211112
02021112
12210212
00100000
31
21112010
01010212
22211122
02211222
22211122
02021122
12210222
00100020
36
21112010
01210212
22221122
02212222
22211222
02111122
12110222
00100020
12
21112010
11210212
21221122
02112222
22211222
02211122
12120222
00102020
68
21112010
11210212
22221122
22112222
22211222
02211122
12120122
00102120
52
21112010
11211112
22211122
22112222
22211222
02211122
12220122
00122120
57
21112012
11211122
22211222
22112222
22211222
02211122
11111122
00122120
88
21112012
11211122
22211222
22112222
22212222
02221122
12211112
02222111
61
21111112
11211122
22211222
22112222
22212222
02221122
12211112
02222111
18
21111112
11211122
22211222
22112222
22212222
02121122
11211112
11111111
16
