00000000
00000000
00000000
00021000
00012000
00000000
00000000
00000000
56
00000000
00000000
00000000
00022200
00011000
00001000
00000000
00000000
43
00000000
00000000
00010000
00222200
00011000
00001000
00000000
00000000
53
00000000
00000000
00011000
00221200
00022000
00021000
00000000
00000000
25
00000000
00020000
00022000
00121200
01022000
00021000
00000000
00000000
74
00000000
00020000
00022200
00122110
01022000
00021000
00000000
00000000
36
00000000
00020000
00022200
00122110
01022000
00121000
00020000
00000000
72
00000000
00020010
00022100
00121210
01012020
00121000
00020000
00000000
41
00010000
00010010
00222100
00121210
01012020
00121000
00020000
00000000
32
00010000
00110010
02222100
00121210
01012020
00121000
00020000
00000000
86
00010000
00110010
02221100
20121110
02012010
00221001
00020000
00000000
16
00010000
00110010
02221100
20121110
01012010
10222001
00022000
00000000
58
00010000
00110010
02222220
20121210
01012010
10121001
00011000
00001000
35
00010000
00110010
02222220
20122210
01112210
10111001
00011000
00001000
12
00010000
10110010
01222220
20222210
01212210
10221001
00211000
00001000
26
02010000
10210010
01222220
20222210
01212210
11111001
00211000
00001000
52
02010000
10211010
01211120
20121210
01211210
11121001
00212000
00001200
66
02010000
10211010
01211120
20122222
01211120
11121201
00212000
00001200
31
02110000
10111010
01111120
20122222
01221120
11221201
02212000
00001200
76
02110000
10111010
01111110
20122212
01222222
11221111
02212000
00001200
18
02110000
10111010
01111112
20121222
01212222
11121111
01212000
10001200
78
02110000
10111010
22222222
20121222
01212222
11121111
01212000
10001110
22
02110000
11111010
22122222
20111222
22211222
12121111
01212000
10001110
24
02110000
11111010
21122222
21111222
21111222
11111221
01222200
10001110
48
02110000
11111010
21122222
21111222
21111222
11111222
01112202
10011110
11
11110200
11112020
21122222
21111222
21111222
11111222
01112202
10011110
62
11110200
11111120
21121122
21111122
21111122
11111122
01112222
10011110
81
11110201
11111110
21121122
21111222
21112122
11121122
01212222
12011110
38
11112201
11122210
21222122
22112222
21112122
11121122
01112222
11111110
82
11112221
11122221
21222122
22112122
21111122
11111122
01112222
11111110
88
