00000000
00000000
00000000
00021000
00012000
00000000
00000000
00000000
34
00000000
00000000
00200000
00121000
00012000
00000000
00000000
00000000
32
00000000
02100000
00200000
00121000
00012000
00000000
00000000
00000000
65
00000000
02100000
00200000
00221000
00211100
00000000
00000000
00000000
43
00000000
02100000
00222000
00221000
00211100
00000000
00000000
00000000
36
02000000
02200000
00122000
00121000
00111100
00100000
00000000
00000000
42
02200000
02220000
00112000
00111000
00111100
00100000
00000000
00000000
63
02200000
02220000
00112100
00111200
00111100
00100000
00000000
00000000
74
02200000
02220000
02222100
00111110
00111100
00100000
00000000
00000000
13
02200000
02220000
11211100
00121110
00112100
00100200
00000000
00000000
41
02222000
02120000
11211100
00121110
00112100
00100200
00000000
00000000
67
02222000
02120000
12211100
02221110
00112100
00100100
00000100
00000000
14
02222000
02120000
12211100
12111110
02222100
00100100
00000100
00000000
46
02222000
02220000
12221100
11112110
02111200
00110120
00000100
00000000
15
02222000
02222000
12222100
11112110
11111200
00110120
00000100
00000000
11
12222000
01222000
12122102
11112120
11111200
00110120
00000100
00000000
61
11111100
01221000
12112102
11112120
11111200
00110220
00000200
00000200
12
11111100
11221000
11212102
11212120
11211200
00210220
00200200
00000200
77
11111100
11221000
11212222
11212220
11212200
00220120
00200210
00000200
84
11111100
11221000
11212222
11211111
12212200
20220120
00200210
00000200
47
11111100
11221000
11212222
11211111
11212200
20110120
00210222
00000200
56
11111100
11221000
11212222
11211111
11211100
22222220
00210222
00000200
48
11111100
11221000
11212222
11211111
11211100
21222220
00210222
02010200
78
11111100
11221000
11212222
11211111
11211100
22221220
20210122
02010210
88
11111100
11221000
11212222
11211122
11211102
22221120
20210112
02010211
82
11111100
11221001
11212212
11211122
11211202
22222120
20220112
02210211
62
11111100
11221101
11211112
11211122
11211202
22222120
20220212
02222211
27
11111100
11221101
11212112
11211222
11211222
21122120
21220212
02222211
18
11111120
11221201
11212112
11211222
11211222
11122120
11220212
11111111
81
11111111
11221201
11212112
11211222
11211222
11122220
11222212
11111111
72
11111111
11221111
11212112
11211222
11211222
11122220
11222212
11111111
86
