00000000
00000000
00000000
00021000
00012000
00000000
00000000
00000000
34
00000000
00000000
00200000
00121000
00012000
00000000
00000000
00000000
43
00000000
00000000
00222000
00112000
00012000
00000000
00000000
00000000
66
00000000
00000000
00222000
00222000
00211000
00000100
00000000
00000000
23
00000000
00000000
01222000
00122000
00212000
00002100
00000000
00000000
25
00000000
00000000
01222000
00122000
22222000
00002100
00000000
00000000
67
00000000
00000000
01222000
00122000
22222000
00021100
00000100
00000000
16
00000000
20000000
02222000
00222000
21222000
10021100
00000100
00000000
14
00000000
20000000
02222000
10222000
11222000
10021200
00000120
00000000
36
00000000
20000000
02222000
10222000
11222000
10112200
00000220
00000020
42
00002000
20020000
02212000
10212000
11212000
10112200
00000220
00000020
63
00002000
20020000
02211100
10211000
11212000
10222200
00200220
00000020
41
00012000
20010200
02212100
10221000
11212000
10222200
00200220
00000020
32
00012000
20110200
22212100
10221000
11212000
10222200
00200220
00000020
64
00012000
20112200
22222100
10222100
11212000
10222200
00200220
00000020
28
00012000
20112200
22222100
10222100
11211000
10222200
00102220
01000020
88
02012000
20212200
22222100
10222100
11211000
10222100
00102210
01000021
31
02112000
20112200
22122220
10122200
11112000
10122100
00102210
01000021
72
02112000
20111110
22122120
10121200
11112000
10122220
00102220
01000021
83
02112000
20111110
22122111
10122200
11112200
10122220
00102220
01000021
87
02112000
20121110
22212111
12221200
11212100
10122210
00102221
01000021
61
02111100
20121110
22212111
12221200
11212220
10122220
00102221
01000021
74
02111100
20121110
22212111
12222222
11212220
10122220
00102221
01000021
11
11111100
10121110
12212111
12222222
11212220
10222220
00202221
01200021
47
11111102
10121120
12212211
12222212
11212120
10111220
00211111
01200021
82
11111102
10121111
12212211
12222222
11212122
10111220
00211111
01200021
27
11111102
10121111
12212211
12222222
11222122
10211220
02111111
22200021
68
11111122
10121221
12212221
12222222
11222122
10211220
02111111
22200111
86
11111122
10111221
12211221
12222121
11222111
10221111
02121111
22220111
26
11111122
12222221
12211221
12212121
11122111
11111111
02121111
22220111
17
