00000000
00000000
00000000
00012000
00022200
00000000
00000000
00000000
66
00000000
00000000
00000000
00012000
00022200
00002100
00000000
00000000
64
00000000
00000000
00002000
00012100
00022100
00002100
00000000
00000000
42
00000000
00010000
00021000
00022100
00022100
00002100
00000000
00000000
47
00000000
00010200
00022000
00022100
00022100
00001100
00010000
00000000
32
00000000
00110200
00012020
00021200
00022100
00001100
00010000
00000000
52
00000000
02222200
00011020
00021200
00022100
00001100
00010000
00000000
63
00000000
02222200
00011120
00021100
00022100
00002100
00012000
00000000
41
00010000
02211200
00011120
00021100
00022220
00002200
00012000
00000000
83
00210000
02221200
00012111
00021200
00022220
00002200
00012000
00000000
12
00210000
11111202
00012121
00021200
00022220
00002200
00012000
00000000
76
00210000
11111202
00012121
00021200
00022120
00002210
00022000
00200000
34
00210000
11111202
00012121
02222200
00022120
00002210
00022000
00200000
72
00210200
11112212
00022221
02222200
00022120
00002210
00022000
00200000
36
00210200
11112212
00022121
02221200
02012120
00202210
00022000
00200000
67
00210200
11112212
00022122
02221202
02012120
00201110
00022100
00200000
23
00210200
11112212
01022122
02121202
02022120
00221110
00022100
00200000
27
00210200
11212212
01222122
02121202
02012120
00121110
01022100
00200000
26
00210220
11212222
01222122
01121202
01012120
01121110
01022100
00200000
81
00210221
11212212
01222122
02121202
21012120
01121110
01022100
00200000
51
00211111
11211212
01221122
02221202
22222120
01121110
01022100
00200000
16
00211111
11211212
01211122
02121202
21222120
22121110
21022100
00200000
21
01111111
11111212
01211122
02121222
21222220
22122110
21022100
00200000
86
01111111
11111212
01211122
02121122
21222222
22122111
21022100
00200000
14
01111111
11111212
01211122
11121122
21222222
22222111
22222100
00200000
68
01111111
11111212
22211122
21121122
21122222
22212111
22221100
00200100
48
01111111
11111212
22211122
21121122
21122222
22212122
22211102
00210100
28
01111111
11111212
22211122
21121122
21122222
21212122
21122202
01112100
78
21111111
22111212
22211122
21121122
21112222
21211122
21122102
01112110
77
21111111
22111212
22211112
21121112
21112212
21211112
22122112
22222110
88
