00000000
00000000
00000000
00012000
00022200
00000000
00000000
00000000
66
00000000
00000000
00000000
00222000
00021200
00000100
00000000
00000000
33
00000000
00000000
00120000
00222000
00021200
00000100
00000000
00000000
53
00000000
00000000
00111000
00221000
00022200
00000200
00000020
00000000
25
00000000
02000000
00211000
00121000
01022200
00000200
00000020
00000000
36
00000000
02002000
00212000
00122000
01012200
00100200
00000020
00000000
76
00000000
02002000
00212000
00221000
01222100
00100210
00000020
00000000
46
00000000
02002000
00212000
00211000
01212100
00120210
00002020
00000000
88
00000000
02002000
00212000
00211000
01211100
02220110
00002010
00000001
11
10000000
01202000
00212000
00211000
01211100
02220110
00002010
00000001
23
10000000
01202000
01112000
00111000
22211100
02220110
00002010
00000001
48
10000000
01202000
01112000
00112000
22212100
02222110
00001010
00010001
27
10000000
01202000
22222000
00112000
22212100
02122110
01001010
00010001
61
10000100
01221000
22222000
00122000
22222100
02122110
01001010
00010001
47
10200100
02221000
22222000
00122000
22222100
02121110
01011010
00010001
24
10200100
02221000
22222000
01122000
21122100
01112110
01012010
00012001
63
10200100
02221000
22222100
01121000
21112100
01112222
01012010
00012001
87
10200100
02222200
22222100
01121000
21112100
01112212
01012011
00012001
85
10200100
02222200
22222200
01121020
21112201
01112211
01012011
00012001
41
10210100
02211200
22212100
01111010
21112201
01112211
01022011
00222001
68
10210100
02211200
22212100
02111010
22112201
02112211
02021011
02222101
18
10210100
02211200
22212100
02111010
22112201
02112211
01022211
11111101
64
10210100
02211200
22211100
02222222
22111101
02112111
01022111
11111101
83
10210100
02211200
22222221
02222211
22111101
02112111
01022111
11111101
75
10210100
02211200
22221221
02222211
22212111
02222111
01222111
11111101
16
10210100
02211200
22211221
02222221
21222121
11112121
01222221
11111121
12
12210100
12211200
22221221
02222221
21222121
11112121
01222221
11111121
72
12210120
12211220
22222121
02221221
21212121
11112121
01222221
11111121
14
12210120
12111220
11222121
11111221
11212121
12112121
22222221
11111121
81
12210111
12111222
11222121
11111221
11212121
12112121
22222221
11111121
51
