00000000
00000000
00000000
00021000
00012000
00000000
00000000
00000000
56
00000000
00000000
00000000
00022200
00011000
00001000
00000000
00000000
43
00000000
00200000
00020000
00012200
00011000
00001000
00000000
00000000
53
00000000
00220000
00022000
00011200
00011000
00001000
00000000
00000000
62
00000000
00220100
00021000
00012200
00011200
00001000
00000000
00000000
31
00100000
00210100
00021000
00012200
00222200
00001000
00000000
00000000
46
00100000
00222100
00022000
00012200
00212200
00011000
00000000
00000000
33
00100000
00122220
00122000
00012200
00212200
00011000
00000000
00000000
75
02100000
00212220
00121000
00012100
00211110
00011000
00000000
00000000
22
02100000
01112220
00121000
00012100
00211210
00011020
00000000
00000000
66
02100000
01112220
00121000
00022100
00221110
00021120
00020000
00000000
82
02100000
01111111
00121020
00022200
00222110
00021120
00020000
00000000
86
02100200
01112111
00121020
00022200
00222110
00021111
00020000
00000000
37
02100220
01112211
00122010
00022100
00221110
00011111
00120000
00000000
34
02100220
01112211
00122010
00112100
00212110
00022111
00122000
00000000
11
11100220
01112221
00122012
00112100
00212110
00022111
00122000
00000000
25
11100220
01112221
00122012
00122100
01212110
02022111
00122000
00000000
63
11100220
01112221
00111112
00121100
01212110
02022111
02222000
00000000
81
11100221
01112221
00111222
00122220
01212210
02022111
02222000
00000000
58
11100221
01112221
02222222
00121220
01211210
02021111
02221000
00001000
36
11100221
01112221
02222222
00121220
01111222
02111111
02211000
00001000
18
11100221
01112221
02222222
00121220
01111222
02111122
01211002
10001000
38
11100221
01112221
02222222
00121220
01121222
02121222
01222002
10121000
17
11100221
01112221
02222222
00121220
01121222
01121222
11222002
12221000
68
11120221
01222221
02222222
00121220
01121222
01111222
11221002
12221100
51
11111111
01221221
02221222
00121220
22221222
02111222
11221002
12221100
77
11111111
01221211
02221212
00121210
22221212
02111112
11221012
12222220
14
11111111
01121211
22221212
20121210
21221212
02111112
11221012
12222220
84
11111111
01121211
22221211
20121211
21221212
02112222
11222222
12222220
12
11111111
11121211
21221211
22221211
22221212
02112222
11222222
12222220
16
11111111
11121211
11211211
12121211
11221212
11112222
11222222
12222220
88
