00000000
00000000
00000000
00021000
00012000
00000000
00000000
00000000
56
00000000
00000000
00000000
00021000
00021000
00021000
00000000
00000000
33
00000000
00000000
00100000
00011200
00022000
00021000
00000000
00000000
66
00000000
00000000
00100000
00011200
00022200
00021100
00000000
00000000
47
00000000
00000000
00100000
00011200
00222200
00011100
00010000
00000000
74
00000000
00000000
00100020
00011210
00222100
00011100
00010000
00000000
82
00000000
00000001
00100210
00012110
00221100
00011100
00010000
00000000
26
00000000
00000001
00100210
00012110
02221100
01011100
00010000
00000000
24
00000000
00000001
00100210
01012110
01122100
01012100
00012000
00000000
67
00000000
00000001
00100210
01012110
01122100
01012200
00011120
00000000
52
00000000
00001001
00100110
01012110
22222100
01012200
00011120
00000000
87
00000000
00001001
00120110
01022110
22222100
01012200
00011111
00000000
32
00000000
00101001
00110110
01021110
22222100
02022200
00211111
00000000
36
00000000
00101001
00110110
01021110
22212100
02122200
00211211
00000020
76
00000000
00101001
00110110
01021110
22212100
02212110
00222211
00002020
48
00000000
00101021
00110210
01022110
22222100
02212110
00211211
00012020
68
00000000
00101021
02110210
02022110
22222100
02212110
00211111
00011120
13
00000000
00101021
11110210
01022110
22122100
02212210
00211121
00011122
62
00000000
00101111
11110110
01022110
22122100
02212210
00221121
00222222
17
00000000
00101111
11110110
01022110
22122102
01212220
10221221
00222222
86
00000000
00101111
11110110
01022222
22122102
01211111
10221221
00222222
75
02000000
00201111
11120110
01022212
22122112
01211111
10221221
00222222
27
02000000
00201111
11120110
01021212
22112112
21111111
12111221
00222222
41
02010000
00101111
11122110
01022212
22112112
21111111
12111221
00222222
28
02010002
00101121
11122210
01022212
22112112
21111111
11111221
01222222
34
02010002
00101121
11112210
22222222
22112112
21111111
11111221
01222222
71
02210012
00201111
11212210
22222222
22112112
21111111
11111221
01222222
42
02210012
20211111
22211210
22222122
22112112
21111111
11111221
01222222
11
11110012
10211112
12211222
12222122
12112112
11111111
11111221
01222222
22
11112012
11112212
11112222
11212122
11111112
11111111
11111221
01222222
61
