00000000
00000000
00000000
00012000
00022200
00000000
00000000
00000000
46
00000000
00000000
00000000
00012000
00022200
00210000
00000000
00000000
66
00000000
00000000
00000000
00222000
00021200
00210100
00000000
00000000
53
00000000
00000000
00001200
00222000
00021200
00210100
00000000
00000000
33
00000000
00000000
00101200
00212000
00022200
00222100
00000000
00000000
73
00000000
00000000
00101110
00212000
00022200
00222200
00000020
00000000
57
00000000
02000000
00201110
00221000
00022200
00221200
00001020
00000000
35
00000000
02000000
00201110
00211000
02222200
00211200
00001020
00000000
88
00000000
02000200
00202110
00221000
02221200
00211100
00001010
00000001
51
00001000
02000100
00202110
00221000
02221200
00222220
00001010
00000001
37
00001000
02000100
00202110
00221000
02221200
00212220
00201010
00200001
15
00001020
02000200
00202110
00221000
11111200
00212220
00201010
00200001
26
00001020
02000200
00202110
00221000
11121200
01122220
00221010
00200001
87
00001020
02000200
00202120
00221002
11121100
01122210
00221011
00200001
67
00001020
02000200
00202120
00221002
11121100
01122110
00222111
00202001
43
00001020
02000200
02211120
00221002
11121100
01122110
00222111
00202001
61
00001120
02000100
02211120
00221002
11221100
02122110
20222111
00202001
83
00001120
02000102
02211112
00221002
11221100
02122110
20222111
00202001
12
00022220
12000102
01211112
00121002
11211100
02121110
20222111
00202001
11
10022220
11000102
01111112
20111002
12211100
02221110
20222111
00202001
48
10022220
11000122
01111212
20112002
12221100
01211110
20111111
00212001
16
10022220
11020122
01121212
20122002
11221100
11211110
20111111
00212001
68
10022220
11020122
01221212
22222002
11221100
11211110
20111111
00211101
13
10022220
11020122
11221212
11222002
11121100
11222222
20111111
00211101
31
10122220
11010122
11221222
11222202
11122200
11222222
20111111
00211101
18
10122220
11012222
11222222
11222202
11122200
11222222
10111111
10211101
28
10122220
11222222
11222222
11222202
11122200
11222222
10111111
11111101
74
10122220
11222222
11222222
11111112
11122100
11222222
10111221
11111121
85
12222220
11222222
11222222
11111112
11122101
11222211
10111121
11111121
75
12222220
12222222
12222222
12111112
12122111
12222111
12222221
11111121
81
