00000000
00000000
00000000
00021000
00012000
00000000
00000000
00000000
65
00000000
00000000
00000000
00021000
00021100
00020000
00000000
00000000
37
00000000
00000000
00000000
00022200
00021100
00010000
00100000
00000000
35
00000000
00000000
00000000
00022200
00112100
00012000
00100000
00000000
67
00000000
00000000
00000000
00022200
00112200
00011200
00100100
00000000
53
00000000
00000000
00021000
00012200
00111200
00011200
00100100
00000000
77
00000000
00000000
00021000
00222200
00111200
00011100
00100110
00000000
63
00000000
00000000
00021100
00221100
00121100
00021100
00120110
00000000
24
00000000
00000000
00021100
01111120
00121200
00022100
00120110
00000000
76
00000000
00000000
00021100
01111120
00121100
00022110
02220110
00000000
32
00000000
00100000
00011100
22222220
00121100
00022110
02220110
00000000
48
00000000
00100000
00011100
22212220
00111100
00012110
02220110
00210000
13
00000000
00100000
10011100
21212220
00111200
00012120
02220112
00210000
25
02000000
00200000
10021100
21112220
01111200
00012120
02220112
00210000
84
02000000
00200000
10022220
21111211
01112200
00022120
02220112
00210000
28
02000000
00200000
12022220
21211211
01122200
00022120
02220112
01110000
62
02000000
00200102
12021120
21211211
01122100
00022120
02220112
01110000
36
02000000
00200102
12021120
22211211
02112100
02222220
02120112
01110000
16
02000000
00202102
12022120
22212211
02112100
12222220
01120112
01110000
57
02000000
00202102
12022220
22212221
02112102
12212220
01111112
01110000
22
02000000
01202102
11022220
21212221
01112102
11212220
01122212
01112000
68
02000000
01202222
11022220
21212221
01112102
11212120
01121112
01111100
61
02020100
01202122
11012220
21112121
01112102
11212120
01121112
01111100
51
02021100
22201122
21011220
21111121
01111102
11211120
01121112
01111100
75
02021100
22201122
21011220
21111121
01111112
11222222
01121112
01111100
31
02111100
22201122
21011222
21111122
01111112
11222222
01121112
01111100
11
11111100
22201122
21011222
21111122
01111112
11222222
01121122
01111102
33
11111100
22222222
21122222
21121222
01121122
11222222
01121122
01111102
71
11111110
22222122
21221222
22111222
22221122
11222222
01121122
01111102
81
11111111
22222112
21221122
22111222
22221122
22222222
22221222
01111122
18
