00000000
00000000
00000000
00021000
00012000
00000000
00000000
00000000
34
00000000
00000000
00000000
00111000
00222000
00000000
00000000
00000000
46
00000000
00000000
00002000
00122000
00212000
00010000
00000000
00000000
25
00000000
00000000
00002000
00122000
01212000
02010000
00000000
00000000
63
00000000
00000000
00002100
00121000
01212000
02020000
00200000
00000000
56
00000000
00000000
00002100
00122200
01212000
02021000
00200000
00000000
74
00000000
00000000
00002100
02111110
02212000
02021000
00200000
00000000
65
00000000
00000000
00202100
02211110
02211100
02021000
00200000
00000000
43
00000000
00000000
00211100
02222222
02211100
02021000
00200000
00000000
15
00000000
00020000
00222100
02222222
11111100
02021000
00200000
00000000
51
00001000
02010000
00222100
01222222
11111100
02021000
00200000
00000000
23
00001000
02210000
01121100
01122222
11111100
02021000
00200000
00000000
12
00001000
11110000
01121100
01222222
12111100
22021000
00200000
00000000
85
00001000
11110000
01121100
22222212
22111101
22021000
00200000
00000000
28
00001000
11110000
01121100
22222212
22111101
22011000
00200000
01020000
73
00001000
11110000
01121110
22222112
22121101
22021000
00220000
01020000
83
00001000
11110000
01121111
22222111
22221101
22221000
00220000
01020000
17
00001000
11110000
01121111
22212111
22121201
21221020
10220000
01020000
67
00021000
11220000
02121111
22212111
22121201
21221010
10220100
01020000
57
00021000
11220000
02121111
22212111
22121201
21222210
10222100
01020000
77
00021000
11220020
02121211
22212111
22121201
21222110
10222110
01020000
21
01021000
11120020
02111211
22211111
22121101
21222110
10222222
01020000
68
21021000
12120020
02211211
22221111
22122101
21212210
10221122
01020100
52
21021000
12111020
02211111
22221111
22122101
21212210
10221222
01020120
88
21021000
12111020
02211111
22221111
22122101
21212210
20221222
21020111
75
21021000
12111020
02211111
22221111
22122111
22212110
22221222
21020111
81
21021001
12111010
02211111
22221111
22122111
22212110
22222222
21022111
38
22221001
12211010
02211111
22221111
22122111
22111110
22112222
21111111
13
22221001
12222210
11112211
21221211
22122211
22111210
22112222
21111111
86
22221001
12222222
11112221
21221211
22122211
22111211
22112211
21111111
71
