00000000
00000000
00000000
00012000
00022200
00000000
00000000
00000000
46
00000000
00000000
00000000
00222000
00012200
00010000
00000000
00000000
64
00000000
00000000
00000000
00222100
00012200
00010200
00000000
00000000
75
00000000
00000000
00000000
00222100
00021110
00210200
00000000
00000000
77
00000000
00000000
00000000
00222100
00022222
00210100
00000010
00000000
86
00000000
00000000
00000000
00222100
00022212
00210102
00000012
00000000
26
00000000
00000000
00000000
00222100
00022212
01120102
00020012
00000000
33
00000000
00000000
00100000
00212100
00021212
01120202
00020222
00000000
56
00000000
00000000
00120000
00222100
00021212
01111202
00020222
00000000
74
00000000
00000000
00122000
00222210
00021122
01111202
00020222
00000000
88
00000000
00000000
02222000
00222210
00021122
01111102
00020212
00000001
24
00000000
00000000
02222000
01112110
00022122
01112202
00022212
00000001
37
00000000
00000000
02222000
01112110
00022122
01112202
00111212
00000021
52
00000000
00001000
02211000
01111110
00021122
01111222
00111222
00000021
68
00000000
00001000
02211000
01111110
00021122
01121222
00122122
00020111
35
00000000
00001000
02211000
01211110
00211122
01211222
00221122
00220111
42
00000000
00211000
02221000
01212110
00211222
01211222
00221122
00220111
27
00000000
00211000
02221000
01212222
00211222
01111222
01111122
00220111
22
00002000
01112000
01122000
01212222
00211222
01111222
01111122
00220111
62
02002000
01211100
01121000
01212222
00211222
01111222
01111122
00220111
83
02002000
01211100
01122201
01212211
00211121
01111221
01111121
00220111
25
02002020
01211200
01112201
01112211
01111121
01111221
01111121
00220111
41
02012020
22222200
01112201
01112211
01111121
01111221
01111121
00220111
31
02112020
22112200
01111201
22222111
01111111
01111221
01111121
00220111
11
11112020
21112200
01111201
22222111
02112111
01212221
01122221
00222111
72
11112022
21111120
01111201
22222111
02122111
01212221
01122221
00222111
28
11112022
21111120
22222201
22222111
02122111
01212221
01122221
01111111
82
11112022
21111221
22222221
22222221
02122121
01212221
01122221
01111111
16
11112022
21111221
22212221
22122221
01222121
12212221
22222221
01111111
15
11112022
11111221
12112221
11122221
11222121
11212221
22122221
01111111
18
11112022
11111221
12112221
11122221
11222121
11212221
12122221
11111111
61
