00000000
00000000
00000000
00012000
00022200
00000000
00000000
00000000
64
00000000
00000000
00020000
00022100
00022200
00000000
00000000
00000000
34
00000000
00000000
00020000
00211100
02022200
00000000
00000000
00000000
66
00000000
00000000
00020200
00212100
02021100
00000100
00000000
00000000
42
00000000
00012000
00020200
00212100
02021100
00000100
00000000
00000000
53
00000000
00012000
00022200
00212100
02022100
00002100
00000000
00000000
32
00000000
00112000
00222200
00221100
02022100
00002100
00000000
00000000
62
00000000
00111100
00222220
00221200
02022100
00002100
00000000
00000000
74
00000000
00111100
00222120
00222222
02022100
00002100
00000000
00000000
85
00020000
00121100
00222120
00222212
02022101
00002100
00000000
00000000
46
00020000
00121100
00222120
00222212
02022101
00021100
00020000
00000000
23
00020000
00121100
01111120
00122212
02022101
00221100
00020000
00000000
72
00020200
00122210
01121210
00222212
02022101
00221100
00020000
00000000
26
00020200
20122210
02121210
00222212
02022101
01111100
00020000
00000000
83
00020200
20122210
02121211
00222211
02022221
01111100
00020000
00000000
48
00020220
20122220
02121221
00222221
02022221
01111100
00010000
00010000
24
00020220
20122220
02121221
02111111
02022221
02211100
02010000
00010000
51
00021220
20111120
02121211
02111111
02022221
02212100
02020000
00210000
14
00021220
20111220
01122211
11121111
02222221
02212100
02020000
00210000
57
02021220
20211220
01122211
11121111
02221221
02211100
02021000
00210000
82
02021220
20211111
01122211
11121111
02221221
02221100
02022000
00210200
81
02221111
20221111
01122211
11121111
02221221
02221100
02022000
00210200
11
11111111
20221111
01122211
11121111
02221221
02221100
02022000
00222200
86
11111111
20221111
01122211
11121111
02222211
02221201
02022020
00222200
17
11111111
22221111
02221211
12121111
02122211
01221201
12022020
00222200
76
11111111
22221111
02221211
12122111
02122211
01221121
12022022
00222200
18
11111111
22221111
02221111
12121111
02112211
02121121
12022022
12222200
37
11111111
22221111
02221111
12221111
02121211
02112221
11122222
12222200
16
11111111
22221111
02211111
12121111
22221211
12112221
11222222
12222200
88
11111111
22221111
02211111
12121111
22221211
12112121
11222221
12222221
13
