00000000
00000000
00000000
00021000
00012000
00000000
00000000
00000000
34
00000000
00000000
00200000
00121000
00012000
00000000
00000000
00000000
32
00000000
00100000
00100000
00121000
00022000
00020000
00000000
00000000
66
00000000
00100000
00120000
00121000
00021000
00020100
00000000
00000000
56
00000000
00100000
02220000
00121000
00011000
00021100
00000000
00000000
52
00000000
00101000
02210000
00121000
00012000
00021200
00000020
00000000
47
00000000
00101000
02210000
00121000
00012000
00012200
00012020
00000000
76
00000000
00101000
02210000
00121000
00022000
00021110
00022020
00020000
12
00000000
10121000
01220000
00121000
00022000
00021110
00022020
00020000
78
00000000
10121000
01220200
00122000
00022000
00021110
00022010
00020010
22
02000000
11221000
01120200
00112000
00021000
00021110
00022010
00020010
31
02100000
11121000
01120200
00112000
00021000
00022222
00022010
00020010
65
02100000
11121000
01110200
00111200
00022200
00022222
00022010
00020010
51
02101000
11111000
01110200
00111200
00022200
00022222
00022020
00020012
74
02101000
11111200
01110200
00111210
00022200
00022222
00022020
00020012
58
02101000
12111200
02110200
02222210
00021200
00021222
00021020
00021012
35
02101000
12111200
02110200
02122210
00112200
00021222
00221020
00021012
11
11101000
11111200
02110200
02122220
00112202
00021222
00221020
00021012
53
11121000
11222200
02121200
02121220
00121202
00021222
00221020
00021012
25
11121000
11222200
01121200
01121220
01221202
02021222
00221020
00021012
72
11121000
11111110
01121100
01121220
01221202
02021222
00222020
00022222
28
11121000
11111110
01121100
01121220
22221202
02011222
00122020
01022222
38
11121020
11111210
01122100
01121220
22221202
02011222
00112020
01122222
61
11121120
11211110
02122100
22221220
22221202
02011222
00112020
01122222
87
11121120
11211110
02122100
22221220
22221102
02222212
00122021
01122222
84
11121120
11211120
02122220
22221211
22222101
02222211
00122021
01122222
67
11121120
11211120
01122220
22121221
22212221
02221221
00112121
01122222
17
11121120
11211120
01121220
22111221
22112221
22221221
10112121
01122222
81
11121111
11211110
01121122
22111222
22112222
22221222
10112122
01122222
82
11121111
11211111
01121112
22111122
22111222
22211222
12222122
01122222
13
