00000000
00000000
00020000
00022000
00021000
00000000
00000000
00000000
35
00000000
00000000
00020000
00022000
00112000
00000200
00000000
00000000
42
00000000
00210000
00020000
00012000
00112000
00000200
00000000
00000000
65
00000000
00210000
00020000
00012000
00112100
00002200
00000000
00000000
22
00000000
01110000
00020000
00012000
00112220
00002200
00000000
00000000
67
02000000
01210000
00020000
00012000
00112220
00001200
00000100
00000000
74
02000000
01210000
00020000
00012010
00112120
00001200
00000200
00000200
76
02000000
01210000
00020000
00012010
00122110
00201110
00000200
00000200
78
02000000
01210000
00020000
00012010
00122110
00201210
00000120
00000210
87
02000000
02210000
02020000
00012010
00122110
00201210
00000111
00000210
64
02000000
02210000
02020000
00011110
00122222
00201210
00000111
00000210
34
02000000
02210000
02020000
00111110
00112222
00201220
00000211
00002210
37
02000000
02210000
02020000
00111110
00112222
00101222
00100221
00002210
84
02000000
02210000
02020000
00121111
00122221
00122221
00100221
00002210
48
02020000
02220000
02020000
00121111
00122221
00122221
00100221
00011110
12
02020000
12220000
01020020
00121221
00122221
00122221
00100221
00011110
62
02020000
12220102
01020020
00121221
00122221
00122221
00100221
00011110
53
02020000
12222102
01022020
00112121
00122211
00122221
00100221
00011110
47
02020000
12222102
02022020
20112121
00112211
00112221
00110221
00011110
57
02022000
12222202
02022020
20112121
00112211
00112121
00111111
00011110
72
02022000
11111112
02022010
20112111
00112211
00112121
00121111
00211110
24
02022020
11111222
01022020
21112121
00112221
00112121
00121111
00211110
28
02022220
11112222
01022020
21112121
00112221
00112121
00121111
01111110
63
02022220
11112222
01022122
21111121
00112221
00112121
00121111
01111110
33
02022220
11112222
01111222
21112121
00122221
00212121
02221111
01111110
81
02022221
11112221
01112221
21122121
00222221
02212121
02221111
01111110
15
02022221
11112221
01112221
21122121
20222221
22212121
02121111
01111110
25
02022221
11112221
01112221
21122121
21121111
21212121
02111111
21111110
17
22022221
12112221
01212221
21122121
21121111
21212121
11111111
21111110
13
22022221
12112221
11212221
11122121
11122111
11212221
11111121
22222222
31
