00000000
00000000
00000000
00021000
00012000
00000000
00000000
00000000
65
00000000
00000000
00000000
00021000
00012100
00000200
00000000
00000000
43
00000000
00000000
00012000
00012000
00012100
00000200
00000000
00000000
63
00000000
00000000
00011100
00011000
00012220
00000200
00000000
00000000
85
00000000
00000000
00011100
00011200
00011211
00000200
00000000
00000000
57
00000000
00000000
00011100
00011200
00011221
00000102
00001000
00000000
74
00000000
00000000
00011100
00011110
00222221
00000102
00001000
00000000
26
00000000
00000000
00211100
00021110
00122221
01000102
00001000
00000000
84
00000000
00000000
00211100
00021111
00122211
01000202
00001020
00000000
56
00000000
00000200
00212200
00021211
00121211
01001202
00001020
00000000
76
00000000
00000200
00212200
00021211
00221111
02001112
20001020
00000000
52
00000000
00001200
00211100
00021211
00222111
02022222
20001020
00000000
24
00000000
00001220
00211200
01022211
00122111
02012222
20001020
00000000
82
00000000
00001111
00211200
02022211
20122111
02012222
20001020
00000000
36
00000000
00001111
00211100
02021211
20122111
02122222
20021020
00000000
48
00000000
00001111
00211100
02011211
20112111
02112222
20021020
00210000
88
00000000
00001111
00211102
02011222
20111212
02112122
20021010
00210001
23
00000000
00201111
01121102
02012222
20111212
02112122
20021010
00210001
25
00000000
00201111
01221102
01222222
21121212
02112122
20021010
00210001
73
00000000
00201111
01221112
01222112
21121212
02112122
20021020
00210021
41
00010020
00101221
01222122
01222122
21121222
02112122
20021020
00210021
87
00010020
00101221
01212121
01221121
21121121
02212111
22021021
00210021
37
00012020
00102221
01212121
01221121
21121121
02112111
22111021
00210021
16
00012020
00102221
22212121
01221121
21121121
11112111
22111021
00210021
68
00012020
00102221
22212121
01221221
21122121
11122111
22211011
02210111
42
00012020
00111111
22111121
22221121
21122111
11122111
22211011
02210111
12
20012020
20111111
22111121
22221121
21122111
21122111
22211011
02210111
18
20222020
20211111
22211121
22221121
21122111
21122111
21211011
11110111
21
21222020
20111111
22211121
22221121
22122111
21222111
21222011
11112111
61
21111122
20111121
22211221
22222121
22122111
21222111
21222011
11112111
67
