00000000
00000000
00000000
00021000
00012000
00000000
00000000
00000000
34
00000000
00000000
00002000
00112000
00012000
00000000
00000000
00000000
65
00000000
00000000
00002000
00112000
00012100
00002000
00000000
00000000
62
00000000
00000100
00001000
00112000
00222100
00002000
00000000
00000000
47
00000000
00000100
00001000
00112000
00222200
00001020
00010000
00000000
74
00000000
00000100
02001000
00212010
00222100
00001020
00010000
00000000
12
00000000
10000100
01001000
00112010
00222100
00201020
00010000
00000000
37
00000000
10000100
01001000
00112010
00122220
00101020
00110000
00000000
77
00000000
10000100
01201000
00122010
00122210
00101010
00110010
00000000
32
00000000
10100100
01101000
00122010
02222210
00101010
00110010
00000000
16
00000000
10100100
01101000
00122010
01222210
10201010
02110010
00000000
66
00000000
10100100
01101000
00112010
22221210
10201110
02110010
00000000
14
00000000
10100100
01101000
10112010
11221210
10101120
02110012
00000000
46
00000000
10100100
01101020
10112020
11211220
10111120
02110012
00000000
38
00200000
10200100
01201020
10212020
11211220
10111120
01110012
00100000
64
00200000
10200100
22201020
10211120
11211120
10111120
01110012
00100000
86
00202000
10200200
22201020
10211120
11211110
10111111
01110012
00100000
88
00202000
10200200
22201020
10211120
11211110
10121111
01112011
00100001
72
00202000
10200210
22221010
10221110
11221110
10121111
01112011
00100001
21
01202000
10100210
22222210
10222110
11221110
10121111
01112011
00100001
41
01112000
10100210
22222222
10222110
11221110
10121111
01112011
00100001
82
01112000
10100211
22222212
10222120
11222222
10121111
01112011
00100001
58
01112000
10100211
22222212
10222120
11222222
10121121
01111021
00101021
42
01112000
10110211
22211212
10212120
11222222
10112221
01111221
00101021
68
01112020
10110221
22211222
10212120
11222122
10112121
01111111
00101111
61
01111120
10110121
22211122
10212120
11222122
10212121
02111111
20101111
84
01111120
10110121
22211111
10212111
11222111
10222121
02121111
20121111
24
01111120
10110221
22112111
12122111
12222111
12212121
02221111
20121111
17
01111120
10110221
22112111
12122111
12222111
12222121
12211111
22221111
52
01111120
12111111
22211111
12121111
12221111
12221121
12211111
22221111
11
