00000000
00000000
00000000
00021000
00012000
00000000
00000000
00000000
65
00000000
00000000
00000000
00021000
00021100
00020000
00000000
00000000
33
00000000
00000000
00100000
00011000
00022220
00020000
00000000
00000000
66
00000000
00000000
00100000
00011200
00022220
00020100
00000000
00000000
47
00000000
00000000
00100000
00011200
00012220
00020100
00210000
00000000
84
00000000
00000000
00100000
00222201
00012210
00020100
00210000
00000000
23
00000000
00000000
01100000
00122201
00022210
00220100
00210000
00000000
74
00000000
00000000
01100000
00111111
00022210
00220100
00220000
00002000
35
00000000
00000000
01100000
02111111
00211110
00220100
00220000
00002000
25
00000000
00000000
01120000
01121111
01121110
00220100
00220000
00002000
38
00000000
00000000
01120000
22221111
02121110
00220100
00120000
00102000
13
00000000
00000000
11120000
21221111
02122222
00220100
00120000
00102000
27
00000000
00000000
11120000
21221111
02112222
00120200
01120200
00102000
56
00000000
02000000
12220000
22221111
02111122
00111200
01110200
00102000
15
00000000
02000000
12220000
12221111
11121122
00121200
01120200
00122000
77
00000000
02000000
12220000
12221111
11121122
00121100
01120222
00122000
12
00000000
12000000
11220002
12121122
11111222
00122100
01120222
00122000
11
12000000
12000000
12120002
12111122
11111222
00122100
01120222
00122000
31
11100000
11000000
12120002
12111122
11111222
00122100
01220222
02222000
76
11100000
11000000
12122002
12112222
11112122
00122110
01220222
02222000
63
11100000
11020000
12222102
12121222
11122122
00122110
01220222
02222000
62
11100000
11020100
12221102
12111222
12122122
02222110
02220222
02222000
88
11100000
11020100
12221102
12111222
12122122
02222210
02222212
02222001
86
11100000
11022100
12222202
12112122
12122112
02222211
02222211
02222001
17
11100200
11022200
12222202
12112122
12122112
01222211
11111111
02222001
32
11100200
11122200
11112202
12111122
12122112
01222211
12111111
22222001
71
11100210
11122100
11111222
12111222
12122112
01222211
12111111
22222001
72
11102210
11122210
11111122
12111212
12122112
01222211
12111111
22222001
82
11102210
11122211
11111111
12111111
12221111
01222211
12112211
22222201
16
11102222
11122221
11111211
12112111
11221111
11222211
12112211
22222201
78
11102222
11122221
11111211
12112111
11211111
11221211
12112111
22222211
41
