00000000
00000000
00000000
00012000
00022200
00000000
00000000
00000000
46
00000000
00000000
00000000
00012000
00012200
00020000
00200000
00000000
75
00000000
00000000
00000000
00012200
00012110
00020000
00200000
00000000
47
00000000
00000000
00000000
00012200
00012222
00010000
00210000
00000000
66
00000000
00000000
00000000
00222200
00011222
00010100
00210000
00000000
53
00000000
00000000
00001000
00221200
00011222
00010200
00222000
00000000
43
00000000
00020000
00022000
00221200
00021222
00020200
00222000
00000000
77
00000000
00020000
00022000
00222200
00022222
00022100
00222010
00000000
36
00000000
00020000
00022000
00222200
00022222
00111200
00222020
00000002
76
00000000
00020000
00022000
00222200
02022222
00211110
00222020
00000002
48
00000000
00020000
00022000
00222200
02022222
00212110
00222020
00012002
26
00000000
00020000
00022000
00222200
02022222
22222110
00122020
00012002
15
00000000
00020000
00022000
00222200
12022222
21222110
00222020
02012002
78
00000000
00020000
00022000
20222200
22022222
21222110
00222010
02012012
33
00000000
00020000
00122000
20222200
22221222
21222110
00222010
02012012
62
00000000
00020100
00121000
20212200
22121222
21222120
00222012
02012012
68
00000000
00020100
02221000
20212200
22121222
21212120
00221012
02011112
32
00000000
02220100
02221000
20122200
22122222
21212220
00221022
02011112
67
00000000
02220100
02221000
20122200
22112222
22211220
02221122
02011112
31
00120000
02220100
02121000
20122200
22112222
22211220
02221122
02011112
18
02220000
02220100
02121000
20122200
22112222
22111220
01221122
12011112
17
02220000
02222100
02122000
20122200
22112222
21111220
11221122
12011112
51
02221000
02222220
02121000
20121200
22111222
21111220
11221122
12011112
71
02221010
02222120
02122200
20121200
22111222
21111220
11221122
12011112
82
02221012
02222121
02122200
20121200
22111222
21111220
11221122
12011112
38
02222222
02222221
02122200
20121200
22111222
21111220
11111122
11111112
13
02222222
02222221
12222200
12221200
12111222
11111220
11111122
11111112
73
02222222
02222221
11111220
12222220
12111222
11111220
11111122
11111112
86
02222222
02222222
11111222
12222120
12111212
11111111
11111112
11111112
84
02222222
22222222
12111222
12222111
12111211
11111111
11111112
11111112
11
