00000000
00000000
00000000
00012000
00022200
00000000
00000000
00000000
64
00000000
00000000
00000200
00012200
00022200
00000000
00000000
00000000
66
00000000
00000000
00000200
00012200
00022200
00002100
00000000
00000000
74
00000000
00000000
00000200
00011110
00022200
00002200
00000020
00000000
62
00000000
00000100
00002100
00012110
00022200
00002200
00000020
00000000
47
00000000
00000100
00022100
00022110
00022100
00001200
00010020
00000000
76
00000020
00000200
00022100
00022110
00022100
00001110
00010020
00000000
61
00000120
00000100
00022100
00022110
00022100
00002110
00012020
00000000
32
00000120
00100100
00012102
00021120
00022200
00002110
00012020
00000000
84
00000120
00100100
00012102
00021111
00022200
00002120
00012022
00000000
82
00000120
00100101
00012101
00021111
00022200
00002120
00022022
00200000
48
00000120
00100121
00012201
00022111
00022200
00002120
00021022
00210000
46
00002220
00100121
00012201
00012111
00011200
00011120
00011022
00210000
28
00002220
00100121
00012201
00222111
00011200
00011120
00011022
01110000
24
00002220
00102221
00012201
01111111
00011200
00011120
00011022
01110000
86
00002220
00102221
00022201
01211111
02011200
00011111
00011022
01110000
81
00002221
00102211
00022101
22211111
02011200
00011111
00011022
01110000
78
00002221
00102211
00022101
22211211
02011220
00011111
00011012
01110010
41
00011111
00101211
00022101
22212211
02012220
00012111
00012012
01112010
88
00011111
00122211
00022101
22212211
02012220
00012111
00012011
01112011
67
00011111
00122211
00022101
22212211
02012220
00011111
00011111
22222011
73
00011111
00122111
00022111
22212111
02011220
00011211
00011211
22222211
16
00011111
00121111
02012111
22212111
01021220
10012211
00011211
22222211
31
00111111
00111111
02011111
22212111
02021220
10222211
00021211
22222211
26
00111111
00111111
02011111
22212111
02021220
12211111
02021211
22222211
85
00111111
00111111
02011111
22212111
02221111
12221111
02022211
22222211
37
02111111
00211111
02021111
22212111
02221111
12211111
02111111
22222211
17
02111111
00211111
02021111
22212111
22121111
22211111
21211111
22222211
12
02111111
12211111
02021111
22112111
22111111
22211111
21211111
22222211
33
02111111
12111111
02111111
22112111
22111111
22211111
21211111
22222211
11
11111111
11111111
02111111
22112111
22111111
22211111
21211111
22222211
13
