00000000
00000000
00000000
00021000
00012000
00000000
00000000
00000000
56
00000000
00000000
00000000
00021000
00021000
00021000
00000000
00000000
35
00000000
00000000
00000000
02021000
00211000
00021000
00000000
00000000
34
00000000
00000000
00020000
02121000
00221000
00021000
00000000
00000000
36
00000000
00000000
00020000
02221000
02111000
00111000
00000000
00000000
23
00000000
00000000
01020000
02121000
02112000
00111200
00000000
00000000
14
00000000
00000000
01020000
11122200
01112000
00111200
00000000
00000000
63
00000000
00000000
01022100
11122200
01112000
00111200
00000000
00000000
52
00000000
00021000
01022100
11121200
01111000
00111200
00000000
00000000
62
00000000
00021100
01021100
11121200
01121000
00121200
00020000
00000000
31
00120000
00021100
01021100
11121200
01121000
00121200
00020000
00000000
33
00120000
20021100
02111100
11211200
01121000
00121200
00020000
00000000
13
00120000
20221100
11211100
11211200
01121000
00121200
00020000
00000000
73
00120200
20222100
11221110
11211100
01121000
00121200
00020000
00000000
38
00120200
20222100
11221110
11211100
01121000
00122200
00010200
00100000
22
00120200
21111100
11121110
11211100
01121000
00122200
00020200
00120000
76
00120200
21111100
11121110
11211100
01121000
00211110
02020200
00120000
58
00120200
21111100
21121110
21211100
22221000
00111110
02010100
00111000
18
00120200
21111100
21121110
21211100
22221000
00112110
01010200
10111020
68
00120200
21111100
21121110
21211100
22221000
00212110
01210100
10111120
28
00120200
21111100
21121110
21211100
22221000
00212222
01110100
11111120
51
00111200
22222220
21121210
21212100
22221000
00212222
01110100
11111120
88
00111200
22222220
21121220
21212220
22221000
00212222
01110100
11111111
57
00111200
22222220
21121220
21212220
22222200
00211222
01111100
11111111
77
02222200
22222220
21121220
21212220
22221200
00211122
01111110
11111111
84
02222200
22222220
21122220
21211221
22221220
00211122
01111110
11111111
81
02222201
22222222
21122120
21211221
22221220
00211122
01111110
11111111
85
02222201
22222222
21122122
21211212
22221112
00211112
01111110
11111111
87
02222201
22222221
21122121
21211211
22221111
00211111
01111111
11111111
11
12222201
21222221
21122121
21211211
22221111
00211111
01111111
11111111
71
11111111
21222111
21121111
21211211
22221111
00211111
01111111
11111111
26
11111111
21222111
21121111
21211211
22121111
21111111
01111111
11111111
17
