00000000
00000000
00000000
00222000
00021000
00000000
00000000
00000000
33
00000000
00000000
00100000
00212000
00022200
00000000
00000000
00000000
35
00000000
00000000
02100000
00212000
00122200
00000000
00000000
00000000
46
00000000
00000000
02100000
00212000
02222200
00010000
00000000
00000000
13
00000000
00000000
11100000
00212000
02222200
00020000
00200000
00000000
64
00000000
00000000
11100000
00222220
02222200
00020000
00200000
00000000
36
00000000
00000000
11100000
02222220
02222200
00120000
00200000
00000000
63
00000000
00200000
11200100
02221220
02212200
00120000
00200000
00000000
75
00000000
00200000
12200100
22221220
02211110
00120000
00200000
00000000
22
02000000
02200000
12100100
22211220
02211110
00120000
00200000
00000000
84
02000000
02200000
12220100
22221111
02221110
00120000
00200000
00000000
31
02100000
01100000
12120100
22121111
02221110
02220000
00200000
00000000
15
02100000
01100020
12120200
11122111
11121110
02220000
00200000
00000000
53
02100000
01100020
12111200
11111211
11121210
02220200
00200000
00000000
27
02100000
01100020
12111200
11112211
11121210
01220200
02200000
20000000
12
02100000
11100020
11111200
11112211
11122210
01222200
02200000
20000000
28
02100000
11100020
11111200
11112221
11122222
01222200
01200000
21000000
76
22100000
12100020
11211200
11121221
11122122
01111110
01200000
21000000
83
22100000
12100020
11211201
11121211
11222122
02111110
22200000
21000000
81
22220001
12100010
11211101
11121211
11222122
02111110
22200000
21000000
48
22220001
22100010
21211101
21121211
21222122
21111110
22100000
21010000
86
22220001
22100010
21211101
21121111
21222111
21111211
22100020
21010000
42
22220001
22222010
21122101
21222111
22222111
21111211
22100020
21010000
88
22220001
22222010
21122101
21212111
22221211
21111121
22100012
21010001
67
22220001
22222010
21122101
21212111
22221211
21211111
22200112
22210001
51
22221001
22211010
21122221
21211211
22222211
21221111
22200112
22210001
57
22221001
22211010
21122221
21211221
22122221
21212121
22201222
22210021
82
22221001
22211011
21122211
21211121
22121221
21212121
22202222
22222021
47
22222201
22212011
21122211
21211111
22121121
21211121
22212222
22222021
68
22222221
22212021
21122221
21211121
22121121
21211121
22211112
22222111
62
