00000000
00000000
00000000
00021000
00012000
00000000
00000000
00000000
34
00000000
00000000
00002000
00112000
00012000
00000000
00000000
00000000
64
00000000
00000000
00002020
00111200
00012000
00000000
00000000
00000000
56
00000000
00000000
00002020
00121200
00211000
00001000
00000000
00000000
36
00000000
00000000
00002020
02221200
00111000
00101000
00000000
00000000
43
00000000
00000000
00012020
02211200
00212000
00121000
00000000
00000000
47
00000000
00000000
00012020
02211200
00222000
00112000
00010200
00000000
74
00000000
00000000
00012020
02211110
00222000
00212000
02010200
00000000
52
00000000
00001000
00211020
02221110
00222000
00212000
02010200
00000000
26
00002000
00002000
00212020
02212110
00122000
01112000
02010200
00000000
82
00002000
00002001
00212010
02212110
00222000
01122000
02012200
00000000
42
00002000
00012001
00211010
02212222
00222000
01122000
02012200
00000000
23
00002000
00012021
01111020
02212222
00222000
01122000
02012200
00000000
14
00002000
00222021
01221020
11212222
00222000
01122000
02012200
00000000
68
00002000
20222021
02221020
11212222
00122000
01112000
02011200
00000100
66
00002000
20222021
02221020
12212222
02221000
02111100
02011100
00000100
31
00102000
22222021
02121020
12112222
02121000
02111100
02011100
00000100
16
00102000
22222021
02221020
12122222
01122000
11111200
02011120
00000100
63
00102000
22222021
02221120
12221222
01212000
11221200
02222220
00000100
18
00102000
22222021
02221120
12221222
22212000
12121200
01222220
10000100
62
00102000
22222111
02221120
12221222
22212000
12121200
02222220
12000100
17
00102000
22222111
22221120
22211222
22112000
11121200
12222220
12000100
48
00102020
22222121
22221120
22211222
22112000
11111200
12112220
12010100
78
00102020
22222121
22221120
22211222
22112000
11211200
12122120
12012110
38
00102220
22222221
22221220
22211222
22112000
11211200
11112120
11112110
11
10102220
11222221
12121220
12212222
12112200
11211200
11112120
11112110
88
10102220
11222221
12121220
12212222
12111220
11211200
11112110
11112111
86
10102220
11222221
12121220
12212122
12111220
11211221
11112210
11112111
81
12102221
12222211
12121120
12211122
12111220
11211221
11112210
11112111
41
12111111
12111211
11111120
12211122
12111220
11211221
11112222
11112111
85
12111111
12111211
11111120
12211112
12111111
11211221
11112222
11112111
83
