00000000
00000000
00000000
00012000
00022000
00002000
00000000
00000000
64
00000000
00000000
00020000
00021100
00022000
00002000
00000000
00000000
46
00000000
00000000
00020000
00021100
00022000
00012200
00000000
00000000
34
00000000
00000000
00020000
00111100
00022000
00222200
00000000
00000000
67
00000000
00000000
00020000
00112100
00012200
00221200
00000100
00000000
76
00000000
00000000
00020000
00112100
00012200
00221120
00000102
00000000
75
00000000
00000000
00020000
00112100
00012110
00222120
00002102
00000000
47
00000000
00000000
00020000
00112100
00012222
00211120
00011102
00000000
86
00000000
00000000
00020000
00112100
00012212
00212121
00022202
00002000
52
00000000
00001000
00010000
00112100
00012212
00212221
00022222
00002000
88
00000000
00021000
00020000
00122100
00021212
00222121
00022211
00002001
68
00000000
00021000
00020000
00122100
00021212
00222121
00022221
00002221
37
00000000
00021000
00020200
00122200
00021212
00212121
00111111
00002221
74
00000000
00021000
00020100
00111110
00021112
00211121
00211111
00202221
28
00000000
00021000
00020100
00111110
00021112
00211121
00111111
22202221
27
00000200
00022000
00020100
00111110
00011112
00111121
01111111
22202221
84
00000200
00022000
00020100
00111111
00011111
02222221
02111111
22202221
32
00000200
00122200
00010200
00111211
00011211
02222221
02111111
22202221
35
00000200
00122200
00020200
00121211
00121211
02122221
02222111
22222221
16
00000200
00122200
00020200
00221211
02221211
12222221
02222111
22222221
73
00000200
00122220
00020220
00221121
02221221
12222221
02222111
22222221
24
02000200
00222220
00020220
01111121
02221221
12222221
02222111
22222221
81
02000201
00222210
00220120
01221121
02222221
12222221
02222111
22222221
23
02000201
00222210
01222220
01122221
02212221
12221221
02222111
22222221
83
02000201
20222210
02111111
01222211
02222121
12222221
02222211
22222221
22
02000201
21111110
01111111
22222211
02222121
12222221
02222211
22222221
17
02000201
21111110
01111111
22212211
22122121
22222221
21211111
22222221
13
02000201
22222222
11111121
21212211
22122121
22222221
21211111
22222221
51
02001221
22211222
11112111
21222211
22222121
22222221
21211111
22222221
41
02222221
22221222
11212111
21222211
22222121
22222221
21211111
22222221
11
