00000000
00000000
00000000
00021000
00012000
00000000
00000000
00000000
34
00000000
00000000
00002000
00112000
00012000
00000000
00000000
00000000
66
00000000
00000000
00002000
00122000
00211000
00000100
00000000
00000000
36
00000000
00000000
00002000
02222000
00111000
00100100
00000000
00000000
23
00000000
02000000
02002000
02122000
00111000
00100100
00000000
00000000
33
00000000
02000000
02102000
02212000
00122000
00102100
00000000
00000000
65
00000000
02000000
02102000
02212000
00211100
00202100
00200000
00000000
11
10000000
01020000
02202000
02212000
00211100
00202100
00200000
00000000
52
10000000
01021000
02201000
02221000
00212100
00202200
00200020
00000000
88
10002000
01022000
02102000
02212000
00212100
00202100
00200010
00000001
14
10002000
01022000
22102000
12112000
00212100
00202100
00200010
00000001
12
10002000
11222000
11202000
12212000
00212100
00202100
00200010
00000001
64
12002000
12222000
12202000
12211100
00212100
00202100
00200010
00000001
31
11102000
11212000
12201000
12222220
00212200
00202100
00200010
00000001
84
11102000
11212000
12201000
12111111
20212200
00202100
00200010
00000001
41
11112000
11112000
11201000
12111111
20212200
00202220
00200010
00000001
57
11112000
11112000
11202000
12112111
20212200
00202220
00202010
00002001
47
11112000
11112000
11202200
12112211
20212200
00201220
00212010
00002001
75
11112000
11112200
11202200
12122111
20211110
00201210
00212010
00002001
38
11112000
11112200
11202200
12122111
20111210
00101220
00112012
00102001
43
11112000
11112200
11112200
12112111
20211210
00122220
00112012
00102001
48
11112000
11112200
11112200
12112111
20211210
00122120
00112012
00112201
16
11112000
11112200
11112200
12112111
10211210
10122120
00112022
00112221
61
11111100
11111100
11112220
12112221
10212220
10122120
00112022
00112221
83
11111120
11111200
11112111
12122211
10212120
10121120
00112022
00112221
85
11111120
11111200
11112111
12122211
10212111
10121120
00212022
02222221
25
11111120
11111202
11112121
11122211
11112111
10121120
00212022
02222221
18
11111120
11111202
11112121
11122211
11112211
10121220
00212222
11111111
27
11111120
11111222
11112221
11122211
11112211
10121220
01112222
11111111
86
11111120
11111222
11112221
11122211
11112211
10121111
22222211
11111111
81
