00000000
00000000
00000000
00012000
00022200
00000000
00000000
00000000
66
00000000
00000000
00000000
00012000
00021200
00000200
00000200
00000000
35
00000000
00000000
00200000
00022000
00112200
00000200
00000200
00000000
53
00000000
00000000
00201000
00012000
00122200
00200200
00000200
00000000
75
00000000
00000000
00201000
00222000
00211110
00200200
00000200
00000000
63
00000000
00000000
00201100
00222200
00211210
00200200
00000200
00000000
73
00000000
00000000
00201110
00222100
00221210
00220200
00000200
00000000
57
00000000
00000002
00201120
00222200
00222210
00220100
00001200
00000000
68
00000000
00000002
00201120
00222200
00222222
00220100
00001100
00000100
83
00000000
00000202
00202211
00222200
00222222
00220100
00001100
00000100
37
00000000
00000202
00202222
00222102
00221222
00210100
00101100
00000100
24
00000000
00000202
02202222
01211102
00121222
00210100
00101100
00000100
22
00000000
01000202
01122222
01222102
00121222
00210100
00101100
00000100
52
00000000
01001202
01121222
22221102
00121222
00210100
00101100
00000100
56
00000000
01001202
01121222
22221102
02222222
00211100
00101100
00000100
32
00000000
01101202
01111222
22221102
02222222
00221100
00201100
02000100
47
00000000
01101202
01111222
22211102
02212222
00222220
00211100
02000100
71
20000010
02101102
01211222
22221102
02212222
00222220
00211100
02000100
86
20000010
02101102
01211222
22221102
02212212
00222221
00221100
02200100
21
21000010
01101102
01211222
22221102
02212212
00222221
00222100
02220100
27
21000010
21101102
02211222
22221102
02212212
00122221
01111100
02220100
15
21000010
21101102
02211222
22221102
11112212
00122221
01111200
02220120
88
21000010
21101102
02211222
22222222
11112222
00122221
01111200
02220111
13
21020010
21102102
11111222
11222222
11112222
00122221
01111200
02220111
87
21020210
21102202
11111222
11221222
11112122
00122211
01111201
02220111
77
21020210
21102202
21111222
21211222
22111122
20122111
02111111
02220111
81
22220211
22202201
21211221
21211221
22111121
20122111
02111111
02220111
72
22220211
22202211
21211111
21211211
22111111
20222111
02122111
02222111
17
22220211
22222211
21222111
21221211
22121111
20222111
11122111
02222111
18
22220211
22222211
21222111
21221211
22221111
22222111
11122111
11111111
51
