00000000
00000000
00020000
00022000
00021000
00000000
00000000
00000000
33
00000000
00000000
00120000
00012000
00022200
00000000
00000000
00000000
66
00000000
00000000
02220000
00012000
00021200
00000100
00000000
00000000
42
00000000
00210000
02220000
00012000
00021200
00000100
00000000
00000000
46
00000000
00210000
02220000
00012000
00021200
00210100
00000000
00000000
22
00000000
01110000
02120000
00012000
00021200
00220100
00020000
00000000
14
00000000
01110000
22220000
10012000
00021200
00220100
00020000
00000000
53
00020000
01220000
22221000
10011000
00021200
00220100
00020000
00000000
75
00020000
01220000
22221000
20011000
20021110
00220100
00020000
00000000
37
00020000
01220000
22222000
20011200
20021110
00210100
00120000
00000000
73
00020000
01220000
22222010
20011200
20021120
00210102
00120000
00000000
26
00020000
01220002
22222020
20011200
20021120
01110102
00120000
00000000
21
01020000
01120002
22212020
20021200
20221120
01110102
00120000
00000000
34
01020000
01120002
22112020
20112200
20122120
01112102
00120000
00000000
48
01020000
01120002
22112020
20112200
20122120
22222102
00110000
00010000
63
01020000
01120002
22111120
20112100
22222120
22222102
00110000
00010000
52
01020000
01112002
22111220
20112220
22222220
22222102
00110000
00010000
67
01220000
02222002
22212220
20212220
22212220
22221102
00110100
00010000
24
01220000
01222002
21212220
21112220
22212220
22222202
00112100
00010000
76
01220000
01222002
21212220
21111220
22212120
22222212
00122100
00012000
17
01220000
22222002
22212220
21211220
22122120
21222212
10122100
00012000
85
01220000
22222002
22212220
21211220
22122121
21222222
10122220
00012000
83
01220000
22222002
22211111
21211210
22122121
21222222
10222220
00222000
51
01111000
22211002
22111111
21211210
22122121
21222222
20222220
20222000
87
01111000
22222202
22112211
21221210
22222121
22222211
20222221
20222000
88
01111000
22222202
22112222
21211222
22221121
22222111
20222211
20222001
28
01111000
22222202
22112222
21211222
22221121
22212111
22222211
21222001
11
11111000
21222202
22112222
21211222
22221121
22212121
22222221
21222021
81
11111001
21222201
22112221
21211221
22221121
22212121
22222221
21222021
72
11111021
21111221
22112121
21211221
22221121
22212121
22222221
21222021
61
11111111
21111111
22112121
21211221
22221121
22212121
22222221
21222021
68
