00000000
00000000
00020000
00022000
00021000
00000000
00000000
00000000
33
00000000
00000000
00120000
00012000
00022200
00000000
00000000
00000000
53
00000000
00200000
00121000
00012000
00022200
00000000
00000000
00000000
42
00000000
00222000
00112000
00012000
00022200
00000000
00000000
00000000
31
00100000
00122000
02222000
00012000
00022200
00000000
00000000
00000000
62
00100200
00112100
02221000
00012000
00022200
00000000
00000000
00000000
64
00120200
00222100
02221000
00011100
00022200
00000000
00000000
00000000
56
00120200
00222100
02222000
00012100
00022200
00002000
00002000
00000000
34
00120200
00122100
02222000
02222100
00022200
00002000
00002000
00000000
76
02220200
00122100
02212000
02221100
00022100
00002010
00002000
00000000
63
02220200
00122100
02212100
02221200
00022220
00002010
00002000
00000000
74
02220200
00122100
02212100
02222222
00022210
00002010
00002000
00000000
35
02220200
00122100
02121100
02212222
02111110
00002010
00002000
00000000
12
02220200
10122100
01121100
02122222
02222110
00022010
00002000
00000000
36
02220200
10122100
01121100
02121222
02112120
00122020
00002020
00000000
14
02220200
10122100
01122220
11121222
01112120
00122020
00002020
00000000
47
02220200
10122220
01122220
11121222
01112120
00111020
00012020
00000000
58
02220200
10222220
01222220
11221222
01212120
00221020
00211020
00001000
51
02221200
12211220
01221220
11221222
01212120
00221020
00211020
00001000
85
02221200
12211220
01221120
11221212
01222111
00222020
00222220
00001000
87
02221200
12211220
01221120
11221212
01222221
00222210
00222221
00001000
11
11111200
12211220
02221120
12221212
02222221
02222210
00222221
00001000
68
11111200
12211220
02221122
12221122
02222221
02222110
00222121
00001100
38
11111200
12111220
02121122
12121122
02122221
02122110
00122221
00101120
15
11111200
12111220
22121122
12121122
11222221
01122110
00122221
00101120
82
11111200
12111111
22121111
12121121
11222221
01122110
00122221
00122220
88
11111200
12111111
22121111
12121121
11222221
01122110
00222211
02111111
18
11111200
12111111
22121111
12121121
12222221
02222110
02222211
11111111
71
11111110
12111111
22121111
12121121
12222221
02222222
02222211
11111111
16
11111112
12111122
22121212
12122122
11222222
12222222
01222211
11111111
17
