00000000
00000000
00000000
00021000
00012000
00000000
00000000
00000000
43
00000000
00000000
00210000
00021000
00012000
00000000
00000000
00000000
34
00000000
00000000
00210000
00211000
00222000
00000000
00000000
00000000
25
00000000
00000000
00222000
00122000
01222000
00000000
00000000
00000000
64
00000000
00000000
00222000
00111100
22222000
00000000
00000000
00000000
36
00000000
00000000
00222000
00121100
22122000
00120000
00000000
00000000
32
00000000
00100000
00112000
00121100
22122000
00220000
00020000
00000000
56
00000000
00100000
02222000
00121100
22111000
00221000
00020000
00000000
48
00000000
00100000
02222000
00121200
22111020
00211000
00010000
00010000
12
00000000
10100000
01222000
02221200
22111020
00211000
00010000
00010000
74
00000000
10100000
01222000
02221110
22211020
02211000
00010000
00010000
63
00000000
10102000
01121100
02221110
22211020
02211000
00010000
00010000
51
00001000
10101000
01121100
02221110
22212020
02222200
00010000
00010000
17
00001000
10101000
01121100
02211110
22112020
02222200
12010000
00010000
16
00001000
10101000
01111100
02222222
21112020
12222200
12010000
00010000
38
00001200
10102000
01121100
02222222
21112020
12222200
11010000
00110000
76
00001200
10102000
01121100
02222222
21122020
11112110
11010200
00110000
68
00001200
12102000
02221100
02222222
21122020
11112110
11010100
00110100
85
00001200
12102000
02222220
02222222
21122021
11112110
11010100
00110100
42
02001200
12212000
02222220
02212222
21112021
11112110
11010100
00110100
62
02001200
12211100
02221220
02212222
21112021
11112220
11010120
00110100
72
02001200
12211110
02221120
02211222
21112021
11112220
11010220
00112100
78
02001200
12211110
02221110
22211212
22112011
11211210
11020110
00112110
83
02001200
12211110
02221111
22211211
22112011
12211210
12020110
02222110
57
02001200
12211110
02221111
22211211
22112011
12221110
12221110
02222110
71
02001110
12211110
02221111
22211211
22112011
12221210
12221120
02222222
18
02001110
12211110
02221111
22212211
22112211
12122210
11221120
12222222
31
02221110
12221110
02121111
22112211
22112211
12122210
11221120
12222222
11
11111110
11221110
02121111
22112211
22112221
12122222
11221120
12222222
87
11111110
11122222
02111122
22111212
22112122
12122212
11221112
12222222
13
11111110
11122222
11111122
11111212
12112122
12122212
11221112
12222222
81
