00000000
00000000
00000000
00021000
00012000
00000000
00000000
00000000
34
00000000
00000000
00000000
00111000
00222000
00000000
00000000
00000000
46
00000000
00000000
00002000
00122000
00212000
00010000
00000000
00000000
25
00000000
00000000
00002000
02222000
01112000
00010000
00000000
00000000
65
00000000
00000000
00002000
02222000
02211100
02010000
00000000
00000000
63
00000000
00000000
00002100
02222200
02211100
02010000
00000000
00000000
52
00000000
00001000
00001100
02221200
02212100
02020000
00200000
00000000
75
00002000
00002000
00002100
02222100
02212110
02020000
00200000
00000000
15
00002000
00002000
00002100
02222100
11122110
02022000
00200000
00000000
57
00002000
00002000
00002100
02222100
11222110
02222000
00201000
00000000
43
00002000
00002000
00011100
22121100
12222110
02222000
00201000
00000000
41
00012000
00001000
00011100
22121100
12222110
02222000
00202000
00000200
47
00012000
00001000
00011120
22111200
12212110
02211000
00212000
00000200
16
00012000
00001000
00011120
22111200
21212110
22111000
20212000
00000200
74
00012000
00001200
00012120
22121110
21212110
22111000
20212000
00000200
58
00012000
00001200
00012220
22121210
21212210
22222200
20211000
00001200
42
00012200
00012200
00021220
22221110
22212210
22222200
20211000
00001200
27
00012200
00012200
00021220
22221110
22212210
22122200
22211000
02001200
33
00012200
00012200
00111220
22121110
22112210
22122200
22222000
02022200
83
00012200
00012200
00111121
22122222
22112220
22122200
22222000
02022200
77
00012200
00012200
02222221
22212222
22121220
22122100
22222010
02022200
82
00012200
00012221
02222221
22212122
22121220
22122100
22222010
02022200
32
00012202
00112222
02122222
22112122
22121220
22122100
22222010
02022200
13
02012202
00212222
11122222
21112122
22121220
22122100
22222010
02022200
18
02012202
00212222
11122222
11112122
12121220
12122220
11222010
12022200
67
02012202
00212222
11222222
11212122
12211220
12222120
11221110
12222200
78
02012202
00212222
11222222
11212122
12211220
12222120
11222222
11111110
71
02011112
00212112
11221212
11212112
12211210
12222222
11222212
11111110
31
02111112
20112112
12121212
11212112
12121210
12122222
11122212
11111110
11
11111112
10112112
12121212
11212122
12121222
12122222
11122212
11111110
22
