00000000
00000000
00000000
00222000
00021000
00000000
00000000
00000000
33
00000000
00200000
00200000
00212000
00021000
00000000
00000000
00000000
24
00000000
00200000
00200000
01112000
00022200
00000000
00000000
00000000
46
00000000
00200000
00200000
01112000
00022200
00210000
00000000
00000000
26
00000000
00200000
02200000
01212000
00022200
01110000
00000000
00000000
42
00000000
00210000
02220000
01222000
00022200
01110000
00000000
00000000
22
00020000
01120000
01220000
01222000
00022200
01110000
00000000
00000000
35
00020000
01120000
22220000
01122000
00122200
01110000
00000000
00000000
76
00020000
01120000
22210000
02121000
00222100
01120010
00002000
00000000
14
00020000
01120000
21210000
11121000
00222100
01220010
02002000
00000000
47
00020000
01120000
21210000
11111000
00212100
01210010
02022000
00002000
12
00020000
11120000
11210200
11112000
00222100
01210010
02022000
00002000
68
00020000
11120000
11210200
11112000
00222200
01210020
02021002
00002100
64
00020000
11120000
11210200
11111100
00221200
01210020
02022202
00002100
25
02020000
12220000
12220200
12112100
02111200
02210020
02022202
00002100
62
02020200
12220200
12220200
12112200
02111200
02210020
02022202
00002100
75
02020200
12220200
12220200
12122200
02112210
02210220
02022202
00002100
48
02020200
12220200
12220200
12222200
02122210
02222220
02011202
00011100
85
02020200
12220200
12220200
12222200
02122211
02222210
02021102
00211100
37
02020200
12220200
12220200
12222200
02122211
02122210
02211102
02211100
18
02020200
12220200
12220200
12222200
02122221
02122222
01211102
11111100
17
02020200
12220200
12220200
12222200
22122221
02122222
11211102
11111100
16
02020200
12220200
12220200
12222202
12122222
11122222
11211102
11111100
52
02020200
11111200
12210200
12122202
11122222
11122222
11222222
11111100
88
02022200
11121200
12210200
12112202
11121222
11122122
11222212
11111101
73
02022200
11121200
12210210
12112222
11121222
11122122
11222212
11111101
83
02022200
11122200
12222211
12112211
11121121
11121121
11212211
11111101
71
02222210
11222100
12221211
12112211
11121121
11121121
11212211
11111101
72
02222222
11222110
12221111
12111211
11111121
11121121
11212211
11111101
78
