00000000
00000000
00000000
00222000
00021000
00000000
00000000
00000000
33
00000000
00000000
00100000
00212000
00022000
00002000
00000000
00000000
46
00000000
00000000
00100000
00212000
00222000
00012000
00000000
00000000
26
00000000
00000000
00100000
00212000
00122000
01022000
00200000
00000000
48
00000000
00000000
00100000
00212000
00222000
01222000
00100000
00010000
64
00000000
00000000
00100000
00211100
00221000
01222000
00120000
00010000
57
00000000
00000000
00100000
00211100
00221000
01221000
00121000
00012000
68
00000000
00000000
00100000
00211100
00221000
01221000
00221000
00211100
28
00000000
00000000
00100000
00211100
00222200
01212000
00121000
01111100
27
00000000
00000000
00100200
00211200
00212200
01112000
01121000
01111100
73
00000000
00000000
00120210
00222100
00221200
01122000
01121000
01111100
66
00000000
02000000
00220210
00222100
00221100
01111100
01121000
01111100
23
00000000
02000000
02220210
02222100
00211100
01111100
01121000
01111100
53
00000000
02000000
02222222
02211100
00111100
01111100
01121000
01111100
13
00000000
02000000
12222222
01211200
00121200
01112200
01122200
01111100
82
00000000
02000001
12222212
22211100
00121200
01112200
01122200
01111100
11
10000002
01000002
12122212
22211100
00121200
01112200
01122200
01111100
74
10000002
01000002
12122212
22221110
00221100
02111200
22222200
01111100
78
10000002
01000002
12122212
22221120
00221102
02111200
22222100
01111110
15
10000002
01200002
12222212
11221120
10221102
01111200
22122100
01111110
18
10000002
01200002
12222212
11221120
10221102
01111200
21122220
11111110
76
12000002
02200002
12222212
11221120
10221102
01111110
21122110
11111110
41
12010002
02100002
11222212
11221120
10222102
01111210
21122120
11111112
62
12010002
02100102
12221112
12211120
12222102
01211210
21122120
11111112
31
11110022
01100202
12222112
12221120
12222102
01211210
21122120
11111112
42
11110022
01110202
12111112
11211120
12212102
01211222
21122120
11111112
84
11110022
01112202
12122212
11212121
12212102
01211222
21122120
11111112
16
11110022
01112222
12122222
11212121
12212102
11211222
11122120
11111112
61
11112222
01112222
12112122
11112121
11212102
11211222
11122120
11111112
12
11112222
11112222
11112122
11112221
11212222
11211222
11122120
11111112
87
