00000000
00000000
00020000
00022000
00021000
00000000
00000000
00000000
53
00000000
00000000
00021000
00022000
00022200
00000000
00000000
00000000
35
00000000
00000000
00022200
00012000
00122200
00000000
00000000
00000000
64
00000000
00000000
00022200
00021100
00222200
02000000
00000000
00000000
52
00000000
00001000
00021220
00021200
00222200
02000000
00000000
00000000
74
00002000
00002000
00022120
00022110
00222200
02000000
00000000
00000000
56
00002000
00002000
00022120
00022222
00222100
02001000
00000000
00000000
32
00002000
00102000
00012120
00021222
00222220
02001000
00000000
00000000
46
00002000
00102000
00222120
00021222
00212220
02011000
00000000
00000000
23
02002000
00202000
01121120
00022222
00212220
02011000
00000000
00000000
82
02002000
00202021
01121220
00022122
00211220
02011000
00000000
00000000
81
02002001
00202011
01121120
00021122
00212220
02011200
00000000
00000000
31
02102001
00102011
22221120
00021122
00212220
02011200
00000000
00000000
17
02102001
00102011
22221120
00011122
02222220
01011200
10000000
00000000
34
02102001
00102211
22122220
00121222
02212220
01011200
10000000
00000000
77
02102001
00102211
22122220
02222222
02211220
01011100
10000010
00000000
11
11102001
00122211
22222220
02222222
02211220
01011100
10000010
00000000
22
11102021
01122221
21122220
01212222
01211220
01011100
10000010
00000000
36
11102021
01122221
21122220
01112222
01112220
01121100
10200010
00000000
86
11102021
01112221
21121220
01112122
01122210
01221101
12200010
00000000
38
11102021
01112221
21121220
01112122
01122220
01122221
12100010
00100000
83
11102021
01112221
21121111
01212122
02122220
22222221
12100010
00100000
57
11122021
01122221
21121111
01211122
02121220
22211221
12101010
00100000
28
11122021
01122221
21121111
01211122
01121220
21211221
11101020
01100002
47
11122021
01222221
22121111
22211122
01121220
21111221
11111020
01100002
87
11122021
01222221
22121111
22211122
01121120
21211211
22111021
21100002
15
11122021
01222221
22121111
21211122
11121122
21211212
22111022
21100002
67
11122021
22222221
22121111
21211122
11121122
21211112
22111122
21100002
61
11111111
22221111
22111111
21111122
11121122
21221212
22122122
22220002
58
11111111
22221111
22111111
21111122
11121122
21121212
22112222
22222202
78
