00000000
00000000
00000000
00021000
00012000
00000000
00000000
00000000
34
00000000
00000000
00200000
00121000
00012000
00000000
00000000
00000000
65
00000000
00000000
00200000
02221000
00011100
00000000
00000000
00000000
43
00000000
00002000
00220000
02211000
00011100
00000000
00000000
00000000
23
00000000
00002000
22220000
02111000
00011100
00000000
00000000
00000000
32
00000000
00102000
22110000
02211000
00021100
00002000
00000000
00000000
35
00000000
00102000
22120000
02211000
02111100
00002000
00000000
00000000
14
00000000
00102000
21120000
11111020
02111200
00002000
00000000
00000000
75
00000000
00102000
21120000
11112020
02111220
00002020
00000000
00000000
15
00000000
00102000
21120000
12122020
11221220
00022020
00000000
00000000
36
00000000
00102000
21120000
22222020
22121220
20122020
00000000
00000000
26
00200000
00202000
21220000
21222020
21121220
21122020
00000000
00000000
57
00200000
00202000
21220000
21222020
21122220
21112020
00002000
00002000
61
00200100
00201000
21210000
21122020
22122220
21222020
00022000
00002000
48
00200100
00201000
21222000
21112020
22112220
21212020
00012000
00012000
68
00200100
00201000
21222000
21112020
22112220
21212020
00021000
00211100
85
00202100
00202000
21222000
21112020
22111111
21212020
00021000
00211100
64
00202100
00202000
21222000
21111120
22111111
22212020
00221000
00211100
17
00202220
00202000
21222000
21111120
22111111
21212020
10221000
00211100
21
01202220
20102000
22212000
21211120
22121111
21212020
10221000
00211100
11
11222220
10202000
12212000
11211120
12121111
11212020
10221000
00211100
83
11222220
10202000
12212001
11211110
12121111
11212020
10222200
00211100
42
11222220
10212000
12111001
11211110
12121111
11212020
10222200
00222220
62
11222220
10211100
12111001
11222222
12121111
11212020
10222200
00222220
73
11222220
12211100
12211011
11222112
12121111
11212020
10222200
00222220
81
11111111
12222220
12211021
11222122
12121121
11212020
10222200
00222220
77
11111111
12222210
12212011
11222212
12121122
11212012
10222220
00222220
28
11111111
12222210
12212211
11222222
12121122
11212012
10122220
01222220
88
11111111
12222222
12212222
11222222
12121122
11212012
10122220
01111111
27
11111111
12222212
12222122
11222222
12111222
11112022
11122222
01111111
66
