00000000
00000000
00000000
00021000
00012000
00000000
00000000
00000000
56
00000000
00000000
00000000
00021000
00012000
00001200
00000000
00000000
65
00000000
00000000
00000000
00022200
00011200
00001200
00000000
00000000
63
00000000
00000200
00000200
00021200
00011200
00001200
00000000
00000000
77
00000000
00000200
00000200
00021200
00011200
00001200
00000210
00000000
72
00000000
00000210
00000100
00021200
00011200
00002200
00020210
00000000
33
00000000
00000210
00100100
00011200
00011200
00002200
00020222
00000000
88
00000000
00000222
00100100
00011200
00011200
00002100
00020212
00000001
57
00000000
00000222
00100100
00011200
00222200
00001100
00021112
00000001
38
00000000
00000222
00100100
00011200
00222200
00001100
00222222
00100001
61
00000100
02000122
00200100
00021200
00222200
00001100
00222222
00100001
81
00000101
02002222
00200100
00021200
00222200
00001100
00222222
00100001
76
00000101
02002222
00200200
00021220
00222200
00002110
00222222
00100001
36
00000101
02002222
00202200
00022220
00212200
00102110
00122222
00100001
43
00000101
02001222
00212200
00012220
00222100
00202110
02222222
00100001
71
00002111
02002122
00212200
00012220
00222100
00202110
02222222
00100001
34
00002111
02002122
02212200
00212220
00122100
00102110
02122222
00100001
78
00002111
02002122
02212200
00212220
00122100
00102222
02122212
00100011
42
00022111
02022122
02222200
00222220
00122100
00102222
02122212
00100011
25
00022111
02021122
02212200
00122220
22222100
00102222
02122212
00100011
17
00022111
02221122
02222200
00122220
22222100
00102222
11122212
00100011
11
10022111
01221222
02122220
00112220
22221100
00102122
11122212
00100011
85
12022111
02221222
02122120
00112210
22221101
00102121
11122211
00100011
26
12022111
02221222
02122120
00112222
22121101
01102121
11122211
00100011
14
12022111
02221222
22122120
20112222
21121101
01102121
11122211
00100011
46
12022111
02221222
22222120
22222222
21211101
01121121
11122211
00100011
31
11111111
02121222
22122120
22122222
22222221
01121221
11122211
00100011
83
11111111
02121211
22122111
22122211
22222121
02121221
12222211
02100011
18
11111111
02121211
22122111
22122211
22222121
02121221
11222211
11100011
48
11111111
02111211
22112111
22112211
22212111
02121121
11212211
11110211
16
11111111
02111211
22112111
22112211
22212111
11221121
11222211
11112211
12
