00000000
00000000
00000000
00012000
00022200
00000000
00000000
00000000
46
00000000
00000000
00000000
00222000
00012200
00010000
00000000
00000000
23
00000000
00000000
01000000
02222000
00012200
00010000
00000000
00000000
63
00000000
00000000
01000100
02221000
00022200
00020000
00020000
00000000
56
00000000
02000000
02000100
02121000
00011200
00021000
00020000
00000000
33
00000000
02000000
02220100
02122000
00021200
00021000
00020000
00000000
11
10000000
01000020
02120200
02112000
00021200
00021000
00020000
00000000
52
10000000
01001020
02222200
02112000
00021200
00021000
00020000
00000000
36
10002000
01002020
02222200
02112000
00021200
00111000
00020000
00000000
75
10002000
01002020
02222200
02112000
00021110
00112000
00020200
00000000
48
10002000
01002020
02222200
02112000
00021110
02222000
00010200
00010000
78
10002000
01002020
02222200
02112200
00012110
02221000
00010100
00010010
81
10002001
01002010
02222100
02111200
00012120
02221002
00010100
00010010
41
10012001
01001010
02222100
02111200
00012120
02221002
00020100
00012010
13
10012001
01001010
11111100
02111200
00012120
02221002
00020100
00222010
14
10012001
01001010
11111100
11111200
00012120
02222002
00022100
00222010
74
10012001
01001010
11111100
11111110
00012120
02222002
00022220
00222010
27
10012001
01001010
11111100
11111110
00012120
02122002
02022220
02222010
85
10012001
21001010
12111100
11211110
00022111
02122002
02022220
02222010
25
10222001
21001010
12111100
11111110
01022111
02122002
02022220
02222010
18
10222001
21001010
22111100
21111110
21022111
02122002
01022220
12222010
35
12222001
22001010
22111100
21111110
21111111
02122002
01022220
12222010
17
12222001
22001010
22111100
22222222
21111112
01122002
11022220
12222010
68
12222001
22001010
22222220
22222222
21111112
01112002
11021220
11111110
61
11111101
22001010
22222220
22222222
22111112
22222002
11021220
11111110
76
11111101
22001010
22222220
22222222
22111212
22222022
11022222
11111110
42
11111101
22211010
22221220
22212122
22111212
22222022
11022222
11111110
82
11111121
22211021
22221220
22212122
22111212
22222022
11022222
11111110
37
11111121
22211021
22221220
22222122
22112222
22112222
11122222
11111110
62
11111121
22211111
22221120
22222122
22112222
22112222
11122222
11111110
88
11111121
21211111
22121120
22212122
22111222
22112122
11122212
11111111
83
