00000000
00000000
00000000
00021000
00012000
00000000
00000000
00000000
65
00000000
00000000
00000000
00021000
00021100
00020000
00000000
00000000
35
00000000
00000000
00000000
00022200
00112100
00020000
00000000
00000000
43
00000000
00000000
00012000
00012200
00112100
00020000
00000000
00000000
57
00000000
00000000
00012000
00012200
02222100
00010000
00001000
00000000
24
00000000
00000000
00012000
01012200
02122200
00010200
00001000
00000000
63
00000000
00000000
00011100
01012200
02122200
00020200
00201000
00000000
47
00000000
00000000
00011100
01012200
02112200
00010200
00222200
00000000
77
00000000
00000000
00011100
01012200
02112200
00012100
00222210
00000000
15
00000000
00000200
00011200
01012200
11112200
00012100
00222210
00000000
73
00000000
00000200
00011110
01222100
11121200
00012100
00222210
00000000
48
00000000
00000200
00011110
01222100
11121200
00012100
00221210
00210000
36
00000000
00200200
00021110
01222100
11111200
00112100
00221210
00210000
51
00001000
00200100
00021110
01222100
11112200
00112200
00221220
00210002
58
00001000
00200100
00021110
01222220
11112200
00112200
00211220
00211002
76
00001020
00200200
00022110
01222220
11112200
00111110
00211120
00211002
61
00001120
00200100
00022110
22222220
11112200
00111110
00211120
00211002
23
00001120
00200100
01022110
21122220
11112220
00111120
00211120
00211002
26
00001120
00200100
01022222
21122220
11112220
01111120
00111120
00211002
82
00001120
00200101
01022212
21122120
11121220
01211120
02222220
00211002
84
00001120
00200101
01022211
21122111
11221210
02211120
22222220
00211002
78
00001120
00200101
01022211
21122111
11221210
02211210
22222210
00222222
81
00001111
00200101
01022211
21222111
22221210
22211210
22222210
00222222
41
00011111
00100101
01022211
21222121
22221222
22211220
22222210
00222222
42
00211111
00120101
01012211
21212221
22211222
22211220
22222210
00222222
72
02211111
00220111
01022111
21212221
22211222
22211220
22222210
00222222
18
02211111
20220111
02022111
21212221
22211222
22111220
21222210
10222222
52
02211111
20221111
22021111
22211221
22211222
22111220
21222210
10222222
86
02211111
20221111
22021111
22211121
22211211
22111111
22222210
12222222
22
02211111
21211111
22221111
22221121
22212211
22111211
22222220
12222222
11
