00000000
00000000
00000000
00021000
00012000
00000000
00000000
00000000
34
00000000
00000000
00002000
00112000
00012000
00000000
00000000
00000000
64
00000000
00000000
00002000
00121100
00222000
00000000
00000000
00000000
56
00000000
00000000
00002000
00122100
00212000
00002000
00002000
00000000
46
00000000
00000000
00002000
02222100
00211000
00012000
00002000
00000000
13
00000000
00000000
10002000
01222100
00221000
00222000
00002000
00000000
37
00000000
00000000
10002000
01222220
00221000
00212000
00102000
00000000
84
00000000
00000000
12002000
01211111
00221000
00212000
00102000
00000000
26
00000000
00000000
12022000
01221111
00121000
01112000
00102000
00000000
68
00000000
00000000
12022000
01221111
00221000
01212000
00201000
00200100
25
00000000
00000000
12022000
22221111
02111000
01212000
00201000
00200100
48
00000000
00000000
12022200
22222111
02121000
01212000
00101000
00210100
42
00000000
00010000
12011200
22212111
02111000
02212000
02101000
00210100
18
00000000
00010000
12011200
22212111
02111000
02112000
02101000
12210100
66
00000000
00010000
12222200
22212111
02111000
02111100
02101000
12210100
16
00000000
20010000
22222200
22212111
02111000
11111100
02101000
12210100
22
00200000
22020000
21122200
21212111
01111000
11111100
02101000
12210100
41
00210000
22012000
21122200
21212111
01111000
11111100
02101000
12210100
17
00210000
22012000
21122200
21222111
02121000
11221100
11121000
12210100
15
00222000
22012000
21122200
21222111
11121000
11221100
11121000
12210100
61
00222220
22011000
21112200
21122111
11121000
11221100
11121000
12210100
73
00222220
22011000
21111110
21122111
11122000
11221200
11121020
12210100
86
00222220
22211000
22221110
21222111
11222000
11221201
11121010
12210100
65
00222220
22211000
22221110
21222111
11112100
11222201
11122010
12222100
67
00222220
22221000
22222110
21222211
11112220
11221201
11112110
12222100
62
00222220
22221100
22221110
21212211
11112220
11221201
11112120
12222102
11
10222220
11221100
12122222
11212221
11112220
11221201
11112120
12222102
72
10222220
11221110
12122122
11211221
11122220
11222201
11112220
12222222
21
11222220
11122222
12112122
11211221
11122220
11222201
11112220
12222222
87
11222220
11122222
12112122
11211221
11122220
11222221
11111221
12222222
81
