00000000
00000000
00000000
00021000
00012000
00000000
00000000
00000000
43
00000000
00000000
00010000
00011000
00222000
00000000
00000000
00000000
46
00000000
00000000
00210000
00021000
00212000
00010000
00000000
00000000
25
00000000
00000000
00210000
00021000
01212000
02010000
00000000
00000000
65
00000000
00000000
00210000
00021000
01222220
02010000
00000000
00000000
34
00000000
00000000
00210000
00111000
01222220
02020000
00200000
00000000
36
00000000
00200000
00220000
00112000
01112220
02120000
00200000
00000000
17
00000000
00200000
00220000
00112000
01122220
01220000
12200000
00000000
57
00000000
00200000
00220000
00112000
22222220
02210000
12201000
00000000
38
00000000
00200000
00220000
00112000
22122220
02220000
12221000
00100000
52
00000000
00201000
00222000
00122000
22222220
02220000
12221000
00100000
24
00000000
00201000
02222000
02222000
22122220
02210000
12221000
00100000
85
00000200
00202000
02222000
02222000
22111111
02210000
12221000
00100000
18
00000200
00202000
02222000
02222000
22122111
02222000
11221000
10100000
22
00000200
01202000
22222000
02222000
21222111
01222000
11221000
10100000
66
00000200
01202000
22122000
02212000
22221111
02111100
12221000
12100000
14
02000200
02202000
22122000
11112000
21221111
02111100
12221000
12100000
63
02000200
02202000
22211100
11121000
21212111
02111200
12221020
12100000
12
22000200
22202000
21211100
21121000
21212111
02111200
12221020
12100000
48
22000200
22202000
21211100
21121002
21212121
02111200
12211020
12110000
42
22000200
22212000
21111100
21121002
21212121
02121200
12212020
12110200
51
22001200
22211000
22222220
21121002
21212121
02121200
12212020
12110200
76
22001200
22211000
22222220
21221002
22212121
22121110
12212020
12110200
88
22001200
22211000
22222220
21221002
22212122
22122222
12212020
12110201
71
22001110
22211000
22222220
21222202
22212222
22122222
12212020
12110201
74
22001110
22222200
22222220
21111212
22212222
22121222
12212020
12110201
87
22001110
22222200
22222220
21111212
22212122
22221212
12222021
12222201
83
22001110
22222200
22222221
21211211
22222121
22222211
12222221
12222201
78
22001110
22222200
22222221
21211211
22222121
22222211
12222211
11111111
31
22221110
22222200
22121221
21111111
22122111
22122211
12122211
11111111
82
22222222
22222201
22121211
21111111
22122111
22122211
12122211
11111111
72
