00000000
00000000
00000000
00021000
00012000
00000000
00000000
00000000
65
00000000
00000000
00000000
00021000
00012100
00000200
00000000
00000000
56
00000000
00000000
00000000
00021000
00021100
00022200
00000000
00000000
33
00000000
02000000
00200000
00021000
00022100
00022200
00000000
00000000
35
00000000
02000000
00200000
00022200
00112200
00022200
00000000
00000000
47
00000000
02000000
00200000
00022200
00212200
02012200
00010000
00000000
43
00000000
02000000
00210000
00012200
00222200
02222200
00010000
00000000
25
00000000
02000000
00210000
02012200
02222200
02122200
00010000
00000000
16
00000000
02000000
00210000
02012200
02222200
12222200
02010000
00000000
76
00000000
02000000
00210000
02011200
02222100
12111110
22010000
00000000
13
00000000
02000000
10222000
01022200
02222100
12111110
22010000
00000000
15
00000000
02000000
10222000
01022200
11121100
12121110
22020000
00020000
62
00000000
02000100
10222200
01012200
11121100
12121110
22020000
00020000
18
00000000
02000100
10222200
01012200
11121100
12122222
11020000
10020000
87
00000000
02000100
10222200
21012200
12121100
12222212
11020001
10020000
11
10000000
01000100
10122200
21012200
12121100
12222212
11020002
10020002
32
10000000
01100100
10112200
21011200
12122220
12222212
11020002
10020002
52
10000000
01121100
10122200
21021200
12122220
12222212
11020002
10020002
73
10000000
01121102
10111120
21021200
12122220
12222212
11020002
10020002
83
10000000
01122222
10111211
21022200
12122220
12222212
11020002
10020002
51
10001000
01111122
10111211
22222200
12222220
12222212
11020002
10020002
23
10001000
01111122
11111211
21222200
11222220
11222222
11020022
10020002
85
10001000
01111122
11111212
21222202
11111122
11222222
11020022
10020002
58
10001020
01111222
11112212
21222202
11111122
11122222
11010022
10021002
67
10001020
01111222
11112222
21222222
11111122
11121122
11010122
10021002
37
10001020
01111222
11112222
21222222
11112122
11112222
11112222
10021002
68
10001020
01111222
11112222
21222222
11112122
11122122
11211122
12021102
38
10001220
01112222
11122222
21222222
11112122
11122122
11111122
11111102
81
10001111
01112212
11122122
21221222
11112122
11122122
11111222
11111122
41
10011111
22222212
22122122
21221222
11112122
11122122
11111222
11111122
21
