00000000
00000000
00020000
00022000
00021000
00000000
00000000
00000000
35
00000000
00000000
00020000
00022000
00121000
00200000
00000000
00000000
53
00000000
00000000
00021000
00211000
00221000
00200000
00000000
00000000
42
00000000
00010000
00011200
00212000
00221000
00200000
00000000
00000000
25
00000000
00012000
00012200
00112000
01111000
00200000
00000000
00000000
64
00000000
00222000
00011200
00111100
01111000
00200000
00000000
00000000
21
01000000
00122000
00021200
00121100
01121000
00220000
00000000
00000000
57
01000000
00122000
00021200
00121100
01121000
00220000
00021000
00000000
37
01000000
00122000
00022200
00121200
01121020
00110000
00111000
00000000
56
01000000
00122000
00022200
00221200
02111020
20111000
00111000
00000000
14
01000000
00122000
00022200
10221200
01211020
22111000
00111000
00000000
23
01000000
00122000
01022200
12221200
02211020
22111000
00111000
00000000
41
01010000
00112000
01012200
12211200
02211020
22111000
00211000
00020000
17
01010000
00112000
01012200
12211200
02211020
21121000
10212000
00020200
15
01010000
00112000
01012200
12211200
11121020
11122000
10212200
00020200
33
01010000
00112000
01112200
11111200
11121020
11222000
12212200
00020200
77
01010000
00112000
01112200
11111200
11121020
11222002
12211120
00020200
74
01012000
00112000
01112100
11111110
11121020
11222002
12211120
00020200
65
01012000
20112000
02112100
11211110
11121120
11221002
12211120
00020200
18
01012000
20112000
02112100
11211110
11111120
11122202
11212220
10020200
85
01012000
20112000
02112100
12211110
12111111
12122202
12212220
12020200
76
01012000
20112000
02112100
12211110
12111111
12211112
12222220
12022200
62
01012000
22111100
02211100
12221110
12112111
12211212
12222220
12022200
38
01012200
22112200
02221200
12221210
12112211
12111212
11112220
11122200
87
01222200
22222200
02222200
12221210
12112211
12111211
11111111
11122200
11
11222200
21222200
02122202
12211220
12111211
12111111
11111111
11122200
84
11222200
22222200
22122202
12211111
12111211
12111111
11111111
11122200
73
11222200
22222200
22211112
12221112
12112212
12111212
11111122
11122202
78
11222200
22222202
22211122
12221212
12112212
12111212
11111112
11111112
72
11222200
22222212
22211112
12221212
12112212
12111212
11111112
11111112
71
