00000000
00000000
00000000
00012000
00022000
00002000
00000000
00000000
66
00000000
00000000
00000000
00012000
00021000
00002220
00000000
00000000
53
00000000
00000000
00001200
00012000
00021000
00002220
00000000
00000000
57
00000000
00000000
00201200
00022000
00022000
00001220
00001000
00000000
86
00000000
00000000
00201200
00022000
00022000
00002111
00001200
00000000
46
00000000
00000000
00201200
00022000
00022002
00011121
00001200
00000000
35
00000000
00000000
00201200
00012000
00122202
00011221
00001200
00000000
77
00000000
00000000
00201200
00012000
00121202
00011122
00001112
00000000
22
00000000
01000000
00101200
00012000
00121202
00012122
00001222
00000020
68
00000000
01002000
00102200
00012000
00121202
00012122
00001122
00000120
62
00000000
01002100
00101200
00012000
02221202
00012122
00001122
00000120
34
20000000
02002100
00201200
00122000
02212202
00011222
00001122
00000120
42
20000000
02011100
00201200
00122000
02222202
00222222
00001122
00000120
73
20000000
02011100
02201110
00222000
02222202
00222222
00001122
00000120
88
20000000
02011100
02201110
00222000
02222202
00222222
00002222
00002111
48
20000000
02011120
02201210
00222000
02222202
00222222
00002222
00011111
24
20000000
02011120
02101210
01222000
02122202
00222222
00201222
00011111
71
20000010
02011110
02101210
01222000
02122202
00222222
00222222
00011111
43
20000210
02012210
02121210
01212000
02112202
00212222
00212222
00011111
21
21000210
01012222
01121210
01212000
02112202
00212222
00212222
00011111
27
21000210
01012222
22221210
02212000
02212202
00122222
01112222
00011111
26
21000210
01012222
21221210
01212000
02112202
22222222
01112222
00011111
64
21000210
01012222
21221222
01211100
02111102
22212122
01112122
00011111
75
21000210
01012222
21221222
01211100
02111112
22212112
02222112
00211111
32
21000210
01112222
21111222
01111120
02111212
22212112
02222112
00211111
17
21000210
01112222
21111222
22222220
02111212
21212112
11111112
00211111
81
21000211
01112212
21111122
22221220
02112212
22222112
12211112
02211111
15
21020211
01222212
22121122
21221220
11112212
11222112
12111112
02211111
18
22220211
02222212
22121122
21221220
11112212
11122112
11111112
11111111
84
22220211
02222211
22121121
21221111
11112211
11122111
11111111
11111111
12
