00000000
00000000
00000000
00222000
00021000
00000000
00000000
00000000
35
00000000
00000000
00000000
00222000
00112000
00000200
00000000
00000000
63
00000000
00000000
00000100
00221000
00122000
00020200
00000000
00000000
57
00000000
00000020
00000200
00222000
00122000
00010200
00001000
00000000
75
00000000
00000020
00000200
00222000
02222010
00010100
00001000
00000000
43
00000000
00000020
00010200
00212000
02222010
00210100
00001000
00000000
24
00000000
00000020
00010200
22222000
02122010
00210100
00001000
00000000
13
00000000
00200020
10020200
21222000
02122010
00210100
00001000
00000000
64
00000000
00200020
10020200
21112200
02122210
00210100
00001000
00000000
62
00000000
00200120
10020100
21112100
02122210
00210120
00001000
00000000
27
00000000
00200120
10020100
21111100
02112210
00110220
01001020
00000000
21
01000000
00100120
10210100
21121100
02112210
00110220
01001020
00000000
67
01000000
00100120
10210100
21121100
02112222
00110120
01001120
00000000
53
01000000
00100120
12211100
22111100
02112222
00110120
01001120
00000000
22
01020000
01200120
12111100
22111100
02112222
00110120
01001120
00000000
42
01020000
01110120
12111100
22111100
02212222
00120220
01002220
00000200
16
01220000
01220120
12212100
22211200
01212222
10120220
01002220
00000200
47
01220000
01220120
12222100
22221200
01222222
10120220
01022220
00020200
51
01111000
01220120
12222100
22221200
02222222
12220220
01022220
00020200
74
01111000
22220120
22222100
22221110
02222222
12220220
01022220
00020200
87
01111000
22222220
22222200
22221120
02222122
12220210
01022221
00020200
81
01111001
22222210
22222100
22221120
02222122
12220210
02022221
02020200
56
01111001
22222210
22222100
22221120
02221122
11211110
02222221
02020200
73
01111001
22222110
22222110
22221210
02221122
11222222
02222221
02020200
84
01111001
22222110
22222110
22221211
02221121
12222221
22222221
02020200
88
01111001
22222110
22222110
22221211
22221121
22222121
22222211
02020201
58
01111001
22222222
22222120
22221211
22221121
22221111
22221111
02021201
71
01111011
22222212
22222110
22221211
22221121
22222121
22221221
02021221
18
01111011
22222212
22222110
22221211
22211121
22122121
22221221
12221221
11
11111011
11222212
12122222
12211221
12211221
12122121
12221221
12221221
61
