00000000
00000000
00020000
00022000
00021000
00000000
00000000
00000000
53
00000000
00000000
00021000
00022000
00022200
00000000
00000000
00000000
56
00000000
00000000
00021000
00021000
00022200
00001200
00000000
00000000
33
00000000
00000200
00112000
00021000
00022200
00001200
00000000
00000000
74
00000000
00000200
00112000
00021010
00022100
00002200
00002000
00000000
63
00000000
00002200
00112100
00022010
00022100
00002200
00002000
00000000
35
00000000
00022200
00122100
00022010
00111100
00002200
00002000
00000000
67
00000000
00022200
00122220
00022010
00111100
00001100
00002100
00000000
58
00000000
00022200
00122220
00022020
00111102
00001100
00001100
00001000
83
00000000
02022200
00211111
00022010
00111102
00001100
00001100
00001000
23
00000000
02022200
01121111
00222010
00111102
00001100
00001100
00001000
11
10000000
01022200
01122211
00222210
00111102
00001100
00001100
00001000
61
10000120
01022200
01122111
00222110
00111102
00001100
00001100
00001000
41
10010120
01011200
01112111
00222110
00211102
02001100
00001100
00001000
24
10010120
01222200
01212111
01211110
00211102
02001100
00001100
00001000
51
10011120
01211100
01121111
01212110
00211202
02001120
00001100
00001000
75
10222220
01211100
01121111
01212110
00211112
02001120
00001100
00001000
86
10222220
01211200
01121211
01212210
00211212
02001211
00001200
00001200
77
10222220
01221200
01221211
02212210
20211212
02001111
00001110
00001200
21
11222220
01121200
01211211
02211210
20221112
02002111
00001210
00001220
36
11222220
01121200
01111221
02111222
20111112
02102111
00001210
00001220
81
11111111
01121200
01111221
02111222
22222222
02102111
00001210
00001220
14
11111111
01121200
01111221
11111222
21222222
02222111
00002210
00001220
16
11111111
01121200
01111221
11111222
11222222
12111111
20002210
00001220
37
11111111
01121200
22222221
22111222
21222222
21111111
20102210
00001220
12
11111111
11121200
21222221
22111222
21222222
22111111
20202210
00022220
18
11111111
11121202
11222222
12111222
11222222
12111111
10202210
10022220
38
11111111
11121202
11222222
12111222
11222222
12111122
10102222
10122220
27
11111111
11121202
11222222
12111222
11222222
11122122
11122222
10122220
72
11111111
11121112
11222122
12111222
12222222
12122122
12222222
12222220
88
