00000000
00000000
00000000
00021000
00012000
00000000
00000000
00000000
65
00000000
00000000
00000000
00022200
00011100
00000000
00000000
00000000
73
00000000
00000000
00000010
00022100
00012100
00000200
00000000
00000000
34
00000000
00000000
00000010
00111100
00222100
00000200
00000000
00000000
25
00000000
00000000
00200010
00121100
01112100
00000200
00000000
00000000
53
00000000
00000002
00201020
00111200
01112100
00000200
00000000
00000000
63
00000000
00000002
00222220
00111100
01112100
00000200
00000000
00000000
72
00000000
00000222
00222220
00111200
01112200
00000200
00000000
00000000
71
00000010
00000122
00221220
02222200
01112200
00000200
00000000
00000000
23
00000010
00000122
01111220
01122200
01122200
00200200
00000000
00000000
75
00000010
00200122
01221220
01222100
01211110
00200200
00000000
00000000
26
00000010
00200122
01221220
01212100
02111110
22200200
00000000
00000000
67
00000010
00202222
01222220
01212100
02111110
22200100
00000100
00000000
61
00000110
20202122
02222120
01212100
02111110
22200100
00000100
00000000
17
00000110
20202122
02222120
01212100
02111110
21200100
20000100
20000000
81
00000111
20202112
02222120
02212100
22111110
21200100
20000100
20000000
14
00000111
20202112
02222120
11112100
22111210
21200120
20000100
20000000
47
00000111
20202112
02222120
12112100
22121210
22200120
22010100
20000000
13
00000111
20202112
11111120
11112100
22121222
22200120
22010100
20000000
74
00000111
20202112
11111110
11112110
22121222
22200220
22012100
20000000
51
00001111
20201112
11111120
11112210
22122222
22220220
22012100
20000000
77
00001111
20201112
11111120
11112220
22121222
22220120
22012120
20000020
68
00001111
20201112
11111120
11112220
22121222
22220220
22022120
20020120
31
00101111
20101112
11111120
11112220
22121222
22220220
22022220
20022220
11
12101111
10201112
11121120
11112220
22121222
22220220
22022220
20022220
42
12101111
12211112
12211120
12122220
22122222
22220220
22022220
20022220
88
12101111
11211112
12111120
12112220
22121222
22220120
22022222
20022221
86
12101111
11211112
12111120
12112120
22122212
22222111
22022221
20022221
41
12111111
11111112
11111120
12112122
22122222
22222211
22022221
20022221
38
12111111
11111112
11111120
12112122
22122222
22222211
22022221
20111111
28
12111111
11111112
11111120
11112122
21122222
22222211
22222221
21111111
83
