00000000
00000000
00000000
00021000
00012000
00000000
00000000
00000000
56
00000000
00000000
00000000
00021000
00012000
00001200
00000000
00000000
65
00000000
00000000
00000000
00022200
00011200
00001200
00000000
00000000
74
00000000
00000000
00000000
00022210
00012100
00002200
00002000
00000000
43
00000000
00000000
00010002
00011220
00012200
00002200
00002000
00000000
58
00000000
00000000
00010002
00011220
00011200
00002200
00021000
00001000
75
00000000
00000000
00012002
00012220
00012110
00002100
00021000
00001000
62
00000000
00020100
00012002
00012220
00012110
00002100
00021000
00001000
73
00000000
00020100
00012222
00012210
00012110
00002100
00021000
00001000
37
00000000
00020100
00012222
00012210
00012210
00002200
00111200
00001000
68
00000000
00220100
00022122
00012110
00012110
00002100
00111100
00001100
72
00000000
00220110
00022112
00012110
00012210
00002220
00111100
00001100
46
00000020
00220220
00022122
00012120
00011220
00012220
00111100
00001100
33
00000020
00220220
00121122
00022120
00021220
00022220
00122100
00021100
36
00000020
00220220
00121222
00022120
00021220
00222220
02222100
00021100
28
00000020
00220220
00121222
00022120
00221220
00222220
02122100
01021100
51
00001020
00210220
00121222
00022120
00221220
00222220
02122200
01022220
31
00101020
00110220
00121222
00022120
00221220
00222220
02222200
01222220
82
00101020
00110221
02221212
00022120
00221220
00222220
02222200
01222220
26
00101020
00112221
02222212
00012120
00121220
01222220
01222200
01222220
13
00101020
00112221
11111112
00012120
00121220
22222220
02222200
01222220
61
02101120
00211121
11121112
00012120
00121220
22222220
02222200
01222220
84
02101120
00211121
11121111
00012111
00121220
22222220
02222200
22222220
34
02101120
20211121
12111111
00212111
00121220
22222220
02222200
22222220
81
02221111
20221111
12121111
00222111
00121220
22222220
02222200
22222220
25
02221111
22221111
12211111
00122111
01121220
22222220
02222200
22222220
17
02221111
22221111
22211111
20122111
02121220
21222220
12222200
22222220
24
02221111
22211111
22111111
21122111
22221220
22222220
12222200
22222220
87
02221111
22211111
22111111
21121111
22221120
22222222
12222201
22222220
11
11111111
11211111
12111111
11121111
12221120
12222222
12222202
22222222
85
11111111
11211111
12111111
11121111
12221111
12222222
12222202
22222222
77
