00000000
00000000
00000000
00222000
00021000
00000000
00000000
00000000
35
00000000
00000000
00000000
00222000
00211000
02000000
00000000
00000000
43
00000000
00200000
00020000
00212000
00211000
02000000
00000000
00000000
24
00000000
00200000
00020000
01112000
00221000
02200000
00000000
00000000
25
00000000
00200000
02020000
02112000
02111000
02200000
00000000
00000000
63
00000000
00200000
02022100
02121000
02211000
02200000
00000000
00000000
27
00000000
00200000
02222100
02221000
02211000
02100000
01000000
00000000
42
00000000
00210000
02212100
02212000
02222000
02102000
01000000
00000000
64
00000000
00210000
02211100
02211100
02222000
02102000
02000000
02000000
57
00000000
00210000
02211100
02222220
02221000
02101000
02001000
02000000
22
00000000
01110000
02111100
02212220
02222000
02221000
02001000
02000000
14
00000000
21110000
02111100
11212220
02222000
02221000
02001000
02000000
17
00000000
21110200
02111200
11212220
02122000
01221000
12001000
02000000
13
20000000
22110200
11211200
11222220
02122000
01221000
12001000
02000000
37
20000000
22110200
11211200
11222220
02122000
01221000
12101000
22000000
47
20002000
22120200
11211200
11212220
01112000
01111000
12111000
22000000
21
21002000
21120200
11211200
11212220
02112000
21111000
22111000
22000000
72
22202000
21220210
11211100
11211220
02112000
21111000
22111000
22000000
52
22202000
21111110
11211100
11211220
02212000
21211000
22211000
22200000
85
22202200
21112210
11221200
11211210
02212001
21211000
22211000
22200000
75
22202200
21112222
11221200
11211110
02212011
21211000
22211000
22200000
15
22202200
21122222
11222200
11211210
11112021
21211002
22211000
22200000
87
22202200
21122222
11222200
11211210
11122021
21212001
22222201
22200000
81
22202201
21122212
11222100
11212210
11122221
21212001
22222201
22200000
58
22202201
21122212
11222100
11212222
11122221
21112001
22212201
22201000
41
22212201
21111222
11212102
11212222
11122221
21112001
22212201
22201000
78
22212201
21111222
11212222
11112222
11112221
21111001
22212101
22201010
76
22212201
21111222
11212222
11111222
11112122
21111012
22212102
22201012
71
22211111
21111112
11211212
11111212
11112222
22222222
22212102
22201012
68
22211111
21111112
11211212
11111212
11112222
22212222
22212102
22222222
77
