00000000
00000000
00000000
00021000
00012000
00000000
00000000
00000000
65
00000000
00000000
00000000
00021000
00012100
00000200
00000000
00000000
56
00000000
00000000
00000000
00022200
00011200
00001200
00000000
00000000
53
00000000
00000000
00001000
00021200
00022200
00022200
00000000
00000000
75
00000000
00000000
00001020
00021200
00022210
00022200
00000000
00000000
74
00000000
00000000
00021020
00022110
00022210
00022200
00000000
00000000
67
00000000
00000000
00022220
00022110
00022110
00022100
00000100
00000000
32
00000000
00100000
00012220
00021120
00022222
00022100
00000100
00000000
36
00000000
00120000
00022220
00021120
00012222
00111100
00000100
00000000
83
00000000
00120000
00022221
00022110
00022122
00211100
02000100
00000000
86
00000000
00120000
00022221
00022110
00022112
00221101
02020100
00000000
37
00000000
00120000
00022221
00022110
00021112
00212101
02120200
00000020
68
00000000
02220000
00022221
00022110
00021112
00212101
02120100
00000120
38
00000000
02220000
00022221
00022110
00021112
00211102
02110102
00100120
62
00000000
02220100
00022121
00022110
00021112
00211102
02120102
00102220
18
00000000
02220100
00022121
00022120
00011222
00111122
01120202
10102220
33
00000000
02220120
00111221
00012120
00011222
00111122
01120202
10102220
82
00000000
02220111
00111211
00012120
00011222
00111122
22220202
10102220
28
00000000
02220111
02222211
00012120
00011222
00111122
22120202
11102220
31
00100020
02210121
02221221
00012120
00011222
00111122
22120202
11102220
16
00100020
02210121
02221221
00012120
00011222
12222222
11120202
11102220
13
20100020
02210121
11211221
00022120
00012222
12222222
11120202
11102220
15
20120020
02220121
11221221
00022120
10012222
11222222
11120202
11102220
48
20120020
02220121
11221221
00222120
10022222
11212222
11110202
11112220
88
20120220
02220221
11221221
00222120
10022222
11212222
11110202
11111111
51
20111220
02222221
11222221
00222120
10022222
11212222
11110202
11111111
57
22222220
02221221
11221221
00221120
10021222
11211222
11111202
11111111
12
22222220
21211221
22221221
20221120
10021222
11211222
11111202
11111111
24
22222220
21211221
21222221
22221120
10221222
11211222
11111202
11111111
77
22222220
21211221
21222221
22221120
10221222
11211122
11111112
11111111
81
22222221
21211211
21222121
22221120
10221222
11211122
11111112
11111111
25
22222221
21211211
21212121
21121120
11111222
11111122
11111112
11111111
84
