00000000
00000000
00020000
00022000
00021000
00000000
00000000
00000000
53
00000000
00000000
00021000
00021000
00022000
00000200
00000000
00000000
33
00000000
00002000
00112000
00022000
00022000
00000200
00000000
00000000
61
00000100
00201000
00122000
00022000
00022000
00000200
00000000
00000000
63
00000100
00201020
00111200
00022000
00022000
00000200
00000000
00000000
65
00002100
00202020
00112200
00022000
00022100
00000200
00000000
00000000
83
00002100
02202010
00212201
00022000
00022100
00000200
00000000
00000000
35
00002100
02202010
00212201
00022000
00121100
00200200
00000000
00000000
11
10002100
01202010
00222201
00222000
00221100
00200200
00000000
00000000
25
10002220
01201010
00212201
00122000
01111100
00200200
00000000
00000000
27
10002222
01201020
00212201
00122000
01111100
00100200
01000000
00000000
21
11002222
01101020
00212201
02222000
01111100
00100200
01000000
00000000
13
11002222
01121020
10222201
01222000
01111100
00100200
01000000
00000000
23
11202222
01221020
11222201
01122000
01111100
00100200
01000000
00000000
64
11202222
01221020
11222201
01112100
01112100
00102200
01000000
00000000
74
11202222
01221020
11222101
01112110
01112200
00102220
01000000
00000000
41
11112222
01111020
11212101
22222110
01112200
00102220
01000000
00000000
67
11112222
01111020
11212101
22222222
01112100
00101120
01000100
00000000
87
11112222
21111020
22212101
22222222
01112100
00101110
01000101
00000000
75
11112222
21111020
22222221
22222222
01112110
00101110
01000101
00000000
62
11112222
21111120
22221121
22212122
01122110
00102110
01000201
00000020
15
11112222
11111120
12121121
11212122
12122110
20102110
01000201
00000020
46
11112222
11111122
12121122
11212122
12111110
20111110
01000201
00000020
26
11112222
11111122
12121122
12212122
12111110
22111110
02000201
02000020
68
11112222
11111122
12121122
12212122
12212120
22122210
02002101
02000120
37
11112222
11111122
12121122
12222122
12221120
21222210
02222101
02000120
18
11112222
11111122
12121122
12221122
12211120
21122220
01222221
12000120
17
11112222
11111122
12121122
12221122
12211120
11122220
11222221
12002220
38
11112222
11111122
12121122
12221122
12211120
11121220
11122221
11122220
85
11112222
11111122
12121122
12221112
12211112
11121222
11122221
11122220
88
