00000000
00000000
00000000
00021000
00012000
00000000
00000000
00000000
43
00000000
00000000
00012000
00012000
00012000
00000000
00000000
00000000
66
00000000
00000000
00012000
00222000
00011000
00000100
00000000
00000000
63
00000000
00000000
00011100
00221000
00021000
00020100
00000000
00000000
25
00000000
00000000
00011100
02221000
01021000
00020100
00000000
00000000
14
00000000
00000000
02011100
11211000
01021000
00020100
00000000
00000000
32
00000000
20100000
02011100
11211000
01021000
00020100
00000000
00000000
22
00000000
21100000
01011100
11222200
01022000
00020100
00000000
00000000
65
00000000
21100000
01011100
11221100
01022100
00020200
00000020
00000000
35
00000000
22220000
01021100
11221100
01121100
00020200
00000020
00000000
21
01000000
21120000
01012100
11221200
01122220
00020200
00000020
00000000
36
01000000
21120000
01012100
11221200
01212220
02220200
00000020
00000000
41
01010000
21110000
01222100
11221200
01212220
02220200
00000020
00000000
37
01210000
21120000
01122100
11121200
01112220
02120200
00100020
00000000
16
01210000
21120000
01122100
11121200
01112220
11120200
00200020
02000000
52
01210000
21111000
02111100
11221200
01122220
11122200
00200020
02000000
74
01210000
21111000
02111100
11221110
01222220
12122200
20200020
02000000
27
01210000
21111000
02111100
11221110
01222220
11222200
22200020
22000000
38
01222000
21112000
02112100
11122110
01122220
11122200
21100020
22100000
57
01222000
21112000
02112200
11122120
01122222
11112200
21101020
22100000
13
01222000
21112000
11112200
11122120
01122222
11122200
22221020
22100000
61
01111100
21111000
11112200
11122120
01122222
11122200
22222020
22100200
76
01111100
21111000
11112220
11121220
01122122
11111110
22222020
22100200
88
01111100
22222200
11112220
11121220
01122122
11111110
22222010
22100201
83
01111100
22222220
11111221
11122220
01122122
11111110
22222010
22100201
71
01111110
22222110
21211211
22122210
22222112
22111110
22222010
22100201
11
11111110
21222110
21111211
22112210
22221112
22111110
22222010
22220201
58
11111112
21222120
21111211
22112210
22221112
22111110
22211010
22221201
82
11111112
21222112
21111212
22112222
22221122
22111210
22212010
22221201
78
11111112
21222112
21111212
22112222
22221222
22111220
22212012
22221111
67
11111112
21222112
21111112
22112122
22221122
22111120
22211112
22221111
86
