00000000
00000000
00020000
00022000
00021000
00000000
00000000
00000000
53
00000000
00000200
00022000
00021000
00021000
00000000
00000000
00000000
32
00000000
00100200
00012200
00022000
00021000
00000000
00000000
00000000
46
00000000
00100200
00012200
00012000
00021000
00210000
00000000
00000000
73
00000000
00100200
00011120
00012002
00021000
00210000
00000000
00000000
65
00000000
00120200
00021120
00021002
00021100
00210000
00000000
00000000
31
00100000
00110200
00021120
00022002
00021200
00210020
00000000
00000000
87
00100000
00110200
00011120
00021002
00021100
00222010
00000001
00000000
37
00100000
00110200
00011120
00021022
00021200
00212010
00100001
00000000
34
00100000
00110200
00222220
00111022
00021200
00212010
00100001
00000000
67
00100000
00110200
00222220
00121022
00012200
00222210
00100101
00000000
75
00100000
00110200
02222220
00221022
00021110
00222210
00100101
00000000
72
00100000
00110210
02222110
00221012
00021110
00222210
00200101
02000000
64
00100000
00110222
02221120
00221212
00022110
00222210
00200101
02000000
26
00100000
00110222
02221120
00221212
00022210
01111210
00200201
02000200
48
00100000
00110222
02221120
00221212
00022210
22222210
00100201
02010200
71
00100010
00112222
02222110
00222212
00022210
22222210
00100201
02010200
51
00101010
00112122
02222222
00222222
00022210
22222210
00100201
02010200
47
00101010
00112122
02212222
00222222
00222210
22212210
00110201
02010200
61
00101110
02222222
02212222
00222222
00222210
22212210
00110201
02010200
24
00101110
02212222
02112222
01222222
00122210
22212210
00120201
02012200
11
10101110
01212222
02112222
01222222
00122222
22212220
00120201
02012200
57
10101110
01211222
02111222
02221222
02221222
22211220
00111201
02012200
12
10101110
11211222
02111222
22121222
02211222
22211220
00111201
02012200
27
10101110
11211222
01111222
21121222
01211222
21212220
02221201
02222200
86
10101110
11211222
22222222
22121122
01211212
21211111
02221201
02222200
17
10101110
11211222
22222222
22121122
01211212
21211111
22111201
22222200
78
10101110
11211222
22222222
22121122
01212222
21211221
22222221
22222210
88
12101110
12211222
22122222
22111122
01211222
21211121
22222211
22222211
15
12221110
12222222
12122222
11111122
11211222
21211121
22222211
22222211
81
