00000000
00000000
00020000
00022000
00021000
00000000
00000000
00000000
35
00000000
00000000
00020000
00022000
00112000
00000200
00000000
00000000
42
00000000
00010000
00010000
00012000
00122000
00200200
00000000
00000000
64
00000000
00010000
00210000
00021100
00122000
00200200
00000000
00000000
24
00000000
00010000
00112000
01022100
00122000
00200200
00000000
00000000
62
00000000
00010100
00111000
01012100
02222000
00200200
00000000
00000000
56
00000000
00010100
00111000
01011100
02221000
00202200
00000200
00000000
26
00000000
00012100
00112000
01012100
01122000
01202200
00000200
00000000
37
00000000
00012100
00112000
01012100
01122000
01202200
02100200
00000000
77
00000000
00012100
00112000
01012100
01122200
01202200
02100210
00000000
57
00000000
00012100
00112000
21012100
02122200
01202200
02101110
00000000
28
00020000
00022100
00122000
21022100
02122200
01202200
01101110
01000000
51
00021020
00011200
00122000
21021100
02121200
01201200
01101110
01000000
73
00022220
00012100
00122010
21021100
02121200
01201200
01101110
01000000
74
00022220
00012100
00122010
21021110
02121100
01202200
01101210
01000020
34
00022220
00012100
00122010
21111110
02121100
01202200
01101222
01000020
68
00022220
00012200
00122210
21112110
02121100
01202100
01101122
01000120
86
00022220
00012200
00122210
21112210
02122220
01202101
01101112
01000120
72
00022220
00011112
00122120
21111210
02112220
01102101
01101112
01000120
85
00022220
00011112
00122120
21121210
02122111
01122101
01101112
01000120
32
00022220
00111112
00112120
21121220
02122121
01122221
01101122
01000120
15
00022220
00111112
00112120
21121220
11122121
01122221
01102122
01020120
88
00022220
00111112
00112120
21111220
11121121
01122121
01102211
01022111
47
02022220
00211112
00122120
21112220
11111221
01111121
01111111
01022111
38
02022220
00211112
00122120
21212220
22111221
22222221
01111111
01111111
22
22022220
02111112
00222120
21222220
22112221
22222221
01111111
01111111
83
22022222
02111122
00222211
21222210
22112121
22221221
01111111
01111111
23
22022222
02111122
01111111
21122210
22112121
22221221
02111111
21111111
84
22022222
02111122
21111111
22122211
22212111
22221121
02111111
21111111
12
22222222
12221122
21212111
22222211
22212111
22221121
02111111
21111111
17
