00000000
00000000
00020000
00022000
00021000
00000000
00000000
00000000
35
00000000
00000000
00020000
00022000
00211000
02000000
00000000
00000000
53
00000000
00000000
00021000
00022200
00211000
02000000
00000000
00000000
73
00000000
00000000
00021010
00022100
00221000
02020000
00000000
00000000
37
00000000
00000000
00021010
00022100
00222200
02010000
00100000
00000000
24
00000000
00000000
00021010
01022100
02222200
02010000
00100000
00000000
17
00000000
00000000
00021010
01222100
02122200
01010000
10100000
00000000
15
00000000
00000000
00021010
01222220
11122200
01010000
10100000
00000000
33
00000000
00000000
00111010
01122220
11122200
01020000
10120000
00000000
56
00000000
00000000
20111010
02121220
11211200
01021000
10120000
00000000
84
00000000
00000000
20111210
02121211
11211200
01021000
10120000
00000000
57
00000000
00000000
20111210
02121211
12211200
02021000
12111000
00000000
16
00000000
00000000
20111210
02121211
11211200
12021000
12222200
00000000
72
00000000
00000010
20111112
02121221
11211200
12021000
12222200
00000000
66
00000000
00000010
20111112
02121122
11211102
12021100
12222200
00000000
36
00000000
02000010
20211112
02121122
11111102
11111100
12222200
00000000
75
00000000
02020010
20221112
02121112
11111112
11111100
12222200
00000000
14
00000000
02020012
20221122
11121212
11112112
11121100
12222200
00000000
77
00000200
02020022
20221122
11121212
11112112
11121100
11111110
00000000
23
00000200
02020022
21111122
11121212
11112122
11121102
11111110
00000000
12
00000200
12020022
11111122
11121212
11112222
11121202
11112220
00000200
51
00001200
12010222
11112222
11121212
11112222
11121202
11112220
00000200
81
00001221
12010222
11112122
11121212
11112222
11121202
11112220
00000200
11
10001221
11010222
11112122
11121212
11112222
11122202
11122220
00200200
48
10001221
11012222
11112222
11121222
11112222
11112202
11112220
00210200
58
10001221
11012222
11112222
11122222
11121222
11211202
12111220
20211200
28
10001221
11222222
11222222
11222222
11221222
11211202
11111220
21111200
31
12101221
11222222
11122222
11122222
11121222
11111202
11111220
21111200
41
12111221
11112222
11112222
11112222
11111222
11111202
11111220
21111200
87
12111221
11112221
11112221
11112221
11111221
11111201
11111121
21111202
78
12111221
11112221
11112221
11112221
11111221
11111201
11111121
21111112
76
