00000000
00000000
00000000
00012000
00022200
00000000
00000000
00000000
66
00000000
00000000
00000000
00222000
00021200
00000100
00000000
00000000
64
00000000
00000000
00000000
00222100
00021200
00000120
00000000
00000000
33
00000000
00000000
00100000
00212220
00021200
00000120
00000000
00000000
86
00000000
00000000
00100000
00212220
00021200
00000211
00000200
00000000
58
00000000
00000000
00100000
00212220
00022200
00002211
00000100
00001000
35
00000000
00000000
00120000
00122220
00122200
00002211
00000100
00001000
32
00000000
00100000
00110200
00122220
00122100
00002211
00000100
00001000
83
00000000
00100000
00110201
02222210
00122100
00002211
00000100
00001000
46
00000000
00102000
00120201
02212210
00112100
00011111
00000100
00001000
73
00000000
00102000
00120211
02222110
00121100
00021111
00020100
00001000
15
00200000
00202000
00220211
01222110
10121100
00021111
00020100
00001000
41
00210000
00201020
00220211
01222110
10121100
00021111
00020100
00001000
25
00210000
00201020
20210211
02122110
11221100
00021111
00020100
00001000
53
00210000
00201020
22211111
02221110
11221100
00021111
00020100
00001000
61
00210100
00201010
22211111
02222222
11221100
00021111
00020100
00001000
42
00210100
00211010
22111111
01222222
11221200
00021211
00020200
00001200
26
00210100
00211010
22111111
01212222
11122200
01022211
00022200
00001200
78
00222100
00212010
22112111
01212222
11122200
01022211
00022200
00001110
85
00222100
02212010
22212111
01222211
11122201
01022211
00022200
00001110
21
01111100
01112012
21212121
01222211
11122201
01022211
00022200
00001110
75
01111100
01112012
21211121
01222111
12111111
21022211
00022200
00001110
81
01111121
01112021
21211121
01222111
12111111
21022211
00022200
00001110
77
01111121
01112021
21211121
01222111
12111111
22022111
02022210
00001110
28
01111121
01112021
21211121
22222111
21111111
21022111
01022210
01001110
48
01111121
01112021
21211121
22222111
21111211
21012121
01011222
01011110
62
22222221
02111111
21211111
22222111
21111211
21012121
01011222
01011110
88
22222221
02111111
21211111
22222111
22221211
22222121
01011211
01011111
37
22222221
22111111
22111111
22222111
22121211
22112121
01111211
01011111
17
22222221
22111111
22111111
22222111
22221211
21212121
12221211
01211111
18
