00000000
00000000
00000000
00012000
00022200
00000000
00000000
00000000
66
00000000
00000000
00020000
00022000
00021200
00000100
00000000
00000000
53
00000000
00000000
00022200
00022000
00021200
00000100
00000000
00000000
75
00000000
00000000
00022200
00022000
00022110
00002100
00000000
00000000
33
00000000
00000000
00122200
00012000
00022222
00002100
00000000
00000000
73
00000000
00020000
00121110
00022000
00022222
00002100
00000000
00000000
57
00000000
00020000
00121110
00021000
00022222
00001200
00001020
00000000
36
00000000
00020000
00121110
00021000
00222222
00101200
00001020
00000000
26
00000000
00022000
00122110
00012000
00122222
01101200
00001020
00000000
62
00000000
00022100
00121210
00012020
00122222
01101200
00001020
00000000
41
00010000
00012220
00111220
00012020
00122222
01101200
00001020
00000000
76
00010000
00012220
00111220
00011020
00122122
01102120
00001220
00000000
71
00010010
00012120
00111220
00011220
00122222
01102220
00001220
00000000
83
00010010
00012120
00111111
00011220
00122222
01102220
00002220
00002000
47
00010010
00012120
00111111
00011210
00122122
01201220
02012220
00002000
78
00010010
00012120
00111111
00011210
00122112
01201210
02012210
00002210
18
00010010
00012120
00111111
00011210
00112112
01101210
01012220
10002222
81
00010011
00012110
00111111
00011210
00112122
01101222
01012220
10002222
46
00010011
00012222
00111111
00011110
00111122
01111222
01012220
10002222
61
00010111
00011112
00111111
00211110
00121122
01112222
01012220
10002222
24
00010111
00011112
00111111
01111110
00121122
22222222
01012220
10002222
25
00010111
00011112
02111111
01211110
01121122
21122222
01012220
10002222
87
00012111
00012112
02112111
01212110
01122122
21122212
01011111
10002222
22
00012111
01012112
01112111
22212110
02122122
21222212
01021111
10002222
13
00222111
01022112
11112111
21212110
02122122
21222212
01021111
10002222
37
00222111
01022112
11112111
21212110
02121122
21122212
01122111
10022222
15
20222111
02022112
11212111
11222110
11122122
21122212
01122111
10022222
17
20222111
02022112
11212111
11222110
11222122
11222212
11222111
10222222
21
21111111
21022112
12212111
11222110
11222122
11222212
11222111
10222222
84
21111111
22222112
12222111
11222111
11222121
11222211
11222111
10222222
28
