00000000
00000000
00000000
00021000
00012000
00000000
00000000
00000000
43
00000000
00000000
00010000
00011000
00222000
00000000
00000000
00000000
36
00000000
00000000
00010000
00011000
00212000
00200000
00200000
00000000
66
00000000
00000000
00010200
00012000
00221000
00200100
00200000
00000000
26
00000000
00000000
00010200
00012000
00122200
01200100
00200000
00000000
75
00000000
00000000
00010200
00012000
00111110
22200100
00200000
00000000
17
00000000
00000000
00010200
00012000
00111110
21200100
20200000
20000000
53
00000000
00000200
00012200
00021000
00211110
22200100
20200000
20000000
73
00000000
00000200
00011110
00021000
00222222
22200100
20200000
20000000
27
00000000
00200200
00021110
00022000
00212222
22100100
21200000
20000000
64
00000000
00200200
00021110
00022100
00222122
22220100
21200000
20000000
21
01000000
00100202
00011120
00021200
00222122
22220100
21200000
20000000
74
01000000
00100202
00011120
00022222
00222122
22220100
21200000
20000000
33
01000000
00100202
00111120
00012222
00222222
22222100
21200000
20000000
47
01000000
00100222
00111220
00012222
00212222
22212100
21110000
20000000
34
01000000
00120222
00112220
00112222
00112222
22112100
21110000
20000000
51
01001000
00110222
00112220
00112222
00112222
22122100
22210000
22000000
86
01001000
00110222
00111220
00112122
00112212
22122102
22210002
22000000
83
01001000
00110222
00111121
00112122
00112222
22122222
22210002
22000000
57
01001000
00110222
00111121
00111122
00111222
22111222
22212002
22020000
88
01001000
00110222
02222221
00111121
00111221
22111221
22212001
22020001
58
01021000
00220222
02222221
00111121
00111221
22111221
22211001
22021001
71
01021010
00220122
02221221
00111121
00111221
22112221
22221001
22221001
22
01021010
01220122
02121221
00111121
00111221
22112221
22222201
22221001
81
01021011
01220111
02121121
00211121
02222221
22212221
22222201
22221001
14
01021011
01220111
02221121
12211121
02222221
22112221
22212201
22221001
13
01021011
01220111
11111121
11211121
02122221
22112221
22212201
22222201
77
01021011
01220111
11111111
11211111
02121211
22112111
22211211
22222221
31
01111011
01112111
11122111
11212111
02122211
22112111
22211211
22222221
15
21111011
02112111
11222111
11222111
11122211
22112111
22211211
22222221
61
