00000000
00000000
00000000
00222000
00021000
00000000
00000000
00000000
33
00000000
00200000
00200000
00212000
00021000
00000000
00000000
00000000
22
00000000
22200000
00100000
00212000
00021000
00000000
00000000
00000000
24
00000000
22200000
00120000
01122000
00021000
00000000
00000000
00000000
35
00000000
22200000
00120000
01122000
00211000
02000000
00000000
00000000
42
00000000
22210000
00210000
01122000
00212000
02000200
00000000
00000000
64
00000000
22210000
00220000
01112100
00212200
02000200
00000000
00000000
25
00000000
22210000
00220000
01122100
01122200
02020200
00000000
00000000
53
00000000
22210000
00221020
01112200
01122200
02020200
00000000
00000000
11
10200000
21220000
00122020
01112200
01122200
02020200
00000000
00000000
77
10200000
21220000
00122020
01112200
01122200
02022100
00000010
00000000
74
10200000
21220000
00222020
01211110
01222200
02222100
00000010
00000000
16
10200000
21220000
00222220
01212210
01222200
11111100
00000010
00000000
62
10202000
21220200
00221120
01212110
01222100
11111100
00000010
00000000
61
10202100
21220100
00221120
01212110
01222100
11112100
00000210
00000000
84
10202100
21220100
00221110
01212111
01222100
11122100
00020210
00000000
37
10202100
21220120
00221210
01212111
01221100
11112100
00120210
00000000
57
10202100
21220120
00221210
01222111
01222100
11111200
00111120
00000002
75
10202100
21220122
00221220
01222211
01222110
11111100
00111120
00000002
52
10202100
21111122
00211120
01122211
01222110
11121100
00211120
02000002
81
10222101
21121112
00221120
01122211
01222110
11121100
00211120
02000002
13
10222101
11121112
10221120
01122211
01222120
11121102
00211120
02000002
87
10222101
11121112
10221120
01122211
01222120
12121102
20211111
02000002
21
11111101
11121112
10221120
01122211
01222120
12122102
20211211
02000022
85
11111121
11121222
10222120
01122211
01222111
12122101
20211211
02000022
18
11111121
11121222
10222120
01122211
01222111
12222101
12211211
12000022
23
11111121
11121222
11111120
01122211
01222111
12222101
12212211
12000222
38
11111121
11121222
11111120
01122221
01122221
12122221
11112221
11100222
83
11111121
11121211
11111111
22222211
01122121
12121221
11112221
11100222
58
11111121
11121211
11111111
22222211
01122121
12121211
11222121
11122222
15
