00000000
00000000
00000000
00012000
00022000
00002000
00000000
00000000
46
00000000
00000000
00000000
00012000
00222000
00012000
00000000
00000000
66
00000000
00000000
00000000
00012000
00222000
00022100
00002000
00000000
47
00000000
00000000
00002000
00022000
00212000
00012100
00012000
00000000
43
00000000
00000000
00012000
00012000
00212000
00022100
00222000
00000000
26
00000000
00000000
00012000
02012000
00212000
01022100
00222000
00000000
64
00000000
00000000
00012000
02011100
20212000
02022100
00222000
00000000
42
00000000
00012000
00012000
02012100
20212000
02022100
00222000
00000000
67
00000000
00012000
00222000
02022100
20212000
02021100
00222100
00000000
22
00000000
01012000
00122000
02012100
20211000
02021100
00222220
00000000
63
00000000
01012000
00111100
02011100
20222200
02022200
00222220
00000000
51
00021000
01021000
00121100
02021100
20222200
02022200
00222220
00000000
88
00021000
01021000
00121100
02011100
20221200
02022100
00222222
00000001
75
00022200
01022000
00121100
02011100
20221110
02022100
00222222
00000001
17
00022200
01022000
00121100
02011100
20122222
01022100
10222222
00000001
13
00022200
01022000
10121100
01011100
20122222
01022220
10222222
00000001
48
20022200
02022000
10221100
01021100
20112222
01012220
10112222
00010001
31
22222200
01012000
10221100
01021100
20112222
01012220
10112222
00010001
32
22222200
02212000
12211100
01021100
20112222
01012220
10112222
00010001
68
22222200
02212000
12211100
01021100
20112122
01012120
10111222
00010121
86
22222200
02212000
12211100
01021100
20112112
01012111
12222211
00010121
12
22222200
11112000
12211200
01022220
20112222
01012121
12222221
00010121
73
22222200
11112020
12211220
01022120
20111222
01012121
12222221
00010121
83
22222200
11112020
12211111
01022120
20111222
01012121
12222221
00012221
71
22222210
11112012
12211121
01022220
20112222
01022121
12222221
00012221
38
22222210
11112012
12221121
01222210
20122122
01022121
12212221
00112221
16
22222210
11112012
12221121
01222210
20122122
11022121
11212221
02222221
36
22222210
11112222
12222221
01221210
20112122
11111121
11212221
02222221
18
22222222
11112222
12222221
01221210
20112122
11111121
11212221
11111111
84
22222222
21112222
22222221
22221211
20112111
11111121
11212221
11111111
25
