00000000
00000000
00000000
00012000
00022000
00002000
00000000
00000000
64
00000000
00000000
00000020
00011200
00022000
00002000
00000000
00000000
66
00000000
00000000
00020020
00021200
00021000
00002100
00000000
00000000
35
00000000
00000000
00020020
00021200
00211000
02002100
00000000
00000000
57
00000000
00000000
00020020
00021200
00222000
02021100
00001000
00000000
34
00000000
00000000
00020020
00111200
00212000
02021100
00002000
00000200
74
00000000
00000000
00020020
00111120
00212020
02021200
00002000
00000200
77
00000000
00000000
00020020
00112120
00222220
02021100
00002010
00000200
47
00000000
00000000
00020020
02222120
00212220
02011100
00012010
00000200
42
00000000
00010000
00010020
02212120
00212220
02021100
00222010
00000200
83
00000000
00010000
00012021
02222210
00212120
02021100
00222010
00000200
36
00000000
00010000
00012021
02222210
00212120
02111102
00222020
00000200
84
00000000
00010000
00012021
02222211
00222210
02112202
00222220
00000200
33
00000000
00010000
00112021
02122211
02222210
02212202
00222220
00000200
16
00000000
00010000
00112021
22122211
02222210
11212202
00222220
00000200
38
00000000
00010000
00112021
22122211
02122110
11211202
00122220
00102200
78
00000000
00010000
00112021
22122211
02122222
11211202
00122120
00102210
88
00000000
00010000
00112021
22112211
02121222
11222222
00122210
00102211
13
00000000
00010002
10112022
21112212
02121222
11222222
00122210
00102211
62
00000000
00010102
10111022
21112212
02121222
12222222
02222210
00102211
28
00002000
00010202
10111022
21112212
01121222
11212222
01122210
01102211
71
00002010
00010102
10111022
21112212
01121222
11212222
01122222
01102211
63
00002010
00020102
10211122
22111212
22222222
11112222
01122222
01102211
81
00002011
00020101
12211121
22211211
22222221
11112221
01122221
01102211
22
20002011
02020101
11211121
21221211
21222221
11112221
01122221
01102211
21
21002011
01020101
11211121
21221211
21222221
22112221
22222221
01102211
31
22222011
01020101
11221121
21221211
21222221
22112221
22222221
01102211
48
22222011
01220101
12221121
21221211
21222211
22112121
22211221
01111111
12
22222211
11220201
11221221
21121211
21212211
22111121
22211121
01111111
72
22222211
11222211
11222111
21122211
21212211
22111121
22211121
01111111
18
