00000000
00000000
00000000
00012000
00022200
00000000
00000000
00000000
64
00000000
00000000
00002000
00012100
00022200
00000000
00000000
00000000
46
00000000
00000000
00002000
00012220
00011200
00010000
00000000
00000000
52
00000000
00001000
00001000
00011220
00012200
00020000
00200000
00000000
76
00002000
00002000
00002000
00012220
00012100
00020010
00200000
00000000
47
00002000
00002000
00002000
00022220
00222100
00010010
00210000
00000000
28
00002000
00002000
00002000
00022220
00222100
00020010
00112000
01000000
63
00002000
00002000
00002220
00022220
00222100
00020010
00112000
01000000
82
00002000
00002001
00002210
00022120
00222200
00012010
00112000
01000000
84
00002000
00002001
00002210
00022211
00222220
00012010
00112000
01000000
41
00012000
00001201
00002210
00022211
00222220
00012010
00112000
01000000
72
00222000
00001111
00002210
00022211
00222220
00012010
00112000
01000000
24
00222000
00001111
20002210
02022211
00222220
00022010
00112000
01000000
58
00222000
00001111
20001222
02021221
00221220
00021010
00111000
01001000
66
00222200
00001121
20001122
02021121
00221110
00021110
00111000
01001000
81
00222201
00001111
20001122
02021121
00221210
00022110
00121000
01201000
33
00222201
00001111
20101122
02011122
00221222
00022110
00121000
01201000
86
00222201
00021111
20201121
02011121
00221211
00022111
00121000
01201000
32
00222201
00122111
20222221
02022121
00221211
00022111
00121000
01201000
22
00222221
01122221
20122221
02012121
00221211
00022111
00121000
01201000
21
01111111
01122221
20122221
02012121
00221211
00222111
00221000
01201000
15
01111111
01122221
20122221
01012121
10221211
00222111
00221000
22201000
48
01111111
01122221
20122221
01012121
10211211
00212211
00222200
22211000
27
01111111
01122221
22222221
01012121
10211211
00112211
01222200
22211000
26
01111111
22222221
22222221
01012121
10111211
01112211
01122200
22211000
14
01111111
22122221
21222221
11012121
10111211
01112211
01122200
22222200
34
01111111
22121221
21112221
11112121
10111211
01112221
01122202
22222200
77
01111111
22121221
21112221
21112121
20111211
22222111
02111112
22222200
88
01111111
22121221
22112221
22112121
22222211
22222111
02111111
22222201
17
01111111
22121221
22112221
22112121
22122221
21222121
11111221
22222221
11
