00000000
00000000
00000000
00021000
00012000
00000000
00000000
00000000
56
00000000
00000000
00000000
00022200
00011000
00001000
00000000
00000000
53
00000000
00020000
00002000
00021200
00011000
00001000
00000000
00000000
33
00000000
00020000
00202000
02011200
00011000
00001000
00000000
00000000
62
00000000
00020100
00201000
02222200
00011000
00001000
00000000
00000000
63
00000000
00020100
00201100
02221200
00021000
00002000
00000200
00000000
57
00000020
00020200
00202100
02221200
00021000
00001000
00001200
00000000
73
00000020
00020200
00202110
02222100
00022000
00002000
00002200
00002000
61
00000120
00020100
00202110
02222220
00022000
00002000
00002200
00002000
35
00000120
00020102
00201120
02212220
00122000
00002000
00002200
00002000
66
00000120
00022102
00202220
02212220
00121000
00002100
00002200
00002000
43
00020120
00022102
00212220
02212220
00121000
00002100
00002200
00002000
48
00020120
00022102
00212220
02212220
00121000
00002100
00022200
00012000
84
00020120
00022102
00212210
02221111
00122000
00002200
00022220
00012000
65
00020120
00022102
00212222
02221121
00111200
00002200
00022220
00012000
46
00020120
00022102
00212222
02221121
02222200
00012200
00012220
00012000
76
00020120
00022102
00212222
02221122
02222102
00011120
00012220
00012000
22
20020120
02022102
00212222
02221122
02222102
00011220
00012220
00012000
51
20021120
02021102
00212222
02221222
02222222
00011220
00012220
00012000
87
20021120
02021102
00212222
02221222
02222122
00011210
00011121
00012002
15
20021120
02011102
00112222
01221222
11121122
00012210
00011221
00012022
36
20021120
02011102
00112222
01221222
12111122
20112210
00011221
00012022
17
20021120
02011102
00112222
01222222
12121122
10212210
12011221
00012022
72
20221120
02021112
00112212
01222212
12121112
10212210
12011221
00012022
38
20221120
02021112
00112212
01222212
12221112
12212210
11011221
00112022
81
20221111
02021112
00112212
01222212
12221112
12212210
12011221
02222022
18
20221111
02221112
00212112
01221212
12211112
12112210
11011221
12222022
86
20221111
02221111
20212111
02221211
12211111
12112211
11011221
12222022
23
20221111
02221111
22112111
22221211
12211111
11212211
11021221
12222022
68
20221111
02221111
22112111
22221211
12212111
11222111
11221111
11111122
21
