00000000
00000000
00000000
00021000
00012000
00000000
00000000
00000000
43
00000000
00000000
00012000
00012000
00012000
00000000
00000000
00000000
66
00000000
00000000
00012000
00222000
00011000
00000100
00000000
00000000
63
00000000
00000000
00011100
00221000
00021000
00020100
00000000
00000000
35
00000000
00000000
00011100
00222200
00112000
00020100
00000000
00000000
57
00000000
00000000
00011100
00222200
00122000
00020100
00021000
00000000
56
00000000
00000000
00011100
00221200
02221000
00021100
00021000
00000000
15
00000000
00020000
00022100
00221200
11111000
00021100
00021000
00000000
36
00000000
00020000
00022100
00221200
11112000
00111200
00021020
00000000
73
00000000
00020000
00022110
00222100
11111200
00112200
00021020
00000000
75
00000000
00020000
00022222
00222100
11111110
00112100
00021020
00000000
72
00000000
00020010
00022122
00221200
11212110
00222100
00221020
00000000
67
00000000
00020010
00022122
00222200
11212210
00222220
00221120
00000000
23
00000000
00020010
01022122
00122200
11212210
00222220
00221220
00000020
74
00000000
00020010
01022112
00111210
11212220
00222222
00221220
00000020
58
00000000
00020210
01022212
00111210
11212220
00122222
00211220
00001020
84
00000002
00020220
01022212
00111211
11212210
00122122
00211220
00001020
32
00000002
00120220
01012212
00111211
11212210
02222122
00211220
00001020
61
02000102
00220120
01022112
00112111
11212210
02222122
00211220
00001020
48
02000102
20220120
02022112
00212111
11222210
01222122
00111220
00011020
82
02000102
20220111
02022111
00212111
11222210
01222122
02222220
00011020
85
02000102
20220111
02022111
00212111
12222211
22222112
02222120
00011020
52
02000102
20221111
02021111
00211111
12221211
22221122
02221122
00011020
88
02000102
20221111
02021111
00211111
12221211
22221221
02222211
00011221
38
02000102
20221111
02021111
20211111
22221211
22221221
02212211
00111221
33
02000122
20221221
02112121
20121121
22221221
22121221
02112211
00111221
22
02000122
21111221
02112121
22221121
22221221
22121221
02112211
00111221
17
02002222
21122221
02212121
22221121
22221221
22121221
11112211
00111221
31
22102222
22112221
02211121
22221121
22221221
22121221
11112211
00111221
13
22222222
21122221
11121121
12221121
12221221
12121221
12212211
02222221
18
