00000000
00000000
00000000
00021000
00012000
00000000
00000000
00000000
65
00000000
00000000
00000000
00022200
00011100
00000000
00000000
00000000
73
00000000
00000000
00000010
00022220
00011100
00000000
00000000
00000000
83
00000000
00000000
00000011
00022210
00012100
00002000
00000000
00000000
46
00000000
00000000
00000011
00222110
00021100
00012000
00000000
00000000
35
00000000
00000000
00000011
00222110
00121100
00022000
00020000
00000000
57
00000000
00000000
00000011
00222110
00221100
02011000
00021000
00000000
24
00000000
00000000
00000211
01112110
00121100
02011000
00021000
00000000
48
00000000
00000000
00000211
01112110
00121100
02012000
00011200
00010000
43
00000000
00000000
02010211
01211110
00121100
02012000
00011200
00010000
25
00000000
00020000
02020211
01121110
01121100
02012000
00011200
00010000
77
00000000
00020000
02022211
01122110
01122100
02012000
00011110
00010000
41
00010000
00010000
02012211
01112210
01112220
02012000
00011110
00010000
76
00010000
00010000
02012211
01111210
01112210
02012210
00011110
00010000
22
00010000
01010000
01012211
01111210
01112210
02012210
00011210
00010200
78
00010000
01010000
01012211
22222210
01112210
02011210
00011110
00010210
27
00010000
01010000
01012211
22222210
02222210
01222210
01011110
00010210
33
00010000
01010000
01112211
22212210
02221210
01222120
01011112
00010210
58
00010000
01010000
01112211
22212210
02221210
01222120
02011112
20011110
62
00010000
21010100
02111111
22212110
02221110
01222120
02011112
20011110
16
00010000
21010100
02111111
22112110
01221110
11222120
02222222
20011110
13
00010000
21010100
11111111
21112110
01122222
11212120
02221222
20011110
86
00010200
21010200
11111211
21112210
01122212
11212111
02221212
20011110
11
10010200
11010200
11111221
21112222
01122212
11212111
02221212
20011110
15
10010200
11012200
11112221
11112222
11122212
11212111
02221212
20011110
88
10210200
11022200
11112221
11112222
11122212
11212111
02221211
20011111
82
10210200
11022201
11112211
11122122
11221212
12212111
22221211
20011111
28
10222200
11022201
11112211
11122122
11221212
11212111
21121211
21011111
72
10222200
11222211
11222111
11222122
11211212
11112111
21121211
21011111
38
10222202
11222222
11222212
11222112
11211112
11111111
21111211
21111111
71
10222212
11222112
11221212
11212112
11111112
11111111
21111211
21111111
21
