00000000
00000000
00000000
00021000
00012000
00000000
00000000
00000000
43
00000000
00000000
00012000
00012000
00012000
00000000
00000000
00000000
62
00000000
00000100
00211000
00022000
00012000
00000000
00000000
00000000
63
00000000
00000100
00211100
00021000
00222000
00000000
00000000
00000000
36
00000000
00000100
00222220
00021000
00212000
00100000
00000000
00000000
84
00000000
00000100
00222210
00022201
00212000
00100000
00000000
00000000
25
00000000
00000100
00222210
00022201
01212000
02100000
00000000
00000000
27
00000000
00000100
00222210
00022201
01222000
01120000
01000000
00000000
23
00000000
00000100
01111110
00022201
01222000
01220000
01200000
00000000
75
00000000
00000100
01111110
00022101
01222010
02220000
22200000
00000000
56
00000020
00000200
01112110
00021101
01221010
02221000
22200000
00000000
16
00000020
00020200
01122110
00021101
01221010
11111000
22200000
00000000
32
00000020
00120202
01112120
00021201
01222010
11121000
22200000
00000000
66
00000020
00120202
01212120
02011201
02221010
12121100
22200000
00000000
41
00010020
00110202
01212120
02011201
02222210
12121100
22200000
00000000
83
00010020
00110202
01212111
02011201
02222210
12122220
22200000
00000000
38
00010020
00110202
01212111
02011201
02222220
12122222
21100000
00100000
18
00010020
00110202
01212111
02222201
02222220
12122222
11100000
10100000
15
00010020
00110202
01112111
01222201
12222220
12122222
12200000
12100000
67
00010020
00110222
01112211
01122101
12212120
12121122
12200100
12100000
81
00010021
00110211
22222111
02121101
12212120
12121122
12200100
12100000
52
00010021
00111111
22211111
02121101
12212120
12221122
12220100
12100000
12
02010021
10211111
21221111
02122101
12212220
12221122
12220100
12100000
22
02010221
11112211
21121211
02112201
12211220
12221122
12220100
12100000
14
02010221
11112221
11121221
11112221
12211220
12221122
12220100
12100000
87
02010221
11112221
11112221
11112221
12212120
12222212
12222101
12100000
51
22011111
12112121
11212211
11122221
12212120
12222212
12222101
12100000
31
22111111
11112121
11212211
11122221
12212120
12222212
12222201
12100200
85
22111111
11111121
11212111
11122211
12212111
12222211
12222201
12220200
78
22111111
11111121
11212121
11122221
12212121
12221221
12222221
12220210
88
22111111
11111121
11112121
11112221
12211121
12221121
12222211
12220211
58
