00000000
00000000
00020000
00022000
00021000
00000000
00000000
00000000
53
00000000
00000000
00021000
00022200
00021000
00000000
00000000
00000000
33
00000000
00200000
00121000
00012200
00021000
00000000
00000000
00000000
42
00200000
00220000
00112000
00012200
00021000
00000000
00000000
00000000
74
00200000
00220000
00212000
00211110
00021000
00000000
00000000
00000000
52
00200000
00221000
00211000
00222222
00021000
00000000
00000000
00000000
46
00200000
00221000
00222200
00212222
00011000
00010000
00000000
00000000
24
00202000
00222000
00222200
01112222
00011000
00010000
00000000
00000000
61
00202100
00221000
00212200
01222222
00211000
00010000
00000000
00000000
23
00202100
00221000
22222200
02122222
00211000
00010000
00000000
00000000
85
00202220
00221000
22222100
02122212
00211001
00010000
00000000
00000000
36
00202220
00221000
22222100
02122212
00121001
00120000
00020000
00000000
37
00202220
00221000
22222100
02122212
00121001
00210000
02220000
00000000
38
00202220
00221000
22222100
02122212
00221001
02110000
02120000
00100000
14
00202220
00221000
22222100
11122212
00221001
02120000
02122000
00100000
56
00202220
00221020
22222200
11122212
00211001
02111000
02112000
00100000
68
00202220
00221020
22222200
11122212
00212001
02121000
02211000
02100100
17
00202220
00221020
22222200
11122212
00212001
02122200
11111000
02100100
83
00202220
00221020
22222201
11122211
00212001
02122200
11222000
02220100
25
00222220
00222020
22222201
11122211
01112001
01122200
11222000
02220100
67
00222220
00222020
22222201
11122211
01112201
01122200
11121100
02220100
58
00222220
00222020
22222201
11122211
01122201
01222200
12111100
22221100
62
00222220
00222120
22221101
11112111
01122201
01222220
12111100
22221100
22
00222220
01121120
21122101
11112211
01122221
01222220
12111100
22221100
73
00222220
01121120
21222111
22112111
22221221
02212220
12211100
22221100
87
00222220
22221120
22212111
22211111
22221121
02212210
12211101
22221100
16
00222220
22221122
22212121
22111211
21222121
11122210
12211101
22221100
21
01222220
21121122
21212122
21111212
21222122
11122222
12211101
22221100
77
01222220
21121122
21212122
21121212
21222112
11122212
12211122
22221102
81
21111111
22121112
21212122
21121212
21222112
11122212
12211122
22221102
78
