00000000
00000000
00000000
00021000
00012000
00000000
00000000
00000000
65
00000000
00000000
00000000
00022200
00011100
00000000
00000000
00000000
33
00000000
00000000
00100000
00012200
00021100
00200000
00000000
00000000
74
00000000
00000000
00100200
00012110
00021100
00200000
00000000
00000000
35
00000000
00000000
00100200
00222110
00211100
00200000
00000000
00000000
37
00000000
00000000
00100200
00122110
00111200
00100020
00100000
00000000
52
00000000
00001000
00100100
00122222
00111200
00100020
00100000
00000000
75
00000000
00001000
00100100
00122222
00112220
00100220
00100000
00000000
77
00000000
00001200
00100200
00112222
00111220
00100120
00100010
00000000
73
00000000
00001200
00100210
00112112
00111210
00100210
00100210
00000000
72
00000000
00001110
00100110
00111112
00111210
00100222
00100210
00000000
87
00000000
00001110
00100110
00111112
00111110
00100212
00100221
00000200
58
00000000
00001110
00102110
00111212
00111120
00100212
00100121
00001200
88
00000200
00001210
00102210
00111212
00111120
00100112
00100111
00001201
85
00000200
00001210
00102210
00111212
00111121
00100211
00102111
00001201
83
00002200
00002210
00102211
00111211
00111121
00100211
00102111
00001201
71
00002210
00002110
00101211
00111211
00111121
00100211
00102111
00022201
47
00002210
00002110
00101211
00111211
00111121
02100211
00211111
00022201
42
00202210
00021110
00102211
00111211
00111121
02100211
00211111
00022201
56
00222210
00022110
00102211
00111211
00111121
02101111
00211111
00022201
16
00222210
00022110
00102211
00121211
00211121
12101111
20211111
00022201
21
01111110
00222110
00202211
00221211
00211121
12101111
20211111
00022201
43
01111110
00111110
00211111
00211211
00212121
12221111
20222111
00022201
24
01111110
00111110
00111111
22222211
00212121
12221111
20222111
00022201
28
01111110
00111110
00111111
22222111
00211121
12211111
20222111
01222201
25
01111110
00111112
00111121
22122211
01112121
12221111
20222111
01222201
18
01111110
00111112
02222221
22122211
01112121
12221111
10222111
11222201
78
01111110
00111112
02222221
22122211
22222121
12221111
10222111
11111111
27
01111110
02222222
02222121
22121211
22212121
12121111
11111111
11111111
12
01111110
12222222
22222121
22121211
22212121
12121111
11111111
11111111
81
