00000000
00000000
00000000
00021000
00012000
00000000
00000000
00000000
34
00000000
00000000
00000000
00111000
00222000
00000000
00000000
00000000
46
00000000
00000000
00200000
00221000
00212000
00010000
00000000
00000000
64
00000000
00000000
00200000
00222220
00211000
00010000
00000000
00000000
22
00000000
01000000
00102000
00222220
00211000
00010000
00000000
00000000
25
00000000
01000000
00102000
00222220
01221000
00210000
00000000
00000000
73
00000000
01000020
00102020
00222120
01221000
00210000
00000000
00000000
37
00000000
01000020
00102020
00122220
01122000
00120000
00200000
02000000
38
00000000
01000020
00102020
00122220
01122000
00220000
02100000
02100000
18
00000000
01000020
00102020
00122220
01222000
02220000
02100000
11100000
63
00000000
01002020
00102220
00121220
01212000
02120000
01100000
11100000
16
00000000
01002020
00102220
02221220
01212000
11120000
01100000
11100000
14
00000000
01002020
00122220
11121220
01222000
11120000
01100000
11100000
83
00000000
01022020
00122111
11121220
01222000
11120000
01100000
11100000
75
00000000
01022020
00222111
12121210
22222010
11120000
01100000
11100000
66
00000000
01022020
00122111
12111210
22221010
11220100
01120000
11100000
23
00000000
01022220
01122211
11111210
21221010
11220100
01120000
11100000
58
00000000
01022222
01122221
11111210
21221010
11120100
01110000
11101000
31
00100000
01012222
01122221
11112110
21222010
11122100
01110000
11101000
57
00100000
01012222
01122221
11112110
21122010
12122100
01221000
11121000
71
00100010
01012112
01121211
11112210
21122210
12122100
01221000
11121000
51
00121010
01022112
01121211
11112210
21122210
12122100
01221000
11121000
32
00121010
01111112
01121211
11112220
21122222
12122100
01221000
11121000
86
00121010
01111112
01121211
11112120
21122212
12122201
01222200
11121000
17
00121010
22222222
02121211
11212120
21122212
11122201
11222200
11121000
81
00121011
22222211
02121111
11211120
21112222
11122221
11222200
11121000
11
10121011
21222211
02121121
11211122
21112222
11122221
11222200
11121000
87
12221011
22222211
02121121
11211122
21112122
11122211
11222201
11121000
68
12221011
22222211
02121121
11211122
21112122
11112111
11221201
11122220
77
12222211
22222211
02121121
11211122
21112122
11112111
11221111
11122220
88
