00000000
00000000
00000000
00021000
00012000
00000000
00000000
00000000
34
00000000
00000000
00000000
00111000
00222000
00000000
00000000
00000000
26
00000000
00000000
00002000
00112000
00122000
01000000
00000000
00000000
46
00000000
00000000
00002000
00112000
02222000
01010000
00000000
00000000
24
00000000
00000000
00022000
01122000
01122000
01010000
00000000
00000000
52
00000000
00001000
00012000
22222000
01122000
01010000
00000000
00000000
63
00000000
00001000
00011100
22222000
01122000
01020000
00200000
00000000
23
00000000
00001020
01011200
21222000
01122000
01020000
00200000
00000000
56
00000000
00001020
01011200
21121000
21111000
02021000
00200000
00000000
57
00000000
00021020
01021200
21121000
21111000
02011000
00201000
00000000
31
00100000
00011220
01022200
21121000
21111000
02011000
00201000
00000000
17
00100000
00011220
01222200
22121000
21111000
01011000
10201000
00000000
64
00100000
00011220
01221200
22121100
21112000
01011200
10201000
00000000
75
00100200
00012220
01221200
22121100
21112010
01011100
10201000
00000000
32
00100200
02222220
02211200
22121100
21112010
01011100
10201000
00000000
48
00100200
02222220
02212200
22121200
21112020
01011102
10101000
00010000
65
00100200
02222220
02212200
22221200
21121220
01012202
10101200
00010000
13
00100200
01222220
11112200
21221200
21122220
01022202
10201200
02010000
85
00100200
01222220
11112200
21221220
21111211
01022202
10201200
02010000
21
01100200
01122220
11112200
21221222
21111222
01022202
10201200
02010000
78
01100200
01122220
11112200
21221222
22111222
21021202
10201100
02010010
81
01100201
22222210
22112100
21221222
22111222
21021202
10201100
02010010
11
11100201
11222210
12112100
11221222
12111222
12021202
12201100
02010010
73
11100201
11222210
12112110
11221122
12111222
12021202
12202200
02010210
36
11100221
11222220
12112120
11221122
11111222
11111202
12202200
02010210
77
11100221
11222220
12112120
11221122
11112222
11111202
12202220
02010222
58
11100221
11222220
12112120
11221122
11122222
11122202
12222220
02011222
83
11100221
11222220
12112111
11221122
11122222
11122202
12222220
02222222
41
11112221
11112220
11112111
11221122
11122222
11122202
12222220
02222222
18
11112221
11112222
11112122
11221222
11122222
11122202
11222220
12222222
76
11112221
11112222
11112122
11221222
11122122
11111112
11222220
12222222
87
