00000000
00000000
00000000
00021000
00012000
00000000
00000000
00000000
43
00000000
00000000
00010000
00011000
00222000
00000000
00000000
00000000
66
00000000
00000000
00010000
00011000
00222200
00000100
00000000
00000000
76
00000000
00000000
00010000
00011000
00222100
00000210
00000020
00000000
88
00000000
00000000
00010000
00011000
00222220
00000110
00000010
00000001
46
00000000
00000000
00010000
00011000
00212220
00010120
00000012
00000001
74
00000000
00000000
00010000
00011010
00212222
00010110
00000012
00000001
25
00000000
00000000
00010000
00011010
01112222
00010210
00002012
00000001
68
00000000
00000000
00010002
00011020
01112222
00010210
00001012
00000101
86
00000000
00000000
00010002
00011020
01112222
00020211
00201011
00000101
56
00000000
00200000
00020002
00012020
01111222
00021111
00201011
00000101
42
00000000
00210000
00010002
00222020
01111222
00021111
00201011
00000101
28
00000000
00210000
00010002
00222020
01221222
00211111
00101011
01000101
33
00000000
00210000
00110002
00112020
01121222
00111211
00102011
01020101
22
00000000
01110000
02110002
00212020
01121222
00111211
00102011
01020101
63
20000000
02110000
02210102
00221020
01112222
00111211
00102011
01020101
58
20000000
02110000
02210102
00221020
01212222
00211211
00201011
01221101
84
20000000
02110000
02210102
00221021
02212211
20211111
00201011
01221101
15
20000000
02110000
02210102
00221021
11122211
20212211
00201211
01221101
82
20000000
02110001
02210101
00221021
11122221
20212221
00201221
01222221
24
20000000
02110001
02110101
01111021
11122221
20212221
00201221
22222221
26
22000000
02210001
02120101
01112021
11122221
21112221
00201221
22222221
31
22100000
02110001
22120101
02112021
11222221
21122221
00202221
22222221
64
22102000
02120001
22220101
02111111
11222211
21122221
00202221
22222221
12
22102000
11120001
21220101
02111111
11222211
22122221
20202221
22222221
41
22112000
11110021
21210201
02112111
11222211
22122221
20202221
22222221
62
22112000
11110111
21210101
22112111
21222211
22122221
20202221
22222221
27
22112000
11112111
21220101
22212111
22222211
21122221
21202221
22222221
53
22112020
11112211
21112101
22222111
22222211
21122221
21202221
22222221
47
22112022
11112221
21112201
22212111
22212111
21111221
21111111
22222221
73
22112022
11112221
21111111
22212111
22212111
21111221
21111111
22222221
61
