00000000
00000000
00000000
00012000
00022200
00000000
00000000
00000000
46
00000000
00000000
00000000
00012000
00022200
00210000
00000000
00000000
26
00000000
00000000
00200000
00022000
00022200
01110000
00000000
00000000
63
00000000
00000000
00200100
00022200
00012200
01110000
00000000
00000000
75
00000000
00000000
00200100
00022200
00012210
01110200
00000000
00000000
43
00000000
00000000
00210100
00012200
00012222
01110200
00000000
00000000
23
00000000
02000000
01210100
00022200
00012222
01110200
00000000
00000000
67
00000000
02020000
01220100
00022100
00012122
01110100
00000100
00000000
41
00010000
02010000
01210120
00012200
00012122
01110100
00000100
00000000
11
10010000
01010020
01110220
00012200
00012122
01110100
00000100
00000000
81
10010001
01010010
01110120
00011200
00222122
01110100
00000100
00000000
25
10010021
01010020
01110120
00011200
01111122
01110100
00000100
00000000
84
10010021
01010020
01110220
00012201
01121112
01210100
02000100
00000000
82
10010021
01010021
01110210
00012101
01121112
01220100
02020100
00000000
86
10010021
01010021
01110220
00012221
01121111
01220101
02020100
00000000
56
10010021
01010021
01110220
00012221
01121221
01111121
02020100
00000000
34
10010021
01210021
01120220
00112221
01111221
01111121
02020100
00000000
48
10010021
01210021
01120220
00212221
02111221
22222221
02010100
00010000
14
10010021
01210021
01120220
10212221
01211221
22222221
02210100
00010000
18
10010021
01210021
01120220
10212221
01211221
22122221
02210100
12010000
17
10010021
01210021
01120220
10212221
01111221
21122221
11110200
12010200
57
10010021
01210021
01120220
10212221
22222211
21111121
11111200
12010200
83
10010021
01210021
22220221
20212211
22222111
21111121
11111200
12010200
61
10010111
22210011
22220221
20212211
22222111
21111121
11111200
12010200
62
10012111
22220111
22220111
20212111
22222111
21111121
11111200
12010200
78
10012111
22220111
22220111
20212111
22222111
21111221
11111120
12010210
53
10012111
22220111
22221111
20211111
22221111
21211221
12211120
12210210
88
10222111
22220111
22221111
20211111
22221111
21211121
12211110
12210211
21
11111111
22122111
22221111
20211111
22221111
21211121
12211110
12210211
87
11111111
22122111
22222111
20212111
22222111
21212111
12222111
12222211
24
