00000000
00000000
00000000
00021000
00012000
00000000
00000000
00000000
65
00000000
00000000
00000000
00021000
00012100
00000200
00000000
00000000
34
00000000
00000000
00002000
00112000
00012100
00000200
00000000
00000000
67
00000000
00000000
00002000
00122000
00222100
00000100
00000100
00000000
33
00000000
00000000
00102000
02222000
00221100
00000100
00000100
00000000
43
00000000
00002000
00122000
02221000
00221100
00000100
00000100
00000000
51
00001200
00002000
00121000
02221000
00221100
00000100
00000100
00000000
36
00001200
00002200
00122000
02121000
00111100
00100100
00000100
00000000
73
00001220
00002200
00122010
02121000
00111100
00100100
00000100
00000000
32
00001220
00102200
02222010
02121000
00111100
00100100
00000100
00000000
42
00001220
00112200
02222010
02211000
02111100
00100100
00000100
00000000
64
00001220
00112200
02221010
02222220
02111100
00100100
00000100
00000000
72
00001220
00111110
02221010
02222220
02112100
00100200
00000120
00000000
87
00022220
00221110
02221010
02222220
02112100
00100200
00000111
00000000
56
00022220
00222222
02221020
02221220
02111100
00101200
00000111
00000000
14
00022220
00222222
02221020
11111220
01111100
00101200
00000211
00000200
13
00022220
00222222
11112020
11121220
01211100
02101200
00000211
00000200
31
00122220
00122222
11112020
11121220
01211200
02102200
00020211
00000200
27
00122220
00122222
11112020
11121220
01211200
01202200
01220211
00000200
63
00122220
00122222
11211120
12121220
22211200
02202200
01220211
00000200
57
00122220
00122222
11211120
12121220
22211200
02201200
01212111
00020200
38
00122220
00122222
11211120
12121220
22222200
02222200
01122111
00120200
22
00122220
01122222
11111120
12111220
22221200
02222220
01122111
00120200
16
00122220
01122222
11111120
12111220
11221200
12222220
02122111
20120200
81
00111111
22222212
12111120
12211220
11221200
12222220
02122111
20120200
75
00111111
22222212
12111210
12211120
11222222
12222210
02122111
20120200
21
01111111
21122212
11111220
11211122
11222222
12222210
02122111
20120200
58
01111111
21122212
11111220
11211122
11221222
12121210
02211111
22222200
86
21111111
22122212
11211220
11221122
11222212
12121211
02211111
22222200
83
21111111
22122211
11211111
11221111
11222111
12121211
02211121
22222202
17
