00000000
00000000
00020000
00022000
00021000
00000000
00000000
00000000
33
00000000
00000000
00120000
00222000
00021000
00000000
00000000
00000000
35
00000000
02000000
00220000
00122000
00111000
00000000
00000000
00000000
11
10000000
01000000
00120000
00112000
00112000
00002000
00000000
00000000
65
10000000
01000000
00120000
00112000
00121100
00202000
00000000
00000000
64
10000000
01000000
02220000
00211100
00121100
00202000
00000000
00000000
46
10000000
01000000
02220000
00222220
00111200
00212000
00000000
00000000
57
10000000
01000000
02220000
00222220
00211200
02211000
00001000
00000000
27
10000000
01000000
02220000
00222220
00221200
02122000
01021000
00000000
66
10000000
01000000
02220000
00222220
00222200
02111200
01021020
00000000
42
10000000
01010000
02210000
00212220
00212200
02112200
01022020
00002000
73
10000000
01010000
02210210
00212220
00211200
02112200
01022020
00002000
32
10000000
01110000
02222210
00122220
00211200
02112200
01022020
00002000
84
10000000
01110000
02222210
00112111
00221200
02212200
02022020
20002000
25
10020000
01220000
02222210
00112111
01111200
02212200
02022020
20002000
88
10020000
01220000
02222210
00212111
02111200
22212100
02022010
20002001
52
10020000
01111000
02222222
00211121
02111200
22212100
02022010
20002001
72
10020000
01111010
02222122
00211221
02112200
22222100
02222010
20002001
68
10020000
01111010
02222122
00211222
02112202
22212100
02221010
20002101
12
10020000
11211010
02222122
20111222
02112202
22212100
02221010
20002101
62
10220000
11221110
02222122
20111222
02112202
22212100
02221010
20002101
15
12220000
12221110
02222122
20111222
11112202
22212100
02221010
20002101
17
12220000
12221110
02222122
20111222
11112202
11212220
11111010
20002101
67
12220000
12221110
02222122
20111122
11112102
11221120
11211110
22002101
82
12220000
12221111
02222112
20111122
11112202
11222120
11221110
22202101
75
12220000
12221111
02222112
22222222
12211112
12222110
12221110
22202101
51
11111200
12212221
02122212
21222222
12211112
12222110
12221110
22202101
86
11111200
12212221
02122211
21222221
12211121
12222121
12221220
22202221
87
11111200
12212221
22122211
22222221
12211121
12222111
12221111
22202221
71
11111112
12212121
22121211
22212221
12111121
11222111
12221111
22202221
48
