00000000
00000000
00000000
00012000
00022200
00000000
00000000
00000000
66
00000000
00000000
00000000
00012000
00022200
00002100
00000000
00000000
64
00000000
00000000
00000200
00012100
00022100
00002100
00000000
00000000
47
00000000
00000000
00000200
00012200
00022200
00002200
00010200
00000000
74
00000000
00000000
00000200
00011110
00022100
00022200
00010200
00000000
62
00000000
00000100
00000100
00011110
00022100
00022200
00020200
00200000
68
00000000
00000100
00000100
00011110
00022100
00022220
00020100
00200100
85
00000000
00000100
00000120
00011210
00022101
00022210
00020100
00200100
57
00000000
00000100
00020120
00021210
00021101
00021210
00021100
00200100
33
00000000
00000100
00120120
00011210
00021101
00021210
00022220
00200100
37
00000000
00000100
00120120
00011210
00021101
00011210
02222220
00200100
58
00000000
00000100
00120122
00011220
00021201
00012210
02221120
00201100
42
00000000
02010100
00210122
00021220
00022201
00012210
02221120
00201100
34
00000000
02010100
00210122
00111220
00012221
00011220
02221120
00201100
32
00000200
02110200
00110222
00111220
00012221
00011220
02221120
00201100
82
00000200
02110201
00110212
00111120
00222221
00011220
02221120
00201100
78
00000200
02110201
00110212
00111110
00222211
00011210
02222110
00221110
28
00000200
02110201
00110222
00111112
00222221
00011210
02122110
01111110
52
00000202
02111202
00110122
00111112
00222221
00011210
02122110
01111110
25
00000202
02112202
00120122
00211112
02111111
20011210
02122110
01111110
72
00000202
02111112
00120112
00211112
02111111
20011210
02122120
01111112
23
00000202
02111122
01120212
00112112
02121111
20222210
02122120
01111112
87
02000202
02211122
01120212
00112112
02121111
20222210
02122111
01111112
11
12000202
01211122
01120212
00112112
02121112
20222222
02122112
01111112
71
12020212
01222112
01120212
00112112
02121112
20222222
02122112
01111112
51
12021112
01212112
02120212
20112112
02121112
20222222
02122112
01111112
13
12021112
22212112
22120212
20212112
02121112
20222222
02122112
01111112
53
12021112
22211112
22111112
20211112
02121112
20222222
02122112
22222222
31
11111112
22111112
22111112
22211112
02221112
20222222
02122112
22222222
17
11111112
22111112
22111112
22211112
02221112
22222222
12222112
22222222
15
