00000000
00000000
00000000
00021000
00012000
00000000
00000000
00000000
34
00000000
00000000
00002000
00112000
00012000
00000000
00000000
00000000
65
00000000
00000000
00002000
02222000
00011100
00000000
00000000
00000000
63
00000000
00000000
00002220
02221000
00011100
00000000
00000000
00000000
52
00000000
00001000
00001220
02221000
00021100
00002000
00000000
00000000
72
00000000
00001210
00002120
02221000
00021100
00002000
00000000
00000000
35
00000000
00001210
00002120
02221000
00112100
00002200
00000000
00000000
47
00000000
00022210
00002120
02221000
00112100
00001200
00010000
00000000
61
00000100
00022110
00002120
02221000
00222100
00022200
00010000
00000000
67
00000100
00022110
00002120
02221000
00222100
00022220
00010100
00000000
41
00012100
00022210
00002120
02221000
00222100
00022220
00010100
00000000
74
00222100
00022210
00002110
02221010
00222100
00022220
00010100
00000000
36
00222100
00022210
00002210
02221020
00212102
00122220
00010100
00000000
14
00222100
00022210
00002210
11111020
00212102
00122220
00010200
00000200
25
00222220
00022220
00002220
11111020
01112102
00122220
00010200
00000200
77
00222220
00022220
00002220
11111020
01111102
00122120
00020210
00200200
86
00222220
00022220
02002220
11211020
01121102
00122111
00020210
00200200
81
00222221
00022210
02002120
11211020
01221102
00222111
00220210
00200200
28
00222221
00022210
02002120
11211020
01221102
00222111
00122210
01200200
27
00222221
00022222
02002120
11211020
01211102
00122111
01122210
01200200
58
00222221
00022222
22002120
12211020
01211102
00121111
01111110
01201200
43
00222221
00022222
22011120
12111020
02211102
02221111
01111110
01201200
22
00222221
01022222
21011120
11111020
01211102
01221111
01121110
01222200
21
01111111
01022222
22222220
11211020
01211102
01221111
01121110
01222200
12
01111111
11022222
11222220
11111220
01212202
01221211
01121210
01222200
83
01111111
11022211
11111111
11111210
01212102
02221211
22221210
01222200
78
21111111
12022211
11211111
11121210
01212102
02221211
22221110
01111110
32
21111111
11111111
11111111
11121210
01212102
02221211
22221120
01111112
18
21111111
21111111
21111111
21121210
22212102
02121211
21221120
11111112
75
21111111
21111111
21111111
21121110
22212112
02121112
21221122
11111112
16
