00000000
00000000
00000000
00222000
00021000
00000000
00000000
00000000
33
00000000
00000000
00120000
00222000
00021000
00000000
00000000
00000000
53
00000000
00200000
00211000
00221000
00021000
00000000
00000000
00000000
23
00000000
00200000
01111200
00222000
00021000
00000000
00000000
00000000
41
00010000
00100000
01111200
00222000
00022000
00002000
00000000
00000000
73
00010000
00100200
01112110
00222000
00022000
00002000
00000000
00000000
65
00210000
00200200
01212110
00221000
00022100
00002000
00000000
00000000
46
00210000
00200200
01212210
00222200
00012100
00012000
00000000
00000000
25
00222000
00200200
01212210
00122200
01012100
00012000
00000000
00000000
61
00222100
00200100
22212110
00122100
01012100
00012000
00000000
00000000
67
00222100
00200100
22212110
00222100
01222100
00011000
00000100
00000000
24
00222100
00200100
22212110
02111100
22222100
00011000
00000100
00000000
36
00222100
00200100
22212222
02111100
22112100
00111000
00000100
00000000
12
00222220
10200200
21212222
02111100
22112100
00111000
00000100
00000000
42
00222220
10210200
21211222
02111200
22112200
00111200
00000100
00000000
72
00222220
10210210
22211122
22111200
22112200
00111200
00000100
00000000
22
00222220
11110210
22111122
22211200
22122200
00112200
00000200
00000020
68
00222222
11110220
22111222
22212100
22122100
00112100
00000100
00000120
57
00222222
11110220
22111222
22211100
22121100
00111100
00001100
00002220
16
02222222
12110220
12111222
12111100
11121100
10111100
00001100
00002220
82
02222222
12222221
12112212
12112100
11122100
10112100
00002100
00002220
47
02222222
12222221
12112212
12112100
11122100
10121100
00021100
00022220
37
02222222
12222221
12112222
12112102
11121100
10111100
00111100
00022220
85
02222222
12222221
12212221
12212101
11221101
10211100
00211100
00222220
11
12222222
11222221
12112221
12212101
11221101
10211100
00222220
00222220
88
12222222
11222221
12112221
12212101
11221201
10222220
00222220
00222221
87
12222222
11222221
12112221
12211101
12221101
12222210
00222221
00222221
27
12222222
11222221
11112221
11222221
11211201
11122210
01111111
00222221
28
12222222
11222221
11112221
11222221
11221201
11222210
02111111
21111111
17
12222222
11222222
11112222
11222222
11221202
11222222
11111111
21111111
75
