00000000
00000000
00000000
00021000
00012000
00000000
00000000
00000000
34
00000000
00000000
00002000
00112000
00012000
00000000
00000000
00000000
66
00000000
00000000
00002000
02222000
00011000
00000100
00000000
00000000
33
00000000
00020000
00202000
02212000
00011000
00000100
00000000
00000000
22
00000000
01020000
00102000
02212000
00021000
00200100
00000000
00000000
15
00000000
01020000
00102000
01212000
10022000
00202100
00000000
00000000
62
00000000
01020100
00102000
01212200
10022000
00202100
00000000
00000000
35
00000020
01020200
00102000
01112200
10122000
00202100
00000000
00000000
51
00001020
01010200
00102000
22222200
10122000
00202100
00000000
00000000
37
00001020
01010200
00102000
22222200
10122000
00102220
00100000
00000000
63
00001020
01010200
00102100
22221200
10212000
00202220
00200000
00200000
73
20001020
02010100
00202110
22221200
10212000
00202220
00200000
00200000
27
20201020
02020100
00202110
22221200
10212000
00102220
01200000
00200000
67
20201020
02020100
00202110
22221200
10222000
00102220
01200200
00200020
57
20201020
02020100
00202110
22221200
10221000
00101220
01222200
00200020
58
20201020
02020100
00202222
22221200
10221000
00101220
01211200
00201020
65
20201220
02020200
00202222
22221200
10221200
00101220
01211200
00201020
32
20201220
02120200
00102222
22121200
10121200
00101220
22211200
00201020
12
20201220
11120200
00102222
22121200
10221200
02101220
22211200
00201020
84
20201220
11120100
00102212
22121201
20221200
22101220
22211200
00201020
43
22201220
11220100
00121112
22122201
20221200
22101220
22211200
00201020
75
22201220
11220100
00121112
22222101
22221110
22101120
22211200
00201020
68
22201220
11220100
00121112
22222101
22222110
22101220
22222220
00201120
82
22201220
11220101
00121111
22222101
22222110
22222220
22222220
00201120
52
22201220
11111101
00121111
22222101
22222222
22222220
22222220
00201120
81
22201111
11111101
00121111
22222101
22222222
22222220
22222220
00222220
18
22221111
11121101
00121111
22221101
22212222
22122220
21222220
10222220
28
22221111
22121101
20121111
22221101
22211222
22112220
21122220
11222220
86
22221111
22221101
22221111
22221101
22211211
22111111
21122220
11222220
87
22221111
22222101
22221211
22222221
22211221
22111121
21111121
11222220
72
22221111
22222111
22221111
22221221
22211221
22111121
21111121
11222220
88
