00000000
00000000
00000000
00012000
00022000
00002000
00000000
00000000
64
00000000
00000000
00200000
00021100
00022000
00002000
00000000
00000000
46
00000000
00000000
00200000
00021100
00021000
00222000
00000000
00000000
27
00000000
00000000
00200000
00221100
00021000
00122000
01000000
00000000
66
00000000
00000000
00200000
00221100
00022000
00111200
01000020
00000000
24
00000000
00000000
00200000
01111100
00022000
00121200
01200020
00000000
38
00000000
00000000
00220000
01121100
00022000
00121200
01100020
00100000
52
00000000
00001000
00210000
01121100
00022000
02221200
01100020
00100000
47
00000000
00001000
00210000
01211100
00222000
02211200
01110020
00100000
15
00000000
00001000
00210000
01211100
10222000
01211200
01120020
00102000
76
00000000
00001000
00210020
01211200
10222000
01211110
01120020
00102000
32
00000000
00101000
00110020
01111200
10122000
01112110
01120220
00102000
57
00000000
00101000
02110020
01211200
10121000
01111110
01111220
00102000
88
00000000
00101000
02110020
02211200
12221000
01211110
01121210
00102001
14
00000200
00102000
01120020
11211200
12221000
01211110
01121210
00102001
53
00000200
20102000
02111020
11211200
12221000
01211110
01121210
00102001
75
00020200
20202000
02111020
11211100
12221010
01211110
01121210
00102001
78
00020200
20202000
22111020
12211100
12221010
01211110
01121110
00102011
11
10020200
10222000
12221020
12221100
12221010
01211110
01121110
00102011
21
11020200
10122000
12211020
12221100
12222210
01212110
01121110
00102011
31
11120200
10112000
12211020
12221100
12222210
01212120
01122222
00102011
82
11120200
12222001
12211010
12221100
12222210
01212120
01122222
00102011
62
11122200
11122101
12212010
12222100
12222210
01212120
01122222
00102011
74
11122200
11122101
12212010
12222110
12222110
22211120
01112222
00102011
86
11122200
11122201
12212210
12222210
12222210
22211211
01112221
00102011
48
11122200
11122201
12212210
12222210
12222210
22211111
02111221
20112011
68
11122200
11122201
12212220
12222222
12222210
22211111
02111111
20111111
83
11122202
11122202
12211112
12222212
12222110
22211111
02111111
20111111
71
11111112
11122102
12211112
12222212
12222110
22221111
02211111
22111111
17
