00000000
00000000
00000000
00222000
00021000
00000000
00000000
00000000
33
00000000
00000000
00100000
00212000
00022000
00002000
00000000
00000000
66
00000000
00000000
00120000
00222000
00021000
00002100
00000000
00000000
53
00000000
00000000
00111200
00222000
00021000
00002100
00000000
00000000
57
00000000
00000000
00111200
00222000
00022200
00001100
00001000
00000000
76
00000000
00002000
00122200
00222000
00022100
00001110
00001000
00000000
23
00000000
00002000
01122200
00122000
00022100
00021110
00001000
00000000
32
00000000
00102000
22222200
00121000
00022100
00021110
00001000
00000000
22
00000000
01102000
22122200
00111000
00021100
00022110
00001200
00000000
72
00000000
01102010
22122100
00112000
00021200
00022120
00001202
00000000
64
00000000
01102010
22122200
00111120
00021200
00022120
00001202
00000000
42
00200000
02112010
22111200
00111120
00021200
00022120
00001202
00000000
36
00200000
02212010
22211200
00211120
00222200
00111120
00001202
00000000
11
10200000
01212010
22111200
00211120
00222200
02222220
00001202
00000000
73
12200000
02212010
22111110
00211120
00222200
02222220
00001202
00000000
62
12202000
02212110
22112110
00212120
00222200
02222220
00001202
00000000
12
12202000
11112210
22112120
00212122
00222200
02222220
00001202
00000000
17
12202000
11112210
22112120
00212122
00122200
01222220
10002202
00020000
47
12202000
11112210
22112120
00212222
00112220
01212220
10012202
00020000
41
11112002
11111220
22112220
00212222
00112220
01212220
10012202
00020000
83
11112002
11111220
22111111
00212212
02222120
01211220
10012202
00020000
37
11112002
11111220
22111111
00112212
02122120
22222220
10112202
00020000
71
11112012
11111110
22111111
00112212
02122120
22222220
20112202
20020000
68
11112012
11111110
22111111
00112212
02122120
22212120
20221102
20220100
24
11112012
11121110
21211111
02112212
22122120
22212120
20221102
20220100
77
11112012
11122222
21211122
02112212
22122110
22212110
20221112
20220100
27
11112012
11122222
21211122
01111212
21112120
21112222
21111112
20220100
61
11111112
11121122
21211122
01111212
21112120
21122222
21211112
22220100
14
11111112
11121122
11211122
11111212
21112120
21122222
21212212
22222100
85
11111112
11121122
11211122
11111212
21112111
21122222
21212222
22222220
88
