00000000
00000000
00000000
00222000
00021000
00000000
00000000
00000000
33
00000000
00200000
00200000
00212000
00021000
00000000
00000000
00000000
35
00000000
00200000
00200000
00212000
00221000
00200000
00000000
00000000
26
00000000
00200000
00220000
00222000
00121000
01200000
00000000
00000000
31
00100000
00100000
00120000
00222000
02221000
01200000
00000000
00000000
46
00100000
00100000
00120000
00222000
02222200
01110000
00000000
00000000
64
00100000
00100000
00120200
00222200
02221200
01110000
00000000
00000000
53
00100000
00102000
00121200
00211200
02121200
01110000
00000000
00000000
72
02100000
00202010
00121100
00211200
02121200
01110000
00000000
00000000
15
02100000
00202210
00121200
00211200
11121200
01110000
00000000
00000000
61
02100100
00201210
00111200
02222200
11121200
01110000
00000000
00000000
13
02100100
00201210
10111200
01222200
11121200
01210000
02000000
00000000
11
11100100
00201210
10111200
01222200
12121200
22210000
02000000
00000000
71
11100110
00201110
12222200
02222200
12121200
22210000
02000000
00000000
42
11102110
00212110
12112200
01212200
12111200
22210000
02000000
00000000
75
11102110
00212110
12111200
01212100
12222222
22210000
02000000
00000000
18
11102110
00212110
12111100
01211100
12222222
22222000
01000000
10000000
47
11102110
00212110
12111200
01222220
12212222
22212000
01010000
10000000
17
11102110
00212110
12111200
01212220
12112222
11212000
11020000
10200000
67
11102110
00212110
12111200
01212220
12112222
11221000
11220100
10200000
73
11102110
00212210
12111120
01212222
12112222
11221000
11220100
10200000
83
11102110
00212210
12111111
01212212
12122122
11222000
11220200
10200020
86
11102110
00212210
12111111
01212111
12122211
11222021
11220200
10200020
28
11102222
00212220
12111211
01212111
12121211
11212021
11120200
11200020
82
11122222
00222111
12121211
01222111
12121211
11212021
11120200
11200020
87
11122222
00122121
12111221
01221121
12121121
11212021
11120221
11200020
68
11122222
00122121
12111221
01221121
12121121
11212021
11120211
11202220
66
11122222
02222121
12211221
01221121
12121111
11211111
11120211
11202220
12
11122222
11112121
11212221
01122121
12112111
11212111
11122211
11202220
48
11122222
11212121
12212221
22222121
12112111
11212111
11111211
11112220
88
