00000000
00000000
00000000
00222000
00021000
00000000
00000000
00000000
35
00000000
00000000
00000000
00222000
00122000
00002000
00000000
00000000
33
00000000
02000000
00200000
00122000
00122000
00002000
00000000
00000000
53
00000000
02000000
00201000
02222000
00122000
00002000
00000000
00000000
13
00000000
02000000
10201000
01222000
00222000
00202000
00000000
00000000
57
00000000
02000000
10201000
01221000
00222000
00201200
00001000
00000000
42
00000000
02010000
10101000
01222200
00222000
00201200
00001000
00000000
74
00000000
02012000
10102000
01112110
00222000
00201200
00001000
00000000
76
00000000
02012000
10122000
01122110
00222000
00201110
00001000
00000000
37
00000000
02012000
10122000
01122222
00122000
00101110
00101000
00000000
46
00000000
02222000
10122000
01112222
00112000
00111110
00101000
00000000
65
00000000
02222000
10222000
02112222
20111100
00111110
00101000
00000000
14
00000000
02222000
10222000
11112222
20112100
00112110
00102000
00002000
41
00010000
02212000
10212000
11122222
20212100
02222110
00102000
00002000
73
00010000
02212000
10222010
11222122
22211100
02212110
00102000
00002000
21
01010000
02112000
12212010
12221122
22211100
02212110
00102000
00002000
48
01010000
02112000
12212010
12221122
22212100
02212210
00101020
00012000
12
01010000
11112000
11212010
12121122
22212100
02212222
00101020
00012000
67
01210000
11222000
11212010
12121122
22212100
02211122
00101120
00012000
51
01211000
11221000
11211010
12121122
22212100
02221122
00102120
00012200
88
01211000
11221000
11211010
12121122
22212100
02221122
00202110
02012201
38
01211000
11221000
11222210
12121222
22112200
02121222
00102210
02112201
78
01211000
11221020
11222220
12121222
22112200
02121222
00102110
02111111
85
01211000
11221020
11222120
12121222
22112221
02121212
00102110
02111111
47
01211000
11221020
11222120
12121222
22112221
02111222
00111112
02111111
81
01211021
11221020
11222120
12121222
22112221
02111222
00111112
02111111
16
01211021
11221020
11222120
12121222
11212221
12111222
20111112
02111111
61
01211111
11222220
11222220
12121222
11212221
12111222
20111112
02111111
82
22211111
22111111
21222210
22121122
21211221
22111222
20111112
02111111
83
22211111
22111111
21222211
22122111
21221121
22211222
22222222
02111111
18
