00000000
00000000
00020000
00022000
00021000
00000000
00000000
00000000
53
00000000
00000000
00021000
00022000
00022200
00000000
00000000
00000000
56
00000000
00000000
00021000
00022200
00021200
00001000
00000000
00000000
35
00000000
00000000
00021000
00012200
02222200
00001000
00000000
00000000
26
00000000
00000000
00021000
00012200
02122200
01002000
00000200
00000000
42
00000000
00010000
00011000
00222200
02122200
01002000
00000200
00000000
24
00000000
00010000
00011000
01222200
22222200
01002000
00000200
00000000
75
00000000
00010000
00011000
01222100
22222222
01002000
00000200
00000000
76
00000000
00012000
00022000
01222100
22222122
01002010
00000200
00000000
86
00000000
00012000
02022000
02222100
22222112
01002011
00000200
00000000
47
00000000
00012000
02022020
02222200
22222112
01001011
00010200
00000000
84
00000000
00012000
02022020
02222201
22222111
02001011
02010200
00000000
62
00000020
00011200
02022010
02222201
22222111
02001011
02010200
00000000
16
00002020
00012200
02012010
02122201
21222111
12001011
02010200
00000000
38
00002020
00012200
02012010
02122201
21222111
12001011
02010200
02100000
12
00002020
10012200
01012010
02122201
21222211
12001021
02010202
02100000
66
00022020
10022200
01022010
02122201
21222211
12001111
02010202
02100000
14
00022020
10022200
01022010
11122201
11222211
12001111
02010202
02220000
33
00022020
10022202
01122020
11112201
11221211
12001111
02010202
02220000
68
00022020
10022202
22222020
12112201
11221211
12001111
02010102
02220100
32
00022020
10122202
21112020
12111201
11221111
12002111
02010202
02220120
63
20022020
20122202
21111120
12111101
11221111
12002111
02010202
02220120
36
22022020
20222202
21121120
12112101
11111211
11102121
02010202
02220120
58
22022020
20222202
21221120
12212101
11211211
11202111
02210102
02221120
83
22022020
20222202
21221111
12212101
11211211
11202111
02222102
02221120
46
22022020
20222222
21221211
12212101
11211211
11111111
02221102
02221120
22
22022020
22222222
21221211
12222101
11212211
11111211
02222222
02221120
18
22022020
22222222
21221221
12222221
11212221
11111221
01222222
11111120
88
22022020
22222222
21221221
22222221
21212221
22111221
22222221
11111111
81
22022021
22222211
21221121
22221221
21212221
22111221
22222221
11111111
31
22122021
22112211
21121121
22121221
21112221
22111221
22222221
11111111
61
