00000000
00000000
00000000
00021000
00012000
00000000
00000000
00000000
43
00000000
00000000
00010000
00011000
00222000
00000000
00000000
00000000
56
00000000
00000000
00012000
00021000
00221000
00001000
00000000
00000000
46
00000000
00000000
00012000
00011000
00222200
00011000
00000000
00000000
74
00000000
00000000
00012200
00012010
00222100
00011000
00000000
00000000
34
00000000
00000000
00222200
00222010
00212100
00011000
00000000
00000000
52
00000000
00001000
00221100
00221010
00221100
00021000
00020000
00000000
24
00000000
00001000
00221100
01111210
00222100
00021000
00020000
00000000
75
00000000
00001200
00222100
01121110
00222110
00021000
00020000
00000000
36
00000000
00001200
00222102
01121120
00112210
00112000
00020000
00000000
67
00000000
00001200
00222102
01121120
00212210
02111000
00020100
00000000
23
00000000
00001200
01111102
01121120
00212222
02111000
00020100
00000000
38
00000000
00001200
01111122
01121220
00212222
02111000
00010100
00100000
66
00020000
00002200
01111222
01111120
00211122
02111100
00010100
00100000
86
00020000
00002200
01111222
01111220
00211212
02111201
00010200
00100200
16
00020000
20002200
02111222
01211220
00221212
11112201
00010200
00100200
57
00020000
20002200
02111222
22211220
00221212
11111101
00011200
00100200
76
00020000
20002200
02111222
22211220
00221112
11121111
00021200
00120200
15
00020000
20022200
02122222
21221220
10221112
11121111
00021200
00120200
77
00020000
20022200
02122222
22221220
12221112
11221111
00021110
00120200
22
00020000
21022200
01122222
21222220
11222112
11222121
00022210
00122200
51
00021000
21012200
01122222
21222220
11222112
11222221
00022220
00122202
37
00021000
21012200
01122222
21122220
11122112
11122222
00122222
00122202
72
00221000
21021110
01122112
21121210
11112112
11122222
00122222
00122202
78
00221000
22021110
22222112
22121210
11212112
11121212
00122112
00111112
21
01111000
22221110
22222112
21121210
11212112
11121212
00122112
00111112
11
11111000
11221110
12122112
12111210
12211112
12121112
02222112
00111112
17
11111000
11221110
12122112
12111210
12111112
12121112
12211112
02222222
18
11111020
11221220
12122122
12111220
12111122
12121122
11211122
12222222
81
11111221
11222220
12122122
12111220
12111122
12121122
11211122
12222222
84
