00000000
00000000
00020000
00022000
00021000
00000000
00000000
00000000
33
00000000
00000000
02220000
00012000
00021000
00000000
00000000
00000000
46
00000000
00000000
02220000
00022000
00012000
00010200
00000000
00000000
42
00000000
00210000
02220000
00012000
00012000
00010200
00000000
00000000
22
00000000
01110000
02120000
00012000
00222000
00010200
00000000
00000000
14
00000000
01110000
01122000
10022000
00222000
00010200
00000000
00000000
64
00000000
01110000
01121000
10022100
00222200
00010200
00000000
00000000
77
00000000
01110000
01121000
10012100
00222200
00012100
00000010
00000000
26
00000000
01110000
01121000
10222100
00122200
01012100
00000010
00000000
75
02000000
01210000
01121000
10222100
00111110
01012100
00000010
00000000
67
02000000
01210000
01122200
10222100
00111110
01011100
00000110
00000000
62
02000000
01210120
01121200
10212100
00111110
01011100
00000110
00000000
31
02100000
02110120
02121200
12212100
00111110
01011100
00000110
00000000
13
02100000
01110120
11121200
11212100
00221110
01211100
00000110
00000000
82
02100000
01110111
11121200
11212100
00222222
01211100
00000110
00000000
27
02100000
01110111
11121100
11211100
00212222
02111100
21000110
00000000
74
02100000
02110111
12121100
12211110
02212122
02111100
21000110
00000000
15
02100000
02110111
12121100
11221110
11122122
02121100
21020110
00000000
84
02100000
02110111
12121102
11221122
11122212
02122100
21020110
00000000
16
02100000
02110111
12121102
11221122
11122212
11122200
21020210
00000200
11
11100000
01110111
12121102
11221122
11122222
11122220
21020210
00000200
18
11100200
01110221
12121202
11221222
11122222
11122220
11020210
10000200
48
11100200
01110221
12111202
12211222
12112222
12112220
12010210
12010200
81
11100201
01110211
12111102
12211222
12112222
12112220
12010220
12010220
88
11120201
01210211
12111102
12211222
12111222
12112120
12010210
12010221
37
11120201
01222211
12122202
12212222
12112222
11112120
11110210
12010221
58
11120201
01222211
12122202
12212222
12112222
11112120
11110222
12011111
73
11120201
01222211
12111112
12212112
12211212
11212110
11220212
12211111
71
11120211
01222111
12112112
12212212
12211222
11212222
11220212
12211111
57
11122211
01222211
12112122
12212212
12211222
11211222
11111112
12211111
12
