00000000
00000000
00020000
00022000
00021000
00000000
00000000
00000000
35
00000000
00000000
00020000
00022000
00112000
00000200
00000000
00000000
42
00000000
00010000
00210000
00022000
00112000
00000200
00000000
00000000
23
00000000
02010000
01210000
00022000
00112000
00000200
00000000
00000000
63
00000000
02010000
01210100
00021000
00212000
02000200
00000000
00000000
56
00020000
02020000
01220100
00021000
00211000
02001200
00000000
00000000
21
21020000
02020000
01220100
00021000
00211000
02001200
00000000
00000000
76
21020000
02020000
02220100
02021000
00211000
02001110
00000000
00000000
32
21020000
02120000
02210100
02021000
00212000
02001210
00000020
00000000
12
21020000
11120000
02210100
02021000
00212000
02001222
00000020
00000000
34
21020000
11120000
01110100
02111000
00212000
02002222
00002020
00000000
17
21020000
11120000
01110100
02111000
02222000
01002222
10002020
00000000
36
21020000
11120000
01110100
02111000
02112000
01202222
10022020
00000000
65
21020000
21120000
21110100
02111000
02111100
01202222
10022020
00000000
67
21020000
21120000
21110100
02111000
02111100
01201122
10022220
00002000
37
22220000
22120000
21110100
02111000
02111100
01101122
10122220
00002000
78
22220000
22120000
21110100
02111020
02111200
01102122
10122120
00002010
88
22220000
22120000
21110100
02111020
02111200
02102122
12222110
00002011
14
22220000
22120000
21110100
11111020
01111200
02102222
12222220
00002211
87
22220000
22120000
21110100
11111220
01111200
02102212
11111111
00002211
75
22220000
22122000
21110200
11111220
01111110
02102112
11111111
00002211
85
22220000
22222000
21210200
11211220
01211111
02202111
11221111
00202211
73
22220000
22222000
21222210
11222110
01212111
02202111
11221111
00202211
72
22220000
22222010
21222110
11222222
01212111
02202111
11221111
00202211
51
22221000
22211010
21121110
11221222
01211111
02201111
12221111
20202211
28
22222200
22212010
21121110
11221222
01211111
01201111
11221111
21202211
48
22222200
22212210
21122220
11221222
01211111
01201111
11121111
21111111
71
22222210
22212120
21121222
11211222
01111111
01201111
11121111
21111111
81
22222211
22212110
21121122
12221222
01222111
01221111
11121111
21111111
82
22222211
22212111
21121111
12221121
02221111
22211111
21121111
21111111
15
