00000000
00000000
00000000
00012000
00022200
00000000
00000000
00000000
64
00000000
00000000
00000020
00011200
00022200
00000000
00000000
00000000
74
00000000
00000000
00200020
00021110
00022200
00000000
00000000
00000000
36
00000000
00000000
00200020
00021110
00022200
00120000
00000000
00000000
82
00000000
00000001
00200010
00021110
00022200
02220000
00000000
00000000
27
00000000
00000001
00200210
00021210
00012200
02120000
01000000
00000000
37
00000000
00000001
00200210
00021110
00011200
02110000
02100000
02000000
62
00000000
00000101
00200110
00021110
00021200
02120000
02220000
02000000
75
00000000
00000101
00200110
00021110
00022110
02120200
02220000
02000000
67
00000000
00000101
00200110
00021110
00022222
02120100
02220100
02000000
38
00000000
00000101
00200112
00021120
00022222
02120100
02120100
02100000
15
00000000
00000101
00200112
00021120
10022222
01120200
02122100
02100000
34
00000000
00000101
00220112
00122120
10022222
01120200
02122100
02100000
76
00000000
00000101
00220112
00122110
10022212
01120210
02122200
02100200
77
00000000
00000101
00220112
00122110
10022212
01120220
02222222
02100200
58
00000000
00000101
00222222
00122110
10022212
01120220
02212222
02101200
72
00000200
00000221
00222212
00121210
10012212
01120220
02212222
02101200
17
00000200
00000221
00222212
00122210
10022212
01220220
12112222
22101200
16
00000200
00000221
00222212
20122210
20022212
21220220
21112222
22101200
48
00000200
00000221
02222212
20222210
20022212
21220120
21111222
22111200
24
00000200
00000221
02222212
21111110
20022212
21222220
21111222
22111200
81
00000201
00000211
02222112
21221110
20222212
22222220
21111222
22111200
13
00000201
20000211
22111112
21221110
20222212
22222220
21111222
22111200
25
00000201
20020211
22221112
22121110
21111112
21122220
21111222
22111200
52
00000201
20221111
22221112
22122110
21111212
21122220
21111222
22111200
86
00000221
20221221
22222122
22122120
21111222
21111121
21111222
22111200
84
00002221
20222221
22222121
22122111
21111211
21111121
21111222
22111200
41
00211111
20221221
22212121
22112111
21111211
21111121
21111222
22111200
78
00211111
20221221
22212121
22122111
21112211
21111211
21111122
22222222
22
20211111
22111221
21212121
21122111
21112211
21111211
21111122
22222222
21
