00000000
00000000
00000000
00021000
00012000
00000000
00000000
00000000
56
00000000
00000000
00000000
00022200
00011000
00001000
00000000
00000000
43
00000000
00000000
00010000
00012200
00021000
00201000
00000000
00000000
35
00000000
00000000
00010000
00012200
00112000
00221000
00000000
00000000
26
00000000
00000000
00010000
00222200
00112000
01111000
00000000
00000000
73
00000000
00200000
00020010
00222100
00111000
01111000
00000000
00000000
42
00000000
00210000
00010010
00212220
00111000
01111000
00000000
00000000
21
01000000
00110000
00010010
00212220
00121000
01211000
02000000
00000000
23
01000000
00110000
01010010
00112220
00112000
01212000
02002000
00000000
65
01000000
00110020
01010020
00111220
00111100
01212000
02002000
00000000
18
01000000
00110020
01010020
02222220
00211100
01122000
01002000
10000000
53
01000000
00110020
01011020
02211220
00211100
01222000
01202000
10000000
47
01000000
00112020
01022020
02212220
00212100
01212000
01112000
10000000
66
01000000
00112020
01022020
02212220
00222220
01211200
01112000
10000000
76
01000000
00112020
01012020
02211220
00222120
01211220
01112020
10000000
33
01000000
00112020
01112220
02112220
00122120
01111220
01112020
10000000
61
01002100
00122020
01212220
02112220
00122120
01111220
01112020
10000000
25
01002100
00122020
01212220
01112220
01122120
01121220
01122020
10020000
38
01002100
00122020
01222220
01212220
02122120
22221220
01112020
10120000
58
01002100
00122020
22222220
02212220
02222120
22221220
01111020
10111000
83
01002220
00122020
22222221
02212210
02222120
22221220
01111020
10111000
22
01002220
01122020
21122221
01212210
01222120
21221220
01112020
10111200
85
01002220
22222020
22122221
01212210
01222111
21221220
01112020
10111200
87
01002220
22222020
22122221
02212210
02222111
22221210
02212021
12222200
15
01002220
22222020
22122221
01212210
11121111
22222210
02212221
12222200
88
01002220
22222020
22122221
22212210
22121111
22222110
02212211
12222201
11
11202220
22222020
22122221
22212210
22121111
22222110
02212211
12222201
81
11202221
22222010
22122121
22211222
22111121
22122210
01212211
12222201
17
11202221
12222010
12122121
12211222
12111122
11122222
11212221
12222201
62
11202221
11111112
12121122
12211222
12111122
11122222
11212221
12222201
78
