00000000
00000000
00020000
00022000
00021000
00000000
00000000
00000000
33
00000000
00000000
00120000
00012000
00022000
00002000
00000000
00000000
53
00000000
00000000
00111000
00222000
00022000
00002000
00000000
00000000
25
00000000
00020000
00121000
00122000
01022000
00002000
00000000
00000000
52
00000000
00022200
00112000
00122000
01022000
00002000
00000000
00000000
65
00000000
00022200
00112000
00121020
01022200
00002000
00000000
00000000
67
00000000
00022200
00112000
00121020
01022200
00021000
00000100
00000000
76
00000000
00022200
00212000
02221020
01022100
00021010
00000100
00000000
51
00001000
00021200
00212000
02222220
01022100
00021010
00000100
00000000
63
00001000
00021200
00211100
02222120
01022100
00022010
00000200
00000020
36
00001000
00021200
00222220
02221220
01012100
00122010
00000200
00000020
85
00001000
00021200
00222122
02221220
01012201
00122010
00000200
00000020
23
00001000
00021200
01111122
22221220
01012201
00122010
00000200
00000020
15
00001000
00021200
01111122
21221220
11012201
02222010
00000200
00000020
31
00101000
00222200
02221122
21222220
11012201
02222010
00000200
00000020
27
00101000
00222200
02221122
21222220
11222201
01122010
01000200
00000020
41
00111000
00221220
02221222
21222220
11222201
01122010
01000200
00000020
58
00111000
00221220
02221222
22222220
12222201
02122010
02000100
02001020
81
00111001
00221210
02221122
22221220
12212201
02222010
02200100
02001020
17
00111001
00221210
02221122
22211220
22112201
22222010
12200100
02001020
18
00111021
00221220
02221122
22211220
22112201
22122010
11200100
12001020
47
00111221
00222220
02221122
22211220
22112201
22112010
11110100
12001020
21
01111221
00122220
02211122
22211220
22212201
22122010
11112100
12001020
22
01111221
01122220
22222222
22211220
21212201
21122010
11112100
12001020
82
01111221
01111111
22222212
22211220
21211221
21112010
11112100
12001020
38
01111221
01111111
22222212
22211220
21211221
21112020
11112102
11101020
86
01111221
01111111
22221212
22221120
21221211
22122021
11222102
11121020
77
01111221
01111111
22221212
22221122
21221212
22122012
11222112
11121020
66
01111221
01111111
22221212
22221222
21221212
22111212
11222222
11122220
88
22222221
02111111
22221211
22221221
21221211
22111111
11222211
11111111
12
