00000000
00000000
00000000
00012000
00022000
00002000
00000000
00000000
46
00000000
00000000
00000000
00012000
00012000
00022000
00200000
00000000
67
00000000
00000000
00000000
00012000
00222000
00021000
00200100
00000000
53
00000000
00000000
00001200
00012000
00221000
00021000
00200100
00000000
34
00000000
00000000
00001200
00112000
00222200
00021000
00200100
00000000
36
00000000
00002000
00002200
00112000
00122200
00111000
00200100
00000000
75
00000000
00002000
00002200
00112200
00112110
00121000
00200100
00000000
57
00000000
00002000
00002200
00112200
00112110
00112000
00202100
00002000
66
00000000
00002000
00002200
00112202
00111120
00111200
00202100
00002000
85
00000000
00002000
00002200
00112202
00111111
00111200
00202220
00002000
76
00000000
00002000
00002200
00112222
00111121
00111120
00202220
00002000
73
00000000
00002020
00002220
00112122
00111121
00111120
00202220
00002000
28
00000000
00002020
00002220
00122122
00211121
02222220
00102220
01002000
51
00001000
00001020
00001220
00121122
00211121
02222220
00202220
01022000
33
00001000
00001220
00102220
00121122
00211121
02222220
00202220
01022000
27
00001000
00001220
00102220
00122122
00221121
02222220
02202220
21022000
38
00001000
00022220
00102220
00122122
00121121
02122220
02102220
21122000
68
00001000
00022220
00202220
02222122
00121121
02112120
02101120
21111100
23
00001000
02022220
02202220
02122122
00111121
02111120
02101120
21111100
41
00011000
02021220
02202120
02122112
00121121
02121120
02222220
21111100
11
10011000
01021220
02102120
02112112
02221121
02221120
02222220
21111100
15
10011000
01021220
22102120
02112112
11211121
01221120
02122220
21111100
61
10211100
02021120
22102120
02112112
11211121
01221120
02122220
21111100
86
10211100
02021120
22102120
02112122
11211121
01221121
02122220
22222220
83
10211100
02021110
22102111
22112111
12211121
01221121
02122220
22222220
43
10211100
02211110
22221111
22212111
12211221
01221121
02122220
22222220
21
11111100
01222222
21221121
21212211
11212221
01221121
02122220
22222220
88
11111100
22222222
22221121
21212211
11212221
01221121
02122210
22222221
71
11111110
22222112
22221112
21212212
11212222
01221122
02122222
22222221
81
11111111
22222111
22221111
21212211
11212221
02221121
22122221
22222221
16
