00000000
00000000
00000000
00021000
00012000
00000000
00000000
00000000
56
00000000
00000000
00000000
00022200
00011000
00001000
00000000
00000000
63
00000000
00000000
00000100
00021200
00022000
00021000
00000000
00000000
34
00000000
00000000
00000100
00111200
00012000
00022000
00002000
00000000
67
00000000
00000000
00200100
00121200
00012000
00021000
00002100
00000000
32
00000000
00100000
00100100
00121200
00222000
00021000
00002100
00000000
65
00000000
00100000
00100100
00121100
00222220
00021000
00002100
00000000
74
00000000
00100000
00100100
02221110
00222120
00021000
00002100
00000000
86
00000000
00100000
00102100
02222110
00222110
00021001
00002100
00000000
36
00000000
00100000
00102100
02122222
00112110
00111001
00002100
00000000
13
00000000
00100000
10102100
01122222
02222110
00111001
00002100
00000000
73
00000000
00100000
10102110
01122112
02221110
00211001
02002100
00000000
47
00000000
00100000
10102110
01122112
02222222
00211001
02011100
00000000
42
00000000
00110000
10101110
01122112
02222222
00221001
02021100
00020000
18
00000000
00110000
10101110
01121112
02212222
00121002
01021102
10020000
16
00000000
00110000
10101110
01121112
22212222
10121002
01021102
10020000
76
00000000
00110000
10101110
22221112
22212112
10121012
01021102
10020000
37
00000000
00110200
10102120
22221112
22211112
10111012
01111102
10020000
23
00000000
00110200
11102120
22121122
22211122
10111022
01111122
10020000
61
00000100
00110100
11102120
22122122
22212122
10212022
01122222
10022000
68
00000100
00110100
11122120
22222122
22212122
10212022
01121222
10022100
83
00000100
00110100
11122111
22222112
22212122
10222022
01221222
12022100
88
00020100
00220100
12122111
22222111
22212121
10222021
01221221
12022101
66
00020100
00220100
12122111
22212111
22211111
10222111
01221211
12022221
51
00021100
00210120
12122221
22212121
22211121
10222121
01221221
12022221
52
00021100
20211120
22111121
22111111
21211121
10222121
01221221
12022221
38
00021100
20211120
22111121
22111111
21111121
20121121
22222221
11111111
11
10022220
10211120
12111121
12111111
11111121
10121121
12222221
11111111
82
10022220
12211111
12211111
12121111
11112121
10121221
12222221
11111111
26
10222220
12221111
12212111
12121211
11112121
11121221
11122221
11111111
21
11222220
11121111
11212111
11121211
11112121
11121221
11122221
11111111
81
