00000000
00000000
00000000
00021000
00012000
00000000
00000000
00000000
34
00000000
00000000
00002000
00112000
00012000
00000000
00000000
00000000
63
00000000
00000000
00202100
00121000
00012000
00000000
00000000
00000000
56
00000000
00000000
00202220
00121000
00011000
00001000
00000000
00000000
22
00000000
01000000
00102220
00121000
00211000
00001000
00000000
00000000
43
00000000
01000000
00112220
00112000
00221000
00201000
00000000
00000000
25
00000000
01000000
00112220
02222000
01111000
00201000
00000000
00000000
52
00000000
01001000
00111220
02221000
02211000
02201000
00000000
00000000
16
00000000
01001200
00112220
02121000
01211000
12201000
00000000
00000000
27
00000000
01001200
00112220
02121000
22211000
11101000
01000000
00000000
83
00000000
01001200
00111111
02121000
22221000
11121000
01000000
00000000
71
00000210
01002100
00121111
02221000
22221000
11121000
01000000
00000000
41
00010210
01001100
00121111
02221000
22221000
12221000
01200000
00000000
23
00010210
01001100
01121111
01122000
21222200
11221000
01200000
00000000
64
00010210
01001102
01121121
01111200
21222200
11221000
01200000
00000000
48
00010210
01001102
01121121
01111200
21222200
22221000
21100000
00010000
66
00012210
01001202
01121121
01111100
21221100
22221100
21100000
00010000
42
02012210
02011202
02111121
02111100
22221100
22221100
21100000
00010000
81
02012211
02011201
02211121
02121100
22222100
22221200
21100020
00010000
47
02012211
02222201
02211121
02111100
22212100
22211200
21110020
00010000
31
02112211
02112201
02111121
02111100
22212100
22222200
22222020
00010000
28
02112211
02112201
02111121
02111100
22222220
22212200
22122020
01010000
67
02112211
02212201
02121121
02112100
22212220
22222220
22111120
01010000
87
02112211
02212201
02121121
02112100
22212220
22222220
22221111
01210000
72
02112211
02211111
02121121
02112100
22212220
22222220
22222211
01222000
68
02112211
02211111
02121121
02112220
22212220
22222120
22222111
01111100
85
02112211
02211111
02121121
02112220
22211121
22222120
22222221
01111120
86
02112211
02211111
02221121
02122120
22212111
22222211
22222221
01111122
18
02112211
02211111
02221121
02122122
22212122
22122212
21222222
11111122
11
11112211
02211111
02221121
02122122
22212122
22122212
21222222
11111122
14
11112211
02111111
22221121
12122122
11212122
12122212
11222222
11111122
12
