00000000
00000000
00000000
00222000
00021000
00000000
00000000
00000000
53
00000000
00000000
00001000
00222200
00021000
00000000
00000000
00000000
33
00000000
00000000
00101000
00212200
00022200
00000000
00000000
00000000
66
00000000
00002000
00102000
00212200
00021200
00000100
00000000
00000000
73
00000000
00002000
00102010
00212100
00021200
00000200
00000200
00000000
46
00000000
00002000
00102210
00212200
00011200
00010200
00000200
00000000
23
00000000
00002000
01102210
00122200
00222200
00010200
00000200
00000000
43
00000000
00002000
01111110
02222200
00212200
00010200
00000200
00000000
26
00000000
00002200
01111210
02212200
00112200
01010200
00000200
00000000
25
00000000
00002200
01111210
01112200
01122200
01210200
00000200
00000000
61
00000100
00001200
01111210
01112200
01122200
01220200
00020200
00000000
58
00000100
00001200
01111222
01112200
01122200
01120200
00010200
00001000
77
00000100
00201200
01121222
01112200
01121200
01120100
00010210
00001000
68
00000100
00201200
01221222
01212200
01221200
01220100
00210110
00001100
22
00000100
01201200
01121222
01212200
01221200
01220100
00220110
00021100
38
00000100
01201200
01121222
01212200
02121200
22220100
00120110
00111100
15
00020100
01202200
01121222
01212200
11121200
21220100
00120110
00111100
56
00020100
01202200
01121222
01112200
11112200
21112100
00112110
00111100
72
00020100
01202210
01121122
01111200
11112200
21112100
00112210
00111120
71
00020110
01202110
22221122
02111200
11212200
21122100
00112210
00111120
88
00020110
01202110
22221122
02111200
11212220
21122200
00112210
00111111
86
02020110
02202110
22221122
02111100
11212210
21122201
00112210
00111111
51
02021110
02202110
22221222
02222220
11212210
21122201
00112210
00111111
84
02021110
02202110
22221212
02222221
12222210
22222201
02222210
00111111
28
02021110
02202110
22221212
02222121
12221220
22212221
02122210
01111111
11
12021110
01202222
22121212
02212121
12221220
22212221
02122210
01111111
31
11111110
01102222
22121212
02212121
12221220
22212221
02122222
01111111
12
11111110
11102222
21121212
22112121
22211220
22211221
02122122
01111111
42
11111110
11112222
21111212
22112122
22211222
22211222
02122122
01111111
17
11111110
11112222
11111212
12112122
12111222
11211222
12122122
21111111
81
