00000000
00000000
00000000
00021000
00012000
00000000
00000000
00000000
56
00000000
00000000
00000000
00021000
00021000
00021000
00000000
00000000
35
00000000
00000000
00000000
02021000
00211000
00021000
00000000
00000000
43
00000000
00000000
00012000
02021000
00211000
00021000
00000000
00000000
36
00000000
00000000
00012000
02021000
00211000
00211000
00200000
00000000
25
00000000
00000000
00012000
22021000
02111000
00211000
00200000
00000000
13
00000000
00000000
10012000
21021000
02112000
00222200
00200000
00000000
67
00000000
00000000
10012000
21021000
02112000
00221200
00200200
00000200
62
00000000
00000100
10011200
21012000
02122000
00221200
00200200
00000200
73
00000000
00000100
12011110
22012000
02122000
00221200
00200200
00000200
15
00000000
00020100
12021110
12022000
11122000
00221200
00200200
00000200
32
00000000
00120100
11022222
12022000
11122000
00221200
00200200
00000200
84
00000000
00120100
11022212
12022002
11122002
00221200
00200200
00000200
38
02000000
00220100
11022212
12022002
11122002
00121200
00100200
00100200
34
02000000
00220100
11022212
11122002
11112002
00122200
00102200
00100200
47
02000000
00220100
11022212
11122002
11122002
00212200
02222200
00100200
26
02000000
00220100
11222212
11222002
11222002
01212200
02222200
00100200
58
02000020
00220200
11222212
11222002
11222002
01112200
02212200
00101200
18
02000020
00220200
11222212
11222002
12222002
22222200
01212200
10101200
72
02000020
00220220
11222122
11221022
12212002
22122200
01212200
10101200
76
02000020
00220220
11222122
11221022
12222002
22121110
01222100
10122200
78
02000020
00220220
11222122
11221022
12222022
22121210
01222100
10111110
81
02000021
00220210
11222122
11221022
12222022
22121210
22222100
10111110
51
02001021
00210210
11122122
11221022
12222022
22121222
22222100
10111110
61
02021111
00220110
11122122
11221022
12222022
22121222
22222100
10111110
65
02021111
00220110
11122122
11221022
11112122
22121222
22222220
10111110
88
02021111
02220110
12122122
12211022
12111122
22121122
22222210
10111111
52
02021111
02221110
12122122
12222222
12112222
22121222
22222210
10111111
11
12021111
01222222
12122122
12222222
12112222
22121222
22222210
10111111
12
12021111
11222222
11122122
12122222
12112222
22121222
22222222
10111111
31
11111111
11122222
11122122
12122222
12112222
22121222
22222222
10111111
28
