00000000
00000000
00020000
00022000
00021000
00000000
00000000
00000000
53
00000000
00000000
00021000
00022000
00022200
00000000
00000000
00000000
33
00000000
02000000
00211000
00022000
00022200
00000000
00000000
00000000
76
00000000
02000000
00211000
00022200
00022100
00000010
00000000
00000000
56
00000000
02000000
00211000
00021200
00022220
00001010
00000000
00000000
86
00000000
02000200
00212000
00021100
00022210
00001011
00000000
00000000
34
00000000
02000200
00212000
00111100
00012210
00002011
00002000
00000000
71
00000010
02000100
00211020
00111200
00012210
00002011
00002000
00000000
67
00000010
02000100
00222220
00111200
00012210
00001011
00002100
00000000
66
00000010
02000100
00222120
00221100
00211110
00001111
00002100
00000000
47
00000010
02000100
00222120
00222100
00211210
00001121
00011102
00000000
83
00000010
02000100
00222111
00222100
00211210
00002121
00021102
00200000
46
00000010
02000120
00222211
00222100
00211210
00011121
00021102
00200000
77
00000010
02000120
00222211
00222100
00211210
00021211
00022212
00200200
42
00020010
02020120
00221211
00222100
00221210
00021211
00022212
00200200
82
00020210
02020211
00221211
00222100
00221210
00021211
00022212
00200200
25
00020210
02020211
00221211
00222100
22222210
00021211
00022212
00200200
24
00020210
02020211
02221211
02211100
22222210
00021211
00022212
00200200
14
00020210
02020211
02221221
11111102
22222220
00021211
00022212
00200200
58
00020222
02020222
02221222
11111102
22222220
00021211
00021112
00201200
88
00020222
02020222
22221222
22111102
22222220
00021211
00021111
00201201
26
00020222
02020222
22221222
22211102
22222220
01221211
00021111
00201201
27
00020222
02022222
22222222
22212102
22212220
01121211
01021111
00201201
51
00021222
02021222
22221222
22211102
22211220
01121211
01022111
00222201
11
10021222
01021222
22121222
22211102
22221220
01122221
01022221
00222221
28
10021222
01221222
22221222
22211102
22221220
01122221
01022221
01111111
16
10221222
02221222
22211222
22111102
21221220
11122221
01022221
01111111
85
10221222
02221222
22211222
22111102
21221111
22122211
21022121
01111111
21
11111222
01121222
21211222
21111102
21221111
22222211
22222121
01111111
18
11111222
01121222
21211222
22222222
21211221
22122221
21222121
11111111
12
