00000000
00000000
00000000
00021000
00012000
00000000
00000000
00000000
56
00000000
00000000
00000000
00021000
00021000
00021000
00000000
00000000
37
00000000
00000000
00000200
00022000
00021000
00011000
00100000
00000000
53
00000000
00000000
00022200
00021000
00021000
00011000
00100000
00000000
32
00000000
00100000
00012200
00021000
00022200
00011000
00100000
00000000
52
00020000
00102000
00011200
00021000
00022200
00011000
00100000
00000000
61
00020100
00101200
00012200
00021000
00022200
00011000
00100000
00000000
36
00020100
00101200
00222200
00021000
00012200
00111000
00100000
00000000
72
00020100
00101110
00222100
00021000
00012200
00121000
00200000
02000000
76
00020100
00201110
02222100
00021000
00012100
00121010
00200000
02000000
21
01022100
00102110
02212100
00021000
00012100
00121010
00200000
02000000
35
01022100
00102110
02211100
00011000
00112100
00122210
00200000
02000000
67
01022100
00102110
02211100
00011000
00112220
00121110
00200100
02000000
47
01022100
00102110
02211100
00011000
00112220
00111220
00210120
02000000
74
01022100
00102210
02222220
00011020
00112120
00111220
00210120
02000000
27
01022100
00102222
02222220
00011020
00112120
00111220
01110120
02000000
64
01022100
00102122
02222120
00011120
00111220
00112220
01120120
02200000
34
01022100
00101122
02112120
02222220
00111220
00112220
01120120
02200000
87
01022100
00101122
02112120
02221220
00211120
02222210
02120111
02200000
18
01022100
00101122
02112120
02221220
00211120
02122210
01120121
12200002
17
01022100
00101122
02111120
02211220
00111120
01122222
11120122
12200002
31
01111100
00101122
02111120
02211220
00111120
01122222
11120222
12202002
15
01111100
02101122
02211120
01221220
10112120
01122222
11120222
12202002
13
01111120
01101222
11112120
01221220
10112120
01122222
11120222
12202002
81
01111111
21101212
12112120
01221220
10112120
01122222
11120222
12202002
25
01111111
22222212
12122120
01121220
11112120
01122222
11120222
12202002
68
01111111
22222212
22122120
22221220
12112120
01222122
11120122
12202102
78
01111111
22222212
22122222
22221220
12112210
01222112
11120112
12202112
48
01111111
22222212
22122222
22221220
22112210
22212112
11110112
11111112
11
11111111
11222212
12122222
12221220
12112222
12212112
11110112
11111112
84
