00000000
00000000
00000000
00021000
00012000
00000000
00000000
00000000
34
00000000
00000000
00200000
00121000
00012000
00000000
00000000
00000000
43
00000000
00000000
00210000
00211000
00222000
00000000
00000000
00000000
26
00000000
00000000
00210000
00211000
00222000
01200000
00000000
00000000
23
00000000
02000000
01210000
00221000
00222000
01200000
00000000
00000000
25
00000000
02000000
01210000
00121000
01222000
02200000
20000000
00000000
47
00000000
22000000
02210000
00221000
01222000
02100000
20010000
00000000
16
00000000
22000000
02210000
00222200
01222000
11100000
20010000
00000000
53
00000000
22002000
02222000
00212200
01122000
11100000
20010000
00000000
74
00000000
22002000
02222000
00211110
01222000
11200000
20210000
00000000
42
00000000
22012000
02211020
00211210
01222000
11200000
20210000
00000000
27
00000000
22012000
02211020
00211210
01212000
11100000
22222000
00000000
32
00000000
22112000
02111020
20111210
02112000
11200000
22222000
00000000
61
00000100
22111000
02222220
20112210
02122000
11200000
22222000
00000000
24
00000100
22111000
02122220
21112222
01122000
11200000
22222000
00000000
75
00000100
22111000
02121220
21112122
22222010
22200000
22222000
00000000
56
00000100
22111000
02121220
21211122
22221010
22202000
22222200
00000000
83
00000100
22222200
02122121
21221122
22221010
22202000
22222200
00000000
58
00000100
22222220
02122221
21222122
22221010
22201000
22221200
00001000
31
00100100
22112220
02121221
21222222
22222010
22221000
22221200
00001000
78
00100100
22112220
02121221
21222222
22222020
22222200
22221100
00001010
77
00100100
22112220
02121221
21212222
22221020
22222100
22222110
00001210
51
00101100
22111220
02121221
21212222
22221020
22222100
22222222
00001210
76
00101100
22111220
02121221
21212222
22221020
22222110
22222112
00022210
65
00101100
22111120
02111121
21211112
22221122
22222120
22222212
00022210
86
02101100
22211120
02121121
21212111
22221211
22222121
22222212
00022210
82
02221100
22221111
02121111
21212111
22221211
22222121
22222212
00022210
11
11111102
21221122
02121212
21212112
22221212
22222122
22222212
00022210
38
11111102
21221122
22121212
22112112
22221112
22121122
22112212
00111110
71
11111112
21221112
22121212
22112112
22221112
22121122
22212212
02111110
18
