00000000
00000000
00000000
00021000
00012000
00000000
00000000
00000000
34
00000000
00000000
00002000
00112000
00012000
00000000
00000000
00000000
66
00000000
00000000
00002000
00122000
00211000
00000100
00000000
00000000
43
00000000
00000000
00012000
02222000
00211000
00000100
00000000
00000000
23
00000000
00000000
01012000
02122000
00212000
00000200
00000020
00000000
25
00000000
00020000
01022000
01122000
01112000
00000200
00000020
00000000
63
00000000
00020000
01022100
01122000
01112200
00000200
00000020
00000000
75
00000000
00020000
01022100
01122000
01112110
00002200
00000020
00000000
52
00000000
00021000
01012100
01122000
22222110
00002200
00000020
00000000
32
00000000
02111000
02012100
02122000
22222110
00002200
00000020
00000000
67
00000000
02111000
02012100
02122000
22212210
00001120
00000120
00000000
16
00000000
02111000
02012100
02122000
21212210
10002120
00002220
00000000
12
00000000
11111000
01012100
02122000
21212222
10002120
00002220
00000000
48
00000000
11111000
01012100
02122000
21212222
20002120
20001220
00010000
84
00000000
11111000
01012102
02122002
21212212
20002120
20001220
00010000
14
00000000
11111000
01012102
11122002
21222212
20022120
20001220
00010000
87
00000000
11111000
01222102
12221002
21222112
20022110
20001111
00010000
36
20000000
12111000
01222102
12121002
21112112
20111110
20001111
00010000
21
21000000
11111000
01222102
12121002
21122112
20121110
20021111
00010000
13
21000000
11111020
11222202
11122002
21122112
20121110
20021111
00010000
62
21000000
11111120
11221202
11112002
21122112
22221110
20021111
00010000
82
21000000
11111111
11221202
11112002
21122112
22222222
20021111
00010000
27
21000000
11111111
11221102
11111002
21112112
21122222
22021111
00210000
18
21002000
11122111
11222102
11112002
11112112
11122222
11021111
10210000
64
21002000
11122111
11222102
11111102
11112112
11122222
11022211
10222000
78
21002002
11122112
11222102
11111102
11112112
11121222
11022111
10222010
31
21102002
11112112
11221102
11211102
11212112
11221222
11222111
10222010
68
21102202
11112222
11221202
11211202
11112212
11211222
11221111
10222110
73
22222202
11122222
11221112
11211102
11111212
11211222
11221111
10222110
71
22222212
11122112
11221212
11222222
11111222
11211222
11221111
10222110
28
