00000000
00000000
00000000
00021000
00012000
00000000
00000000
00000000
34
00000000
00000000
00002000
00112000
00012000
00000000
00000000
00000000
64
00000000
00000000
00002020
00111200
00012000
00000000
00000000
00000000
56
00000000
00000000
00002020
00121200
00211000
00001000
00000000
00000000
52
00000000
00001200
00002020
00121200
00211000
00001000
00000000
00000000
33
00000000
00001200
00102020
00111200
00212000
00021000
00000000
00000000
74
00000000
00001200
00102020
00111220
00212020
00021000
00000000
00000000
36
00002000
00002200
00102020
00111220
00112020
00111000
00000000
00000000
71
00002010
00002100
00101020
00111220
00112020
00121000
00200000
00000000
47
00002010
00002100
00101020
00111220
00112020
00112000
00222000
00000000
67
00002010
00022100
00102020
00111220
00112020
00111000
00222100
00000000
82
00002010
00022101
00102010
00111120
02111020
00211000
00222100
00000000
16
00002010
00022101
00102010
00121120
01211020
12211000
00222100
00000000
58
00002010
00022101
00102010
00121120
01221020
12121000
00221100
00021000
31
00102010
00012201
00101020
00121122
01221020
12121000
00221100
00021000
27
00102010
00012201
00101020
00121122
01221020
12121000
21111100
00021000
72
00102010
00011111
00101020
00121122
01222220
12121000
21111100
00021000
66
00102010
00011111
00121020
00121122
01221120
12121100
21111100
00021000
83
00102010
00011111
02221021
00221112
01221120
12121100
21111100
00021000
12
00102010
10011111
01222221
00121112
01211120
12121100
21111100
00021000
15
00102010
10011111
01222221
00121122
11211122
11121100
21111100
00021000
38
00102010
10011111
01222221
00122122
11221122
11221100
22111100
20111000
32
00102010
10111111
01112221
00121122
11222122
11221200
22222220
20111000
68
00102010
10111111
01112221
00121122
11222122
11222220
22222120
20111100
24
02102010
10211111
01122221
01122122
11122222
11212220
22221120
20111100
88
02102010
10211111
02122221
22222122
22121222
21212120
22221110
20111101
13
22102010
20211111
21122221
21222122
22121222
21212120
22221110
20111101
28
22102010
20211111
21122221
21222122
22121222
21212120
21122222
21111101
78
22102010
22211111
22222211
22122112
22111212
21211110
21122112
21111111
86
22222010
22222111
22222211
22122111
22111211
21211111
21122111
21111111
61
