00000000
00000000
00000000
00012000
00022000
00002000
00000000
00000000
46
00000000
00000000
00000000
00012000
00022000
00222000
00000000
00000000
47
00000000
00000000
00000000
00012000
00012000
00212000
00020000
00002000
27
00000000
00000000
00000000
00012000
02012000
00212000
01020000
00002000
65
00000000
00000000
00000000
00012000
02011200
00212020
01020000
00002000
48
00000000
00000000
00000000
00222000
02021200
00212020
01010000
00012000
68
00000000
00000000
00000000
00222000
02022200
00212220
01010000
00011100
86
00000000
00000000
00000000
00222000
02022200
00211211
01010020
00011100
26
00000000
00000000
00000000
00222000
02022220
01111221
01010020
00011100
23
00000000
00000000
01000000
02222000
02012220
01111221
01010020
00011100
43
00000000
20000000
02010000
02212000
02012220
01111221
01010020
00011100
88
00000000
20000000
02010000
02212000
02011220
01111121
01010020
00011121
14
00000000
20000000
02010000
12112000
02011220
02111121
02010020
02011121
84
00000000
20000000
02010000
12112021
02011220
02111121
02010020
02011121
64
00000000
20000000
02210000
12121111
02012110
02111221
02010020
02011121
16
00000000
20000000
02210200
12122211
01022210
11211221
02010020
02011121
22
00000000
21000000
01110200
11112211
01021210
11212221
02010210
02011121
87
00000000
22200000
01110200
11111211
01021110
11212211
02010211
02011121
57
00000000
22220000
01120200
11121211
01021110
11211111
02011111
02011121
73
00000000
22220000
01220210
11221111
01221110
11211111
02011111
02011121
72
00000020
22220020
01220120
11221121
01221120
11211121
02011121
02011121
53
00000020
22220020
01111120
11211121
01121220
11212121
02021121
02222221
21
01000020
21120020
22222220
12211121
01221220
11222121
02022121
02222221
52
01000020
22222220
22212220
12121121
01221220
11222121
02022121
02222221
82
01000020
22222221
22212210
12121121
01221220
12222121
22022121
02222221
37
01000020
22222221
22212222
12121121
01121220
12112121
22111121
02222221
51
01001020
22221121
22211212
22121121
22221220
22112121
22111121
02222221
41
01011022
22211122
22211212
22121121
22221220
22112121
22111121
02222221
31
01111222
22112222
22121212
22221121
22221220
22112121
22111121
02222221
18
01111222
22112222
22121212
22221122
22221222
22112121
21111121
11111111
11
