00000000
00000000
00000000
00012000
00022000
00002000
00000000
00000000
46
00000000
00000000
00000000
00012000
00222000
00012000
00000000
00000000
66
00000000
00000000
00020000
00022000
00221000
00011100
00000000
00000000
42
00000000
00010000
00010000
00222000
00211000
00011100
00000000
00000000
33
00000000
00010000
00110000
00212000
00222200
00011100
00000000
00000000
23
00000000
00010000
01110000
00112000
00212200
00021100
00200000
00000000
75
00000000
00010000
01112000
00122000
00211110
00021100
00200000
00000000
47
00000000
00010000
01112000
00122200
00212110
00021100
00210000
00000000
63
00000000
00010000
01111100
02221100
00212110
00021100
00210000
00000000
28
00020000
00020000
01121100
02221100
00211110
00011100
00110000
01000000
32
00020000
00122000
01121100
02221100
00211110
00011100
00110000
01000000
36
00020000
00122000
01121100
02121100
00112110
00111200
00110020
01000000
67
00020000
00122000
01121100
02121100
00212110
02111100
00110120
01000000
62
00020020
00111200
01122100
02121100
00212110
02111100
00110120
01000000
15
00022020
00112200
01122100
01121100
10212110
01111100
00110120
01000000
87
00022020
00112200
01122200
01121200
10212210
01111200
00110211
01000200
61
00022120
00111200
01112200
01121200
10212210
22222200
00110211
01000200
81
00222111
00221200
01212200
01221200
10212210
22222200
00110211
01000200
21
01111111
00121200
01212200
22221200
20212210
22222200
00110211
01000200
57
01111111
00121200
01212200
22221200
20211220
22221102
00111121
01000200
72
01111111
00121110
22212100
22221200
20211220
22221102
00111121
01000200
12
01111111
10121110
21212100
22121200
20211220
22221202
00222121
01020200
25
01111111
12221110
22212100
22121200
22111220
22221202
00222121
01020200
73
01111111
12221110
22212110
22122220
22111220
22221202
00222121
01020200
76
01111111
12221110
22212110
22221210
22121110
22222112
00222221
01020220
38
01111111
12221110
22212110
22221210
22122222
22121122
00112221
01120220
17
01111111
12221110
12212110
12221210
12122222
11121122
10112222
01120222
58
01111111
12221110
12212222
12221220
12122222
11121122
10111222
01111222
82
01111111
12221111
12212212
12221120
12121222
12211122
12222222
01111222
18
01111111
12221111
12212212
12221120
12111222
12111122
11222222
11111222
11
11111111
11221111
12112212
12211120
12111222
12111122
11222222
11111222
84
