00000000
00000000
00000000
00021000
00012000
00000000
00000000
00000000
34
00000000
00000000
00002000
00112000
00012000
00000000
00000000
00000000
64
00000000
00000000
00002020
00111200
00012000
00000000
00000000
00000000
56
00000000
00000000
00002020
00111200
00012000
00021000
00000000
00000000
62
00000000
00002100
00002020
00112200
00012000
00021000
00000000
00000000
51
00001000
00001100
00021020
00121200
00021000
00021000
00000000
00000000
75
00001000
00001100
00021020
00121100
00021010
00022000
00000200
00000000
57
00001000
00001100
00021020
00121100
00022010
00022200
00001200
00000000
37
00001200
00002100
00021020
00121100
00021010
00012200
00101200
00000000
42
00001200
00011100
00011020
00111100
00011010
00012200
00122200
00000000
78
00001200
00011100
00011020
00111100
00011010
00011200
00122200
00000210
71
00001110
00011100
02011020
00211100
00021010
00012200
00122200
00000210
48
00001110
00011100
02011020
00211100
00022210
00012200
00111200
00010210
84
00001110
00011100
02011010
00211101
00022210
00022200
00211200
02010210
24
00001110
00011102
02011020
01111201
00022210
00022200
00211200
02010210
77
00021110
00021102
02021020
01121201
00021210
00022100
00211110
02010210
63
00021110
00021102
02021120
01121101
00021110
00022100
00222222
02010210
33
00021110
00011102
02111120
01111101
00021110
00022220
00222222
02010210
58
00021110
02011102
02211120
01121101
00022110
00021220
00221222
02011110
31
00111110
02011102
02211120
22221101
00022110
00021220
00221222
02011110
36
00111110
02011102
02211120
22222221
00012120
00111220
00211222
02011110
85
00111110
02011122
02211220
22222211
00012111
00111210
00211122
02011110
81
00111111
02222222
02221120
22222211
00012211
00111220
00211122
02011110
35
00111111
02122222
02121120
22112211
00122211
00211220
02211122
02011110
12
00111111
11122222
01122120
22122211
00222211
02211220
02211122
02011110
18
20111111
12122222
01222120
22121211
00212211
02111220
01211122
12011110
16
22111111
12222222
01222120
22121211
00212211
11111220
01211122
12011110
13
22111111
11222222
11222120
21121211
00112221
11111222
01211122
12011110
83
22111111
11222211
11222111
21121211
00212221
12111222
22211122
12011110
25
22111111
11222211
11222111
22121211
22222221
22111222
22211122
12011110
38
22111111
11222211
11222111
22121211
22222221
22111222
22111122
11111110
88
