00000000
00000000
00000000
00021000
00012000
00000000
00000000
00000000
43
00000000
00000000
00010000
00011000
00222000
00000000
00000000
00000000
66
00000000
00000000
00012000
00021000
00221000
00000100
00000000
00000000
33
00000000
00000000
00112200
00012000
00221000
00000100
00000000
00000000
73
00000000
00200000
00121110
00012000
00221000
00000100
00000000
00000000
26
00000000
00200000
00221110
00222000
00121000
01000100
00000000
00000000
31
00100000
00100200
00122110
00122000
00121000
01000100
00000000
00000000
56
00100000
00100200
00122222
00122000
00111000
01001100
00000000
00000000
71
00100010
00100100
00121222
00212000
02111000
01001100
00000000
00000000
84
00100210
00100200
00121212
00212001
02111000
01001100
00000000
00000000
42
00100210
00110200
00111212
00212001
02112000
01002100
00002000
00000000
64
00100210
00110200
00111212
00211101
02112020
01002200
00002000
00000000
67
00100210
00110200
02222212
00211101
02112020
01001200
00002100
00000000
14
00100210
00110200
01222212
10211101
02112020
01001200
00002220
00000000
52
00100210
00111202
01221222
10211201
02112020
01001200
00002220
00000000
76
00100210
00111202
01221222
10221201
02122020
01021110
00002220
00000000
36
00100210
00111202
22221222
10221201
01112020
01111110
00002220
00000000
58
00100210
00111202
22221222
10221202
01112022
01111110
00001120
00001000
51
00101110
00111202
22221222
10222202
01112222
01111110
00001120
00001000
87
00101110
00111202
22221222
10222202
01122222
01211110
02001111
00001000
72
00101110
00111112
22221222
10222202
01122222
01212120
02001221
00001020
86
00101110
00111112
22221222
10222102
01122212
01222111
02022221
00001020
28
00101110
00111112
22221222
10222102
01122212
01222111
02022221
21001020
37
00101110
00111112
22221222
10222102
01121212
01112211
02111211
21001220
24
00101110
00111112
22121222
11211102
02121212
22222211
02111211
21001220
74
00101110
02222222
22221112
11221112
02122112
22221211
02111211
21001220
81
00101111
02222211
22221111
11221111
02122111
22221211
02111221
21001222
17
00101111
02222211
22221111
11221111
02122111
21221211
11122221
21022222
38
00101111
02222211
22221111
22221111
22122111
22221211
11212221
21122222
41
00111111
02211211
22211111
22211111
22112111
22211211
11212221
21122222
11
12111111
02211211
22111111
22211111
22112111
22211211
11212221
21122222
12
