00000000
00000000
00000000
00222000
00021000
00000000
00000000
00000000
33
00000000
00000000
00100000
00212000
00022200
00000000
00000000
00000000
35
00000000
00000000
00100000
02222000
00122200
00000000
00000000
00000000
75
00000000
00000000
00100000
02222000
00221110
00020000
00000000
00000000
37
00000000
00000000
00100000
02222000
00222110
00012000
00100000
00000000
25
00000000
00000000
00100000
02222000
02111110
20012000
00100000
00000000
43
00000000
00002000
00120000
02211000
02111110
20012000
00100000
00000000
23
00000000
00002000
22220000
02111000
02111110
20012000
00100000
00000000
61
00000100
00001000
22210000
02121000
02112110
20012200
00100000
00000000
12
00000100
10001000
21210000
02121000
02112222
20012200
00100000
00000000
32
00000100
10101000
21110000
02121000
02112222
20222200
00100000
00000000
26
00000100
10121000
21120000
01121000
01112222
21222200
00100000
00000000
41
00010100
10111000
21110200
01112000
01122222
21222200
00100000
00000000
64
00010100
12111000
21210200
01121100
01122222
21212200
00100000
00000000
86
00010100
12222200
21210200
01121100
01122212
21212201
00100000
00000000
72
00010100
11111110
21210120
01121200
01122212
21212201
00100000
00000000
53
00010100
11111110
21211120
02111100
01222212
21222201
00102000
00000000
82
00010100
11111111
21211110
22111100
02222212
21222201
00102000
00000000
77
00010120
11111211
21212110
22121100
02221212
21222101
00102010
00000000
67
20010120
22111211
21212110
22121100
02211212
21221101
00102110
00000000
58
20010120
22111211
21212110
22121100
02211212
21222101
00121110
00001000
15
20210120
22221211
21212110
21221100
11211212
21222101
00121110
00001000
81
20210111
22221211
22212110
22221100
12211212
22222101
02221110
00001000
48
20210111
22221211
22212110
22221100
12211212
21212102
02222222
00011000
68
20210111
22221211
22212222
22221100
12211212
21212102
02221122
00011100
84
20210111
22221211
22212221
22221101
12211212
22212102
22221122
00011100
51
20211111
22211111
22112211
21221101
12211212
22212102
22221222
00011120
18
20211111
22211111
22112211
21222221
12211212
12112102
11221222
10011120
38
20211111
22211111
22112211
21222211
12211212
12222222
11111222
10111120
21
21111111
21111111
21112211
21222211
12211212
12222222
12211222
12222220
88
