00000000
00000000
00000000
00021000
00012000
00000000
00000000
00000000
56
00000000
00000000
00000000
00021000
00012000
00001200
00000000
00000000
76
00000000
00000000
00000000
00021000
00012000
00002110
00002000
00000000
67
00000000
00000000
00000000
00021000
00012020
00001210
00002100
00000000
58
00000000
00000000
00000000
00021000
00012020
00001210
00001200
00001200
65
00000000
00000000
00000000
00021000
00011120
00001210
00022200
00001200
74
00000000
00000000
00000000
00021010
00011110
00001210
00022200
00022200
34
00000000
00000000
00000000
00111010
00011110
00001222
00022200
00022200
38
00000000
00000000
00002000
00112010
00012110
00002222
00012200
00122200
77
00000000
00000000
00002000
00112010
00011112
00002122
00011210
00122200
43
00000000
00200000
00022000
00112010
00011212
00002122
00011210
00122200
63
00000000
00202000
00022200
00111020
00011212
00002122
00011210
00122200
21
01000000
00102000
00012200
00111220
00011222
00002122
00011210
00122200
72
01000000
00102010
00012100
00111220
00011222
00202122
00021210
00122200
84
01000000
00102010
00222100
00111111
00011212
00202122
00021210
00122200
46
01000000
00102010
02222100
00211111
00021212
00212122
00021210
00122200
62
01000000
00122110
02222100
00211211
00021222
00212122
00021210
00122200
14
01000000
00122110
01222100
10211211
00021222
00212122
00021210
02222200
51
01001000
00121110
22221100
10211211
00021222
00212122
00021210
02222200
41
01011000
00111110
22211100
10221211
00022222
00212222
00021220
02222202
26
01011000
00111110
22211100
10221211
02022222
01212222
00021220
02222202
24
01011000
00111110
22111100
11111211
01022222
01222222
00221220
02222202
78
01211000
00121110
22112100
11111211
01012212
01221212
00221110
02222212
18
01211000
00121110
22112100
12111211
02012212
02221212
02221110
11111112
17
01222200
00122210
22122200
12211211
02012212
02221212
11111110
11111112
22
01222202
01122220
21122200
11211211
01012212
01221212
11111110
11111112
12
22222202
12122220
11222200
11221211
01012212
01221212
11111110
11111112
82
22222202
12111211
11222220
11221211
01012212
01221212
11111110
11111112
87
22222202
12111222
11222222
11221222
01012212
01221212
11111112
11111112
71
22222212
12111212
11222212
11221212
02012212
22221212
11111112
11111112
35
