00000000
00000000
00000000
00222000
00021000
00000000
00000000
00000000
53
00000000
00000000
00001000
00221000
00022000
00000200
00000000
00000000
36
00000000
00000200
00002000
00221000
00012000
00100200
00000000
00000000
43
00000000
00002200
00022000
00211000
00012000
00100200
00000000
00000000
23
00000000
00002200
01022000
00112000
00012200
00100200
00000000
00000000
77
00000000
00002200
01022000
00112000
00012200
00102100
00000010
00000000
46
00000000
00002200
01022000
00212000
02012200
00111100
00000010
00000000
75
00000000
00002200
01022000
00222000
02021110
00221100
00020010
00000000
51
00001000
00001200
01021000
00222200
02022110
00221100
00020010
00000000
72
00001000
00001110
01021000
00222220
02022210
00222100
00020010
00000000
57
00001000
00001110
01021000
00221220
02021222
00221100
00021010
00000000
24
00001000
20001110
02021000
01211220
02021222
00221100
00021010
00000000
26
00001000
20001110
02021000
01211220
01021222
01112200
00022210
00000000
33
00001000
20001110
02111000
01211220
01221222
01122200
00022210
00000000
37
00001000
20021110
02122000
01221220
01221222
01112200
00111110
00000000
41
00011000
20011110
02112000
01211220
01211222
01212200
00221110
00200000
48
00011000
20011110
02112000
02211220
02211222
02212200
02111110
00210000
84
00211000
20021110
02112000
02211111
02211212
02212100
02111110
00210000
63
00211020
20021210
02112100
02221111
02211212
02212100
02111110
00210000
13
00211020
20021220
11112220
01221111
02111212
02212100
02111110
00210000
83
00211020
20021220
11211111
02221111
22111212
02212100
02111110
00210000
11
10211020
10021220
11211111
02221111
22111212
02212100
02222222
00210000
81
10211021
10021222
11211122
02221212
22112212
02222100
02222222
00210000
61
10211111
10021122
11211122
02221212
22112222
02222102
02222222
00210000
32
10211111
10111122
11111122
02121212
22112222
02222102
02222222
00222000
68
10211111
10111122
11111122
02121212
22112222
02212222
02221222
00222100
78
10211111
10111122
11111122
02121212
22112212
02211212
02221122
00222222
17
10211111
10111122
11111122
02121212
22112212
02221212
12211122
02222222
16
10211111
12222222
12211122
02121212
21112212
11111212
12211122
02222222
18
10211111
12222222
12211122
22121212
22112212
11211212
11221122
12222222
21
