00000000
00000000
00020000
00022000
00021000
00000000
00000000
00000000
53
00000000
00000000
00021000
00021000
00022000
00000200
00000000
00000000
35
00000000
00002000
00022000
00012000
00122000
00000200
00000000
00000000
62
00000000
00002100
00221000
00022000
00122000
00000200
00000000
00000000
23
00000000
00002220
01111000
00022000
00122000
00000200
00000000
00000000
71
00000010
02002120
01211000
00022000
00122000
00000200
00000000
00000000
61
00000110
02201120
01221000
00022000
00122000
00000200
00000000
00000000
41
00010110
02222220
01221000
00022000
00122000
00000200
00000000
00000000
51
00011110
02221220
22221000
00022000
00122000
00000200
00000000
00000000
24
00011110
02211220
22221000
01222000
00122000
00000200
00000000
00000000
14
00011110
22111220
22221000
11222000
00122000
00000200
00000000
00000000
11
10011110
12111220
12221000
11222000
00222000
02000200
00000000
00000000
25
10211110
12211220
12211000
11122000
01222000
02000200
00000000
00000000
21
11111110
11111220
11211000
12122000
22222000
02000200
00000000
00000000
36
11111110
11111220
11222200
12122000
21122000
02100200
00000000
00000000
27
11111110
11111220
11222200
12122000
21222000
02100200
21000000
00000000
73
11111110
11111110
11111110
12122000
21222000
02100200
22000000
02000000
46
11111112
11111120
11111210
11112000
21112000
02110200
22000000
02000000
83
11111112
11111110
11111211
11112000
21112000
02120200
22200000
02000000
38
11111112
11111110
11111211
11112000
21112000
02120200
22200000
02220000
57
11111112
11111110
11111211
11112000
21112000
02222200
22201000
02220000
18
11111112
11111110
11111211
11112000
21112000
02122200
21202000
12222000
47
11111112
11111110
11111211
11112000
21112000
22112200
22112000
12222000
74
11111112
11111110
11111111
11112010
21112000
22112200
22112000
12222000
68
11111112
11111110
11111111
11112010
21112000
22112200
22222200
11111100
76
11111112
11111110
11111111
11112010
21112000
22111210
22222220
11111100
75
11111112
11111110
11111111
11112010
21112210
22112210
22221220
11111100
78
11111112
11111110
11111111
11112010
21112222
22111210
22221110
11111110
64
11111112
11111110
11111111
11111110
21111122
22111110
22222222
11111110
84
11111112
11111110
11111111
11111111
21111112
22222222
22222222
11111110
88
