00000000
00000000
00000000
00021000
00012000
00000000
00000000
00000000
34
00000000
00000000
00002000
00112000
00012000
00000000
00000000
00000000
64
00000000
00000000
00202000
00121100
00012000
00000000
00000000
00000000
65
00000000
00000000
00202000
00121100
00012100
00000200
00000000
00000000
42
00000000
00010000
00201000
02221100
00012100
00000200
00000000
00000000
43
00000000
00012000
00222000
02212100
00012100
00000200
00000000
00000000
15
00000000
00222000
00222000
01212100
10012100
00000200
00000000
00000000
31
00100000
00212000
00221000
01212100
10022100
00200200
00000000
00000000
21
01100000
02222000
00211000
01211100
10022100
00200200
00000000
00000000
13
01100000
01222000
10211020
01211200
10022100
00200200
00000000
00000000
35
01100000
01122000
10121020
01211200
12111100
00200200
00000000
00000000
37
21100000
02122000
10221020
01221200
12112100
00100200
00100000
00000000
41
22222000
02122000
10211020
01211200
12112100
00100200
00100000
00000000
74
22222000
02122000
10211020
22211110
12112100
00100200
00100000
00000000
12
22222000
11222000
10221020
22212110
12112200
00100220
00100000
00000000
82
22222000
11222001
10222210
22212210
12112200
00100220
00100000
00000000
56
22222000
11222001
10222210
22212210
12122100
00201220
02100000
00000000
67
22222000
12222001
12222210
22212210
12122100
00201120
02100100
00000000
62
22222000
11111101
12221110
22212110
12222100
00222220
02100100
00000000
85
22222000
11111101
12221110
22212110
12222101
00222222
02100100
00000000
26
22222000
11111101
11221110
21212110
11122101
01222222
02200100
02000000
77
22222000
11111101
11221110
21212110
11121101
01222122
02200210
02002000
57
22222000
11111101
11221110
21212110
11121101
01221122
02221110
02002000
18
22222000
11111101
11221110
21211110
11111101
01121122
22221110
12002000
38
22222000
11111101
11221110
21211110
11121101
01122122
22111220
11102020
16
22222000
11111101
11221110
21211110
11121101
11122122
11121220
11122020
87
22222000
11111101
11221110
21211110
11121101
11122111
11122111
11122220
88
22222000
11111201
11221120
21222222
11121101
11122111
11122111
11111111
72
22222002
11111121
11221220
21222222
11121101
11122111
11122111
11111111
83
22222202
11112221
11221211
21222211
11121101
11122111
11122111
11111111
75
22222202
11112221
11221211
21222111
11121111
11122111
11122111
11111111
71
