00000000
00000000
00000000
00021000
00012000
00000000
00000000
00000000
56
00000000
00000000
00000000
00022200
00011000
00001000
00000000
00000000
73
00000000
00000000
00000010
00022100
00012000
00002000
00002000
00000000
63
00000000
00000000
00002110
00022100
00012000
00002000
00002000
00000000
42
00000000
00010200
00002110
00022100
00012000
00002000
00002000
00000000
61
00000100
00010102
00002120
00022200
00012000
00002000
00002000
00000000
43
00000100
00010102
00011120
00012200
00222000
00002000
00002000
00000000
66
00000100
00010102
00011120
00012200
00222200
00002100
00002000
00000000
76
00020100
00020102
00021120
00021200
00222100
00002110
00002000
00000000
84
00020100
00020102
00021110
00021201
00222100
00002222
00002000
00000000
67
00020100
00020102
00021110
00021201
00222220
00002222
00002100
00000000
48
00020100
00020102
00021110
00021201
00222210
00002222
00001200
00010200
25
00020100
00020102
00022222
00021201
01111110
00002222
00001200
00010200
47
00020100
00020102
00022222
00021201
01111110
00001222
00222200
00010200
52
00020100
00021102
00021222
00021221
01111220
00002222
00222200
00010200
81
00020101
00021101
00021221
00022221
01121220
00202222
00222200
00010200
34
00020101
00022221
00011221
00111111
01121220
00202222
00222200
00010200
38
00020101
00022221
02011221
00211111
01121120
00101222
00112200
00110200
12
00020101
10022221
01011221
00111121
01111122
00101222
00112200
00110200
78
00020101
10022221
01011221
02222221
01111122
00101222
00112100
00110210
32
00022101
10112211
01012221
02222221
01111122
00101222
00112100
00110210
87
00222101
10122211
01012221
02222221
01111121
00101211
00112101
00110210
33
00222101
10222211
02112221
22112221
01111121
00101211
00112101
00110210
21
01111101
10122211
02122221
22122221
01222121
00122211
00112101
00110210
13
01111101
10122211
11122221
22122221
01222121
00122211
00212101
02110210
18
01111101
10122211
11122221
22122221
22222121
00122211
00212101
11110210
27
01111101
10122211
11122221
22122221
22222121
00122211
22222101
11110210
77
01111121
10122221
11122221
22112221
22221121
00122111
22222111
11110210
58
01111121
10122221
11122221
22112221
22221121
02221111
22211111
11111110
16
01111121
12222221
12122221
12112221
11221121
11111111
11211111
11111110
11
