00000000
00000000
00000000
00021000
00012000
00000000
00000000
00000000
34
00000000
00000000
00002000
00112000
00012000
00000000
00000000
00000000
63
00000000
00000000
00002220
00111000
00012000
00000000
00000000
00000000
52
00000000
00001000
00201220
00121000
00012000
00000000
00000000
00000000
65
00000000
00001000
00201220
02221000
00011100
00000000
00000000
00000000
83
00000000
00001000
00201111
02221000
00021100
00002000
00000000
00000000
22
00000000
01021000
00201111
02211000
00021100
00002000
00000000
00000000
35
20000000
02021000
00201111
02211000
00111100
00002000
00000000
00000000
67
20000000
02021000
00201111
02221000
00112100
00001200
00000100
00000000
31
20100000
02011000
00201111
02221000
00222100
00022200
00000100
00000000
15
20100000
02011000
00101111
01221000
10222100
00022200
00000200
00000200
77
20102000
02012000
00102111
01212000
10222100
00022100
00000210
00000200
43
20102000
02012000
00111111
01211000
10222100
00022100
00000222
00000200
47
20102000
02012000
00111111
22211000
10212100
00011100
00010222
00000200
88
20102000
02012000
00111111
22211000
10212220
00011100
00010212
00000201
62
20102200
02012100
00121111
22211000
10212220
00011100
00010212
00000201
41
20112200
02011200
00121121
22211002
10212220
00011100
00010212
00000201
57
20112200
02011200
00121121
22211002
10222220
00012100
00011212
00000221
64
20112200
02011200
00121121
22211102
10221120
00012102
00011222
00000221
71
20111110
02011100
00121121
22212102
10221220
00012222
00011222
00000221
36
20111110
02011100
02221121
22211102
10121220
00112222
00011222
00000221
74
20111110
02011100
02221121
22211112
10121120
02222222
00011222
00000221
27
20111110
02011100
02221121
22211112
10111120
02122222
01022222
00020221
82
20111110
02011101
02221111
22211112
10111120
02122222
02022222
02020221
18
20111110
02011101
02221111
22211112
10211120
02222222
01222222
12020221
58
20111110
02011121
02221221
22212122
10221120
02221222
01221222
12021111
16
20111110
02222221
02221221
22212122
10221120
11111222
01221222
12021111
25
20111112
02221222
02211222
22112122
11111120
11111222
01221222
12021111
21
21111112
22221222
02211222
21212122
11121120
11112222
01221222
12021111
13
21111112
21221222
21112222
21222122
21221120
22112222
22221222
12021111
85
21111112
21221222
21112122
21222112
21221111
22112211
22221121
12021111
38
