00000000
00000000
00000000
00021000
00012000
00000000
00000000
00000000
65
00000000
00000000
00000000
00022200
00011100
00000000
00000000
00000000
33
00000000
00000000
00100000
00012200
00011200
00000200
00000000
00000000
63
00000000
02000000
00200100
00021200
00012200
00000200
00000000
00000000
56
00000000
02000200
00200200
00021200
00011200
00001200
00000000
00000000
34
00000000
02000200
00200200
00111200
00012200
00022200
00000000
00000000
72
00000000
02000222
00200100
00111200
00012200
00022200
00000000
00000000
11
10000000
01000222
02100100
00211200
00022200
00022200
00000000
00000000
35
10000000
01000222
02220100
00122200
00122200
00022200
00000000
00000000
32
10020000
01200222
02120100
00122200
00122200
00022200
00000000
00000000
52
10020000
01222222
02120100
00122200
00122200
00022200
00000000
00000000
31
10120000
22222222
02120100
00122200
00122200
00022200
00000000
00000000
61
10120100
22221122
02210100
02222200
00222200
00022200
00000000
00000000
77
10120100
21221122
02222100
02222200
00221200
00022100
00000010
00000000
26
10120100
21221122
02221100
02222200
00122200
01022200
00000020
00000002
51
10111100
21221122
02221100
02222200
02222200
01022200
00000020
00000002
57
10111100
21221122
02222220
02221200
02221200
01021200
00001020
00000002
16
10111100
21221122
02212220
02121200
01221200
12021200
20001020
00000002
15
10111100
21211122
02112220
01121200
11221200
12022200
20001220
00000002
18
10111100
21211122
02112220
01121200
11221200
12022200
10002220
10000202
81
12111101
22211112
02112120
01121200
11221200
12022200
10002220
10000202
78
12111101
22211112
02112120
01121200
11211200
12022200
10022120
10000212
75
12111101
22211112
02111120
01121102
11211120
12022200
10022120
10000212
36
12111101
22211112
02111120
02121102
12111120
12122200
12022120
10000212
87
12111101
22211112
02211120
02221102
12211120
12222200
12222111
10000212
76
12222221
22211222
02212120
02221102
12211120
11111110
12222111
10000212
83
12222221
22211221
02212111
02221102
12211120
11111112
12222122
10000212
85
12222221
22212221
02212221
02222221
12211221
11112122
12222122
10000212
28
12222221
22212221
02212221
02222221
12211221
11112122
11122222
11002212
14
12222221
22212221
02212221
11111111
11211221
11212122
11222222
11202212
48
