00000000
00000000
00020000
00022000
00021000
00000000
00000000
00000000
35
00000000
00000000
00020000
00022000
00112000
00002000
00000000
00000000
42
00000000
00010000
00010000
00222000
00122000
00002000
00000000
00000000
65
00000000
00010000
00010000
00221000
00121100
00022000
00000000
00000000
36
00000000
00010000
00010000
00221000
00211100
00222000
00200000
00000000
24
00000000
00010000
00012000
01122000
00212100
00222000
00200000
00000000
38
00000000
00010000
00012000
01122000
00112220
00122000
00100000
00100000
47
00000000
00010000
02012000
01222000
00122220
00112000
00110000
00100000
66
00000000
00010000
02012000
01222000
00122220
00211100
02110000
00100000
22
00000000
01010000
01012000
01222000
00122220
00221100
02210000
02100000
76
00000000
01010000
01012000
01221000
00122120
00221220
02210020
02100000
25
00000000
01010000
21012000
02121000
01222120
00121220
02210020
02100000
86
00000000
01010000
21012000
02121000
02222120
02221111
02210020
02100000
64
00000000
01010000
21011020
02121200
02222110
02221111
02210020
02100000
78
00000000
01010000
21011020
02121200
02222110
02221211
02210020
02100012
67
00000000
01010000
21011020
02121200
02222210
02221211
02210220
02100222
16
00000000
01010000
21011020
02121220
01222220
11111221
01210220
02100222
87
00000000
01010000
21011020
02121220
01222120
11121211
01220221
02220222
83
00000000
01010000
21011221
02122210
01222120
11121211
01220221
02220222
62
00000000
01010100
21011121
02122110
01222120
11221211
02220221
22220222
58
00000000
01010100
21011121
02122110
22222120
12121211
02210121
22221222
14
00000000
01010100
21011121
11122222
11222120
12121211
02210121
22221222
72
00000000
01012110
21012111
11122212
11222110
12121211
02210121
22221222
51
00001000
01011110
22211111
11221212
11221110
12121211
02210121
22221222
85
00001002
01011120
22211211
11222211
11221111
12121211
02210121
22221222
12
00001022
11011220
11212211
11122211
11211111
12121211
02210121
22221222
17
00001022
11222220
11222211
11122211
11211111
12121211
11110121
22221222
41
02011022
12211220
12222111
12112211
12211111
12121211
11110121
22221222
11
12211022
11221220
12122111
12112211
12211111
12121211
11110121
22221222
82
12222222
11222211
12122211
12112211
12211111
12121211
11110121
22221222
57
