00000000
00000000
00000000
00021000
00012000
00000000
00000000
00000000
65
00000000
00000000
00000000
00022200
00011100
00000000
00000000
00000000
43
00000000
00000000
00010000
00222200
00011100
00000000
00000000
00000000
73
00000000
00000000
00010010
00222220
00011100
00000000
00000000
00000000
75
00000000
00020000
00020010
00222210
00011110
00000000
00000000
00000000
41
00010000
00010000
00010010
00212210
00022110
00002000
00000000
00000000
24
00010000
00010000
00210010
01122210
00022110
00002000
00000000
00000000
46
00010000
00010000
02210010
01212110
00021110
00012000
00000000
00000000
57
00010000
00010000
02210010
02212110
20021110
00011000
00001000
00000000
13
00010000
02010000
12110010
02212110
20021110
00011000
00001000
00000000
25
00010000
02010000
12110010
02112110
21021210
00011020
00001000
00000000
31
00110000
01010000
12110012
02112120
21021210
00011020
00001000
00000000
12
00110000
11010000
11110012
02112120
21022210
00012020
00002000
00002000
87
00112000
11020000
11210012
02111120
21022110
00012010
00002001
00002000
36
00112000
11020000
11210012
02211120
22222110
00122010
00002001
00002000
32
00112000
11120000
11110012
02111120
22122110
00222010
02002001
00002000
26
00112000
11120002
11110022
01111220
21122110
01222010
02002001
00002000
18
00112000
11120002
11110022
01111220
21112110
02122010
01202001
10002000
84
20112000
12120002
11210022
01121111
21112110
02122010
01202001
10002000
47
20112000
22120002
21210022
22221111
22112110
02211010
01122001
10002000
53
20112000
22110002
21211022
22211121
22112120
02211020
01122021
10002000
85
20112000
22110002
21211022
22211121
22122111
02212020
01122221
10002000
63
20112000
22110002
21211122
22211111
22122111
02212020
22222221
10002000
81
20112001
22110021
21211221
22212111
22122111
02212020
22222221
10002000
16
22222001
22210021
21221221
22112111
21122111
11112020
12222221
10002000
48
22222001
22222021
21222221
22112111
21122111
11112020
12112221
10012000
71
22222011
22222011
21222211
22112211
21122121
11112022
12112221
10012000
68
22222011
22222011
21222211
22112211
21122121
11112022
12111222
10011102
62
22222011
22222111
21221111
22112111
21122121
11122022
12211222
12011102
38
22222011
22222111
21221111
22112111
21122121
11122022
11111222
11111102
61
22222111
22221111
21211111
22112111
21122121
11122022
11111222
11111102
78
