00000000
00000000
00000000
00012000
00022200
00000000
00000000
00000000
46
00000000
00000000
00000000
00012000
00022200
00210000
00000000
00000000
66
00000000
00000000
00000000
00012000
00022200
00222100
00000000
00000000
26
00000000
00000000
00000000
00012000
00022200
01111200
00000020
00000000
76
00000000
00000000
00000000
00012000
00022200
01112110
00002020
00000000
68
00000000
00000000
00000000
00012000
00022200
01112120
00001022
00000100
64
00000000
00000000
00000200
00012100
00021100
01112120
00001022
00000100
88
00000000
00000000
00000200
00012100
00021100
01212120
02001012
00000101
35
00000000
00000000
00000200
00012100
00111100
22212120
02001012
00000101
67
00000000
00000000
00000200
00012100
00112100
22212120
02002212
00002101
37
00000000
00000000
00002200
00022100
00212100
22112120
02102212
00002101
34
00000000
00000000
00002200
00111100
00112100
22112120
02202212
00022101
72
00000000
00000010
00002100
00111100
00112100
22112120
02202222
00022221
86
00000000
00000010
00002220
00111200
00112100
22112111
02202221
00022221
18
00000000
00000010
00002220
00111200
00112100
22112111
02202221
10222221
52
00020000
00002010
00001220
00111200
00112100
22112111
02202221
10222221
74
00020000
00002210
00002210
00121110
00212100
22112111
02202221
10222221
51
00021000
00001110
00001222
00121120
00212200
22112111
02202221
10222221
75
00021000
00001110
00201212
00221110
00211110
22112111
02202221
10222221
32
00021000
00101110
00101212
00122222
00111120
22112211
02202221
10222221
43
00021020
00101220
00112222
00121222
00211120
22112211
02202221
10222221
82
00021020
00121111
00122212
00121122
00211120
22112211
02202221
10222221
47
00221020
00221111
00222212
00221122
00211120
22111211
02211111
10222221
17
00221020
00221111
00221212
00211122
20111120
22111211
11211111
10222221
23
00221020
00221111
01211212
02222222
20211120
22121211
11212111
10222221
25
00221020
00221111
01211212
01122222
21111122
21121221
11212211
10222221
28
00221020
00221111
02211212
22222222
21111122
21111221
11112211
11111111
12
00221022
10221122
01211212
22122222
21111122
21111221
11112211
11111111
21
01111022
12221122
02211212
22122222
21111122
21111221
11112211
11111111
13
