00000000
00000000
00000000
00021000
00012000
00000000
00000000
00000000
65
00000000
00000000
00000000
00021000
00021100
00020000
00000000
00000000
34
00000000
00000000
00000000
00111200
00022100
00020000
00000000
00000000
66
00000000
00000000
00020000
00121200
00021100
00020100
00000000
00000000
63
00000000
00000000
00020100
00121100
00022100
00020200
00000020
00000000
35
00000000
00000000
00020100
00122220
00111100
00020200
00000020
00000000
47
00000000
00000000
00020100
00122220
00121100
00210200
00010020
00000000
84
00000000
00000000
02020100
00211111
00121100
00210200
00010020
00000000
24
00000000
00000000
02020100
01111111
00122220
00210200
00010020
00000000
42
00000000
00010000
02010100
01111111
00122220
00210200
00020020
00002000
67
00020000
00020000
02020100
01121111
00122120
00210100
00020120
00002000
86
00020000
00020000
02020120
01121211
00122110
00210101
00020120
00002000
62
00020200
00020200
02020210
01121211
00122110
00210101
00020120
00002000
88
00020200
00020200
02020210
01121221
00122222
00210101
00020110
00002001
27
00020200
00020200
02020210
01121221
00112222
00110102
01020112
00002001
33
00020200
00020200
02120210
02211221
02222222
00210102
01020112
00002001
48
00020200
02020200
02220210
02221221
02222222
00210102
01010112
00012001
13
00020200
02020200
12220210
02221221
22122222
00210102
01010112
00012001
32
00020200
02122200
12120210
02221221
22122222
00210102
01010112
00012001
72
00220200
02211110
12220110
02221221
22122222
00210102
01010112
00012001
12
00220200
11111110
12220110
02221221
22122222
00210122
01010212
00012001
14
00220200
11111110
11220110
11111221
21122222
00110122
01010222
00012201
53
00220200
11211110
11211110
11211221
21222222
00220122
01210222
00012201
16
00220220
11211220
11212120
11221221
11222222
10220122
01210222
00012201
57
00220220
11211220
11212120
11221221
11122222
10210122
22211222
00012201
21
01220220
11111220
11212122
11221222
11122222
10210122
22211222
00012201
81
01222221
11122210
11212122
11221222
11122222
10210122
22211222
00012201
38
01222221
11122210
11212122
11221222
11122222
10112222
21112222
00112201
18
22222221
12122210
11212122
11221222
11122222
10112222
11112222
10112201
78
22222221
12122210
11212112
11121212
11112212
10121212
11212112
12111111
26
