00000000
00000000
00000000
00021000
00012000
00000000
00000000
00000000
34
00000000
00000000
00000000
00111000
00222000
00000000
00000000
00000000
26
00000000
00000000
00020000
00121000
00122000
01000000
00000000
00000000
56
00000000
00000000
00020000
00121000
00112000
01001200
00000000
00000000
52
00000000
00021000
00020000
00121000
00112000
01001200
00000000
00000000
76
00000000
00021000
00020000
00121000
00112000
01002110
00002000
00000000
41
00010000
00011000
00210000
00121000
00112000
01002110
00002000
00000000
24
00010000
02011000
00210000
01121000
00112000
01002110
00002000
00000000
23
00010000
02011000
01110000
01121000
00212000
02002110
20002000
00000000
65
00010000
02011000
01110000
01121000
00222220
02002210
20002000
00000000
74
00010000
02011000
01110000
01121010
00222210
02002222
20002000
00000000
48
00010000
02011000
01110002
01121020
00222210
02002122
20001000
00010000
25
00010000
02011000
01110002
01122220
01111120
02002122
20001000
00010000
87
00010000
02011000
01110002
01122220
01112120
02002222
20001021
00010000
53
00010000
02211000
01121002
01112220
01111220
02001222
20001021
00010000
84
00010000
02211000
01121002
01121111
01121210
02022222
20001021
00010000
88
00010000
02211000
01121002
01121111
22221210
02022122
20001011
00010001
16
00010000
02211000
01121002
01121111
21221210
12022122
20002021
00010201
37
00010000
02222200
01122002
01121111
21221210
12012122
20102021
00010201
78
00010000
22222200
02122002
01221111
21221210
12012112
20102011
00010211
85
00010000
22222200
02122202
01222211
21221211
12012111
20102011
00010211
73
00010000
22222200
02111112
01222111
21221211
12222111
20102011
00010211
21
01010000
21122200
01111112
01222111
21221211
12222211
20102211
00010211
27
01010000
21122200
01111112
22221111
21211211
11122211
21102211
00010211
47
01210000
21222200
01211112
22221111
21211111
11111211
21111111
00010211
13
01222000
21222200
11211112
11221111
11111111
11111211
21111111
00010211
82
22222000
22222201
11211111
11221111
11111111
11111211
21111111
00010211
58
22222000
22222201
11211111
11221111
11211111
11211211
21211111
00211111
28
22222000
22222201
11211111
11221111
11211111
11211211
22111111
21111111
71
22222010
22222221
11211211
11222111
11221111
11211211
22111111
21111111
61
