00000000
00000000
00020000
00022000
00021000
00000000
00000000
00000000
53
00000000
00000000
00021000
00021000
00022000
00000200
00000000
00000000
33
00000000
00002000
00112000
00022000
00022000
00000200
00000000
00000000
63
00000000
00022000
00121100
00022000
00022000
00000200
00000000
00000000
41
00010000
02021000
00221100
00022000
00022000
00000200
00000000
00000000
56
00010000
02022200
00222100
00021000
00021000
00001200
00000000
00000000
35
00010000
02022200
00222100
00022000
00112000
00002200
00002000
00000000
71
00010010
02022100
00222220
00012000
00112000
00002200
00002000
00000000
11
10010010
01022100
00122220
00022000
00212000
02002200
00002000
00000000
83
10010010
01022100
00111111
00022000
00222000
02022200
00002000
00000000
51
10011010
01011120
00111211
00022000
00222000
02022200
00002000
00000000
64
10011010
01011120
00111121
00022220
00222000
02022200
00002000
00000000
84
10011210
01011220
00111211
00022221
00222000
02022200
00002000
00000000
37
10222210
01011220
00111211
00022121
00221000
02012200
00102000
00000000
21
11111110
01011220
00111211
00022221
00222200
02012200
00102000
00000000
75
11111110
01011220
02222211
00022111
00222210
02012200
00102000
00000000
76
11111110
01011220
02222211
00022111
00222210
02012210
00102200
00000000
47
11111110
01222220
02222211
00022111
00222110
02011210
00112200
00000000
25
11111110
01222220
02222211
00222111
01121110
02012210
00112200
00000000
48
11111110
01222220
02222211
00222111
01121110
02012110
02222200
00010000
24
11111110
01212220
01122211
01211111
02121110
22012110
02222200
00010000
82
11111110
01211111
02122211
22211111
02121110
22012110
02222200
00010000
38
11111110
01211111
02122211
22211111
02221110
22211110
02212200
00110000
18
11111110
01211111
02122211
22211111
02211110
22111110
02212200
12110000
68
11111110
01211111
02122211
22212111
02211210
22111120
02211102
12110100
77
11111112
01211121
02122211
22212111
02211210
22111110
02211112
12110100
12
11111112
11211121
01122211
22112111
02212210
22212110
02222112
12222100
15
11111112
11211121
22222211
22112111
11212210
22222110
02222112
12222100
17
11111112
11211121
22222211
22112211
11112220
11222222
11111112
12222100
85
11111112
11211121
22222221
22112221
11111121
11222222
11111222
12222220
88
