00000000
00000000
00000000
00021000
00012000
00000000
00000000
00000000
43
00000000
00000000
00010000
00011000
00222000
00000000
00000000
00000000
36
00000000
00000000
00012000
00022000
00212000
00100000
00000000
00000000
63
00000000
00000000
00011100
00021000
00222000
00120000
00000000
00000000
47
00000000
00000000
00211100
00021000
00212000
00110000
00010000
00000000
64
00000000
00000200
00212100
00021100
00211000
00110000
00010000
00000000
22
00000000
01000200
00112220
00011100
00211000
00110000
00010000
00000000
42
00000000
01010200
02222220
00011100
00211000
00110000
00010000
00000000
52
00000000
01222200
02221220
00011100
00211000
00110000
00010000
00000000
71
00000010
01222100
02221220
00011100
00211000
00120000
00012000
00000000
56
00000010
01222100
02221220
00012100
00221000
00211000
02012000
00000000
24
00000010
01222100
01221220
01022100
00122000
00222200
02012000
00000000
68
00000010
01222100
01221220
01022100
00122000
00222200
02022000
00020100
37
00000010
01222100
01221220
01022200
00122200
00112200
02122000
00020100
67
00000010
01222100
01221120
01022100
00122200
00112220
02111100
00020100
86
00000010
01222100
01221120
01022100
00222200
02111111
02211100
00020100
31
00100010
01212100
01221120
01022100
00222200
02112111
02212100
00022100
41
00110010
01111100
01221120
01022100
00222220
02112211
02212100
00022100
17
00110010
01111100
01221120
01012100
00122220
01122211
11212100
02022100
84
00110010
01111100
01221110
01012101
00122220
22222211
11212100
02022100
25
00110010
01111100
01221110
01012221
01122220
21122211
11212100
02022100
85
00110010
01111100
01221110
01012211
01111211
21122221
11212102
02022100
77
20110010
02111100
01221110
01012211
01111211
21122111
11212112
02022100
15
20112010
02122100
01222110
01012211
11111211
11122111
11212112
02022100
88
20112010
02122220
01222210
01012211
11111211
11122111
11212111
02022101
21
21112010
01122220
01222220
01012221
11111221
11122121
11212221
02022221
38
21112010
01122220
01222220
01222221
11121221
11122121
11112221
02111111
82
21112010
01111111
01222222
01222121
11121221
11122121
11112221
02111111
18
21112012
01111122
01222222
01222121
11121221
11122121
11112221
11111111
61
21111112
01111122
22222222
02222121
11221221
11122121
11112221
11111111
14
