00000000
00000000
00000000
00222000
00021000
00000000
00000000
00000000
53
00000000
00000000
00001000
00222200
00021000
00000000
00000000
00000000
35
00000000
00000000
00001000
00212200
00221000
00200000
00000000
00000000
46
00000000
00000000
00001000
00212200
00212000
00220000
00200000
00000000
74
00000000
00000000
00001020
00211210
00212000
00220000
00200000
00000000
66
00000000
00000000
00021020
00221210
00221000
00220100
00200000
00000000
28
00000000
00020000
00022020
00221210
00221000
00210100
00100000
01000000
52
00000000
00021000
00021020
00221210
00221000
00220100
00102000
01000000
24
00000000
00021000
00021020
01111222
00221000
00220100
00102000
01000000
31
00100200
00012000
00021020
01111222
00221000
00220100
00102000
01000000
82
00100200
00012201
00022020
01121122
00221000
00220100
00102000
01000000
27
00100200
00012201
20022020
02121122
00211000
00120100
01102000
01000000
33
00100200
00012201
20122020
02111222
00211020
00120200
01102000
01000000
51
00122200
00021201
20121020
02111222
00211020
00120200
01102000
01000000
86
00122200
00021201
20121020
02211122
02211010
00120201
01102000
01000000
23
02222200
00021201
21121020
02111122
02211010
00120201
01102000
01000000
72
02222200
00021121
21121012
02111112
02211010
00120201
01102000
01000000
26
02222200
00021121
21221012
02111112
21111010
01120201
01102000
01000000
77
02222200
00021121
21221022
02111122
21111020
01120121
01102010
01000000
56
02222200
00021121
21221022
02121122
21121020
01121121
01122010
01000000
85
02222220
00021221
21222021
02121121
21121021
01121121
01122010
01000000
63
02222220
00021221
21111111
02121111
21121021
02121121
01222010
01020000
65
02222220
00021221
21111111
22121111
22121111
02221121
01222010
01020000
58
02222220
00021221
21111111
22121111
22121111
02221121
02221010
21021000
16
02222220
02021221
22211111
22121111
21121111
11111121
02221010
21021000
11
12222220
01021221
22111111
22111111
21121111
11111121
02221010
22221000
67
12222220
01021221
22111211
22111211
21221211
11121211
02222210
22222200
81
11111111
01221211
22221111
22212211
21221211
11121211
02222210
22222200
12
11111111
11221211
11221111
12112211
11211211
12121211
22222210
22222200
78
11111111
11221211
11221111
12112211
11211211
12121221
22222222
22222210
88
