00000000
00000000
00000000
00021000
00012000
00000000
00000000
00000000
34
00000000
00000000
00200000
00121000
00012000
00000000
00000000
00000000
32
00000000
00100000
00100000
00122200
00012000
00000000
00000000
00000000
74
00000000
00100000
00100020
00111210
00012000
00000000
00000000
00000000
72
00000000
00100010
00100010
00111210
00222000
00000000
00000000
00000000
56
00000000
00100010
00100010
00111222
00211000
00001000
00000000
00000000
75
00000000
00100010
00100010
00111212
00222210
00001000
00000000
00000000
66
00200000
00200010
00200010
00211212
00221210
00001100
00000000
00000000
26
00200000
00200010
00200010
00211212
00122210
01021100
00000000
00000000
23
00200000
00200210
01200020
00111212
00112210
01021100
00000000
00000000
41
00210000
00100210
01200020
00111212
00112210
01021200
00000200
00000000
53
00210000
00100210
01201020
02222222
00212210
01021200
00000200
00000000
78
00210000
00102210
01202020
02222222
00212210
01021200
00000100
00000010
21
01110000
20102210
02202020
02222222
00212210
01021200
00000100
00000010
14
01110000
20102210
01202020
12222222
00212210
02021200
20000100
00000010
47
01110000
20102210
01202020
12222222
00212210
02011200
20010200
00000210
83
01110000
20102210
01202021
12222212
00212222
02011200
20010200
00000210
13
01110000
20102210
11202021
11222212
00122222
02021200
20020200
00020210
11
11110000
10102210
11202221
11222222
00122222
02021200
20020200
00020210
36
11110000
10102210
11202121
11221222
00212222
02221200
20220200
00020210
16
11110000
10102210
11202121
11221222
00212222
11111200
20220200
00020222
76
11110000
10102222
11202122
11221212
00212112
11111110
20220200
00020222
28
11110000
10102222
11202122
11221212
00212112
11211110
20220200
01220222
43
11110000
10102222
11111122
11211212
00212112
11211110
20220200
22220222
27
11110000
10102222
11111122
11211212
00212122
11122210
21222200
22220222
81
11110001
12102212
11211122
11221212
00212122
11122210
21222200
22220222
58
11110001
12102212
11211122
11221212
00211122
11121222
21211100
22221222
25
11110201
12102222
11211122
11121212
01111122
11121222
21211100
22221222
77
11110201
12222222
11222122
11121212
01111112
11121112
21211110
22221222
87
11110201
12222221
11222121
12121211
21111111
22121111
21211111
22221222
71
11110211
12222111
11221111
12111211
21111111
22121111
21211111
22221222
51
