00000000
00000000
00000000
00021000
00012000
00000000
00000000
00000000
65
00000000
00000000
00000000
00021000
00021100
00020000
00000000
00000000
33
00000000
00000000
00100000
00011200
00022100
00020000
00000000
00000000
66
00000000
00000000
00120000
00021200
00021100
00020100
00000000
00000000
73
00000000
00000000
02220010
00021100
00021100
00020100
00000000
00000000
37
00000000
00000000
02220010
00021100
00022100
00010200
00100020
00000000
35
00000000
00000000
02220010
00021100
00121100
00020200
00120020
00000000
32
00000000
00100000
02210010
00021100
02221100
00020200
00120020
00000000
15
00200000
00200000
02210010
00021100
11111100
00020200
00120020
00000000
48
00200000
00200000
02220010
00022100
11111200
00010220
00110020
00010000
53
00200000
00200000
02222210
00011200
11111200
00010220
00110020
00010000
88
00200000
00200000
02222210
00011200
11112200
00020120
00210010
02010001
62
00200000
00200100
02221110
00011100
11112100
00020120
00210020
02010021
42
00200000
00210100
02222222
00011100
11112100
00020120
00210020
02010021
22
00200000
01110100
02122222
02011100
11212100
00020120
00210020
02010021
52
00200020
01111200
02122222
02021100
11212100
00020120
00210020
02010021
87
00200020
01211200
02222222
02221100
11212100
00020110
00210021
02010021
67
00200020
01211200
02222222
02221200
11212220
00020120
00210121
02010021
68
00200220
01212200
02222222
02221200
11212220
00020120
00210121
02010111
21
01200220
02112200
22212222
02221200
11212220
00020120
00210121
02010111
51
01222220
02222200
22221222
02221200
11212220
00020120
00210121
02010111
85
01222220
02222200
22221222
02221200
12211111
02020110
00210121
02010111
14
01222220
02222200
22221222
11111220
12211121
02020120
00210121
02010111
36
01222220
02222200
22221222
21211220
22111121
22120120
00210121
02010111
56
01222220
02222200
22221222
21212220
22121121
22211120
02210121
02010111
86
01222220
02222200
22221222
21212120
22121111
22211111
02220111
02012111
81
01111111
02222200
22221222
21212120
22121111
22211111
02220111
02222111
11
11111111
22222200
22121222
21212120
22121111
22211111
02220111
02222111
72
11111111
22222210
22121212
22212110
22222111
22222111
02222111
02222111
17
11111111
12222210
12121222
12212222
12122121
11222211
11112111
02222111
82
