00000000
00000000
00020000
00022000
00021000
00000000
00000000
00000000
53
00000000
00000000
00021000
00022000
00022200
00000000
00000000
00000000
56
00000000
00000200
00022000
00021000
00021200
00001000
00000000
00000000
76
00000000
00000200
00022000
00021000
00022100
00001210
00000000
00000000
34
00000000
00000200
00022000
00211000
02012100
00001210
00000000
00000000
52
00000000
00001200
00021000
00211000
02012100
00001222
00000000
00000000
16
00000000
00001200
00012000
00121000
01222100
10001222
00000000
00000000
87
00002000
00002200
00012000
00121000
01222100
10001212
00000001
00000000
46
00002000
00002200
00012000
00111000
22212100
10011212
00000001
00000000
14
00002000
00002200
00012000
10111200
12212200
10011212
00000001
00000000
61
00002100
00001200
00012000
10111200
12212200
10222212
00000001
00000000
72
00002100
00001110
02012000
10211200
12222200
10222212
00000001
00000000
63
00002100
00001210
02011120
10211200
12222200
10222212
00000001
00000000
67
00002100
00001210
02011120
10211100
12222220
10222112
00000101
00000000
47
00002100
00001210
02222220
10221100
11212220
10112112
00010101
00000000
57
00002100
00001210
02222220
10221100
11221220
10121212
00022101
00020000
24
00002100
00022210
02222220
11111100
11221220
10121212
00022101
00020000
71
00002110
00022110
02221220
11111100
11221220
10221212
00222101
00020000
83
00002110
00022110
22221111
12111100
11221220
10221212
00222101
00020000
85
00002110
00022110
22221111
12111100
12221111
12221211
00222101
00020000
17
00002110
00022110
22221111
12111100
12121111
11221211
10222201
00020200
77
00002110
00022110
22221111
12111100
12121111
12221111
12222211
00020200
32
00002110
00111110
21111111
22111100
22121111
22221111
22222211
20020200
58
00022110
00221110
22121111
22121100
22121111
22221111
22221111
20021200
12
00022110
10222110
21121211
22122220
22121211
22222111
22221111
20021200
21
21022110
20122110
21111211
22121220
22121111
22222111
22221111
20021200
28
21022110
20122222
21111221
21121220
21121111
21212111
21121111
21021200
31
21111110
22222222
21211221
21121220
21121111
21212111
21121111
21021200
81
21111111
22222211
21211121
21121220
21121121
21212121
21121221
21021220
84
21111111
22222111
21211111
21121111
21121111
21212121
22221221
22221220
88
