00000000
00000000
00020000
00022000
00021000
00000000
00000000
00000000
33
00000000
00000000
00120000
00012000
00022000
00002000
00000000
00000000
66
00000000
00000000
00120000
00012000
00021000
00002220
00000000
00000000
64
00000000
02000000
00220000
00021100
00022000
00002220
00000000
00000000
57
00000000
02000000
00220200
00022100
00021000
00001220
00001000
00000000
62
00000000
02000100
00220100
00022100
00021000
00001220
00002000
00020000
36
00000000
02000100
00222100
00022100
00012000
00102220
00002000
00020000
23
00000000
02002100
01112100
00022100
00012000
00102220
00002000
00020000
65
00000000
02002100
02112100
02021100
00011100
00102220
00002000
00020000
13
00000000
02002100
11112220
02021100
00011100
00102220
00002000
00020000
72
00000000
02002110
11112220
02022220
00011200
00102220
00002000
00020000
87
00000002
02002120
11112220
02021220
00011100
00102210
00002001
00020000
42
00200002
02021120
11112220
02021220
00011100
00102210
00002001
00020000
83
00200022
02021220
11112111
02021210
00011100
00102210
00002001
00020000
15
00200022
02021220
12112111
02021210
12011100
00102210
00002001
00020000
77
00200022
02021220
12112121
02021222
12011100
00102110
00002011
00020000
51
00221022
02022220
12122221
02021222
12011100
00102110
00002011
00020000
61
00221122
02022110
12122121
02021122
12012100
00102210
00002021
00020002
85
00221122
02022110
12122121
02021221
12012221
00102220
00002021
00020002
34
00221122
02021110
12122121
02121221
12022221
00122220
00002021
00020002
32
00221122
02222222
12112121
02121221
12022221
00122220
00002021
00020002
11
10221122
01222222
12212121
02221221
12222221
00122220
00002021
00020002
86
10221122
01222222
12212121
02221221
12222221
00222111
00022021
00020002
78
10221122
22222222
12212121
02221221
12222221
00222111
00022011
00020012
14
10221122
22222222
12212121
11111221
12222221
00222211
00022211
00020012
21
11111122
21122222
11212121
11111221
12222221
00222211
00022211
00020222
58
11111122
21122222
11212121
11111221
11221221
00122211
00021111
00221222
26
11111122
21122222
11212121
11121221
11221221
02122211
20021111
00221222
37
11111122
21122222
21222121
21221221
22221221
22222211
20111111
00221222
18
11111122
11122222
11222121
11221221
12221221
12222211
10211111
12221222
27
