00000000
00000000
00020000
00022000
00021000
00000000
00000000
00000000
35
00000000
00000000
00020000
00022000
00121000
00020000
00000000
00000000
37
00000000
00000000
00020000
00022000
00221000
02010000
00100000
00000000
15
00000000
00000000
00020000
00022000
10221000
01020000
00120000
00000000
25
00000000
00000000
00020000
00022000
11112000
01020200
00120000
00000000
48
00000000
00000000
00020000
00022000
11122000
01210200
00110000
00010000
65
00000000
00000000
00020000
00022000
11211100
02210200
20110000
00010000
34
00000000
00000000
00020000
00222000
12111100
22110200
20110000
00010000
63
00000000
00000000
00020100
00221000
12111100
22210200
20120000
00012000
42
00020000
00020000
00020100
00221000
12121100
22220200
20120000
00012000
57
00020000
00020000
00020100
00221000
12121100
22210200
20211000
00222000
27
00020000
00020000
00020100
00221000
12222220
22110200
21111000
00222000
33
00020000
00020000
00120100
00122200
12122220
22110200
21111000
00222000
14
00020000
00020000
00120100
10122200
11122220
22210200
22111000
20222000
28
00020000
00020000
20120100
20122200
21122220
21210200
21111000
21222000
52
00020000
00021000
22110100
20222200
21122220
21210200
21111000
21222000
76
00020200
00022000
22120100
20221200
21122120
21210210
21111000
21222000
53
00020200
00022000
22111100
20211200
21122120
21210210
22222200
21222000
86
00020200
00022000
22222220
20211200
21122110
21210211
22222200
21222000
72
00020200
00022010
22222120
20211200
21122110
21222211
22222200
21222000
74
00020200
00022010
22222110
22211110
22222110
22222211
22222200
21222000
32
00220200
00222010
22212110
22211110
22222110
22222211
22222200
21222000
62
00220220
00222210
22212110
22221110
22222110
22222211
22222200
21222000
68
00220220
00222220
22212120
22221120
22222120
22222221
22222220
21111100
22
00220220
22222220
22212120
21221120
21222120
21222221
21222220
21111100
87
00220220
22222220
22212120
21221120
21222120
21222221
21111221
22222220
51
00221220
22211220
22111120
21221120
21222120
21222221
21111221
22222220
11
12221220
22211220
22111120
21221120
21222120
21222221
21111221
22222220
83
12221220
22211222
22111121
21221210
21222120
21222221
21111221
22222220
81
12221111
22211211
22111121
21221222
21222120
21222221
21111221
22222220
85
12221111
22211211
22111121
21221211
21222111
21222221
21111221
22222220
88
