00000000
00000000
00000000
00021000
00012000
00000000
00000000
00000000
43
00000000
00000000
00210000
00021000
00012000
00000000
00000000
00000000
65
00000000
00000000
00210000
00021000
00012100
00000200
00000000
00000000
56
00000000
00020000
00220000
00021000
00011100
00001200
00000000
00000000
41
00012000
00020000
00210000
00011000
00011100
00001200
00000000
00000000
61
00011100
00020000
00220000
00021000
00021100
00022200
00000000
00000000
36
00011100
00020000
00220000
00022200
00012200
00122200
00000000
00000000
24
00011100
00010000
02220000
01022200
00012200
00122200
00000000
00000000
63
00011100
00010200
02220200
01021200
00012200
00122200
00000000
00000000
76
00011100
00010200
02220200
02021200
20012100
00111110
00000000
00000000
22
00011100
01010200
02120200
02222200
20011100
00111110
00000000
00000000
35
02011100
02010200
02120200
02122200
20111100
00111110
00000000
00000000
74
02011100
02010200
02120200
02211210
20121200
00112210
00000200
00000000
75
02011100
02010200
02120200
02211210
20121120
00112222
00000200
00000000
57
02011100
02010200
02120200
02211210
20222120
00221222
00201200
00000000
52
02011100
02222200
02220100
02211210
20222120
00221222
00201200
00000000
85
02011100
02222220
02220200
02212210
20222111
00221222
00201200
00000000
73
02011100
02222120
02220210
02212210
20222111
00222222
00202200
00002000
77
02011100
02222122
02220220
02212210
20221111
00222112
00202210
00002000
26
02011100
02222122
02220220
02212210
22221111
01111112
00202210
00002000
81
02011101
02222112
02220120
02211210
22211111
02111112
02202210
00002000
11
12011101
01222112
02120120
02221210
22221111
02221112
02222210
00002000
28
12011101
01222112
22220120
02221210
21221111
01211112
01122210
01002000
48
12011101
01222112
22220120
02221210
22221111
22211112
01111210
01012000
31
11111101
01122112
22120120
02121210
22121111
22111112
22222210
01012000
38
11111101
01122112
22120120
02121220
22121121
22111122
22112220
01112020
88
11111101
22222112
22120120
02121220
22121121
22111122
22112210
01112021
83
11111101
22222111
22120111
02121210
22121121
22111122
22112220
01112221
14
11111101
12122111
11120111
11121222
21121122
22111122
22112220
01112221
18
11111121
12122121
11120121
11121222
11121122
12111122
11112220
11112221
53
11111121
12111121
11111121
11111222
11121122
12111122
11112220
11112221
87
