00000000
00000000
00000000
00012000
00022200
00000000
00000000
00000000
64
00000000
00000000
00000200
00012200
00022200
00000000
00000000
00000000
74
00000000
00000000
00000200
00011120
00022202
00000000
00000000
00000000
72
00000000
00000010
00200100
00021120
00022202
00000000
00000000
00000000
66
00000002
00000020
00200200
00022120
00022102
00000100
00000000
00000000
62
00000002
00002220
00200200
00022120
00022102
00000100
00000000
00000000
34
00000002
00002220
00200200
00111120
00022102
00000200
00000020
00000000
22
00000002
01002220
02100200
00211120
00022102
00000200
00000020
00000000
46
00000002
01002220
02100200
00212120
00021102
00210200
00000020
00000000
84
02000002
02002220
02100200
00212111
00021102
00210200
00000020
00000000
24
02000002
02002220
02100202
01112112
00021102
00210200
00000020
00000000
61
02000102
02002120
02100102
02112112
02021102
00210200
00000020
00000000
26
02000102
02002120
02220102
02222112
02021102
01110200
00000020
00000000
42
02002102
02021120
02210102
02212112
02011102
01110200
00000020
00000000
67
02002102
02021220
02210122
02212112
02011102
01110100
00000120
00000000
12
02002102
12021220
01210222
02112212
02011202
01110200
00000220
00000200
16
02002102
12021220
01210222
02112222
01011222
11110200
00000220
00000200
82
02002102
12021111
01210212
02112122
02021222
12210200
02000220
00000200
88
02002102
12021111
01210212
02112122
02021222
12220100
02020210
00000201
57
02002102
12021111
01210212
02112122
02021222
12220102
02021120
00000201
11
12002102
11021111
01110212
02112122
02022222
12222102
02021120
00000201
15
12002102
11021111
01110212
01112122
12022222
12222222
02021120
00000201
78
12002102
11221111
01120212
01112112
12022212
12222212
02021110
00000211
31
11102102
11121111
01120212
22222112
12022212
12222212
02021110
00000211
13
11122102
11122111
11120212
12222112
12022212
12222212
02021110
00000211
87
11122102
11122111
11120211
12222111
12022211
12222211
02022111
00002211
38
11122102
11122111
11120211
12222111
12022111
12221211
02012111
02102211
35
11122102
11122111
11120211
11122111
11111111
12221211
02022111
02222211
37
11122102
11122111
11120211
11122111
11211111
12111211
22111111
02222211
53
11122222
11112211
11112111
11121111
11211111
12111211
22111111
02222211
18
