00000000
00000000
00020000
00022000
00021000
00000000
00000000
00000000
33
00000000
00000000
02220000
00012000
00021000
00000000
00000000
00000000
35
00000000
00000000
02220000
00222000
00111000
00000000
00000000
00000000
42
00000000
00210000
02220000
00212000
00111000
00000000
00000000
00000000
22
02000000
02210000
02120000
00212000
00111000
00000000
00000000
00000000
31
02100000
02110000
02120000
00212000
00221000
00200000
00000000
00000000
13
02100000
02110000
12120000
02212000
00221000
00200000
00000000
00000000
12
02100000
11110000
12122000
02222000
00221000
00200000
00000000
00000000
11
11102000
11120000
12222000
02222000
00221000
00200000
00000000
00000000
52
11122000
11221000
12221000
02221000
00221000
00200000
00000000
00000000
61
11111100
11222200
12222000
02221000
00221000
00200000
00000000
00000000
14
11111100
11122200
11222200
11112000
00221000
00200000
00000000
00000000
56
11111100
11122200
11222200
12112000
20211000
00201000
00000000
00000000
25
11111100
11122200
11222200
11112000
22222200
00201000
00000000
00000000
64
11111100
11112100
11222220
11111200
22222200
00201000
00000000
00000000
46
11111100
11112100
11222220
11111200
22112200
00222200
00000000
00000000
76
11111100
11112100
11222220
11111200
22112220
00222210
00000000
00000000
27
11111100
11112100
11222220
11112200
22122220
00222210
02000000
20000000
83
11111100
11112100
11111211
11112220
22122220
00222210
02000000
20000000
37
11111100
11112100
11111211
11112120
22121220
02222210
02100000
20000000
67
11111100
11112100
11111211
11112120
22111120
02221110
02200100
20020000
57
11111100
11112100
11111211
11112120
22111220
02212110
02221100
20020000
86
11111100
11112100
11111211
11112120
22111210
02212111
02221200
20020020
72
11111100
11112110
11111111
11111120
22111210
02212121
02221202
20020020
16
11111100
11112110
11111111
11111120
11111210
11112121
02222202
20022020
28
11111100
11112110
11111111
11111120
11111210
11112121
22222202
21022020
68
11111100
11112110
11111111
11111120
11111210
11112121
22222222
21022120
88
11111100
11112110
11111111
11111122
11111220
11112221
22222211
21022111
38
11111100
11112222
11111112
11111112
11111120
11111221
21112211
21111111
71
11111112
11112122
11111212
11112112
11121120
11211221
22112211
21111111
85
