00000000
00000000
00000000
00021000
00012000
00000000
00000000
00000000
56
00000000
00000000
00000000
00021000
00021000
00021000
00000000
00000000
37
00000000
00000000
00000000
00021000
00021000
00012000
00100200
00000000
66
00000000
00000000
00000200
00022000
00021000
00011100
00100200
00000000
53
00000000
00000000
00001200
00021000
00022200
00011200
00100200
00000000
73
00000000
00002000
00002110
00022000
00022200
00011200
00100200
00000000
34
00000000
00002000
00002210
00122020
00012200
00011200
00100200
00000000
72
00000000
00002010
00022110
00122020
00012200
00011200
00100200
00000000
61
00000100
00021010
00022110
00122020
00012200
00011200
00100200
00000000
32
00000100
00111010
00022110
00122020
00222200
00011200
00100200
00000000
24
00000120
00111020
00022120
01122020
00122200
00011200
00100200
00000000
75
00000120
00111020
00022120
01122220
00111210
00011200
00100200
00000000
33
00200120
00121020
00112120
01112220
00111210
00011200
00100200
00000000
76
00200120
00121020
00112120
01111220
00111120
00011120
00100220
00000000
81
00200111
00122210
00112220
01111220
00111120
00011120
00100220
00000000
41
00210111
00112210
00112220
01111220
00111220
00012120
00120220
00000000
48
00210111
00112210
00112220
01111220
00111220
00012120
00120220
00210000
83
00210111
00112210
02111111
01211220
00121220
00012120
00120220
00210000
28
00210111
00112210
02112111
01221220
00221220
02012120
00120220
01110000
88
00210111
00112210
02112111
01221220
00221220
02012120
00120222
01110001
85
00210111
00112210
02112111
01221210
00221111
02012120
02220222
01110001
57
00222111
00112210
02112111
01221210
00221111
02011120
02221222
01110001
25
00222111
00112210
02112111
01122210
01112111
01012120
01222222
01112001
68
00222111
00112210
02112111
01122210
01112121
01012122
01221122
01111101
13
00222111
00112222
11112121
01122210
01112121
01012122
01221122
01111101
36
00222111
00112222
11112122
01122222
01112122
01112122
01111122
01111101
78
00222111
00212212
12112112
22222212
01112112
01112112
01111112
01111111
15
00222111
00212212
12112112
11222212
11122112
01212112
02111112
21111111
22
00222111
22222212
12112112
11222212
11122112
01212112
02111112
21111111
11
10222111
11222212
12112112
11222212
12122112
22212112
02111112
21111111
21
11111111
11122212
12112112
11222212
12122112
22212112
02111112
21111111
17
