00000000
00000000
00000000
00021000
00012000
00000000
00000000
00000000
65
00000000
00000000
00000000
00022200
00011100
00000000
00000000
00000000
53
00000000
00000200
00002000
00021200
00011100
00000000
00000000
00000000
74
00000000
00000200
00002000
00022222
00011100
00000000
00000000
00000000
83
00000000
00000200
00002001
00022212
00022100
00020000
00000000
00000000
85
00000000
00000200
00002001
00022211
00022201
00020200
00000000
00000000
34
00000000
00000200
00022001
00122111
00022201
00020200
00000000
00000000
56
00000000
00000200
00022021
00122211
00012101
00021200
00000000
00000000
76
00000000
00000200
00022021
00122211
00012101
00022222
00000000
00000000
51
00001020
00000200
00022011
00122211
00012101
00022222
00000000
00000000
32
00001020
00120200
00022011
00121211
00012101
00022222
00000000
00000000
52
00021020
00121200
00021011
00121211
00012101
00022222
00000000
00000000
35
00022220
00122200
00021011
00111211
00112101
00022222
00000000
00000000
67
00022220
00122200
00021011
00111211
00112101
00022112
00002100
00000000
68
00022220
00122200
00021011
00111211
00112101
00012112
00001200
00000120
77
00022220
00122200
00021011
00121211
00122101
00022112
00021110
00000120
36
00022220
02222200
00021011
00121211
00112101
00111112
00021110
00000120
58
00022220
02222200
02021011
00221211
00122101
00112112
00011210
00001120
63
00022220
02222220
02021211
00222111
00122101
00112112
00011210
00001120
81
00022221
02222210
02021111
00221111
02222101
00112112
00011210
00001120
14
00022221
02222210
02021111
10221111
01222101
02222112
00011210
00001120
87
00022221
02222220
02022121
10221221
01222221
02222121
00011221
00001120
24
00022221
02222220
02222121
11221221
01222221
02212121
00011221
00001120
88
00022221
02222220
02222121
12221221
22222221
02212121
00011211
00001111
31
00111111
02212220
02221121
12221121
22222211
02212121
00021211
00201111
16
00111111
02211220
02211121
12121121
11222211
12112121
20021211
00201111
18
00111111
02211220
02211121
12121121
11222211
12222121
10221211
10201111
13
20111111
02211220
11211121
11121121
11122211
12212121
10221211
10201111
12
22111111
12211220
12221121
12122121
12122211
12212121
10221211
10201111
27
22111111
12211220
12221121
12121121
12122211
12122121
11221211
10221111
28
22111111
12211220
12221121
12121121
12121211
12112121
11121211
11111111
82
