00000000
00000000
00000000
00012000
00022200
00000000
00000000
00000000
46
00000000
00000000
00000000
00012000
00222200
00010000
00000000
00000000
66
00000000
00000000
00000000
00012000
00221200
00020100
00002000
00000000
37
00000000
00000000
00000000
00222000
00221200
00010100
00102000
00000000
25
00000000
00000000
00000000
00222000
02111200
20010100
00102000
00000000
43
00000000
00000000
00010000
00212000
02122200
20012100
00102000
00000000
75
00000000
00000000
00010000
00212000
02111210
20012220
00102000
00000000
48
00000000
00002000
00020000
00212000
02111210
20012120
00101000
00010000
33
00000000
00002000
00120000
00112000
02121210
20222120
00101000
00010000
26
00000000
00002000
00120000
00112020
02121220
21111120
00101000
00010000
63
00000000
00002000
00120100
00111020
02111220
21111220
00101200
00010000
78
00000000
00002000
02220100
00111020
02111220
21111220
00101100
00010010
15
00000000
00002000
02220100
00121020
11121220
21122220
00121100
00010010
12
00000000
10002000
01220100
00121020
11121220
21222220
02221100
00010010
42
00000000
10222000
01220100
00112020
11111220
21212220
02211100
00010010
86
00000000
10222000
02220100
20112020
22111220
21211111
02211100
00010010
38
00000000
10222020
02220200
20112020
22111220
21111111
02111100
00110010
17
00000000
10222020
02220200
20112020
22112220
21212111
11122100
00112010
85
00000000
10222020
02220200
20112020
22111211
21212121
11122102
00112010
81
00000001
10222010
02220100
20111020
22111211
21212221
11122202
00112210
77
00000001
10222010
02222100
20112020
22112211
21212111
11111112
00112210
83
00000001
10222010
02222101
20112010
22112111
21211211
11111122
00112222
51
00001001
10221010
02221101
20111010
22111111
22211211
12111122
02222222
21
01001201
10122010
02221101
20211010
22111111
22211211
12111122
02222222
18
01001201
10122010
02222101
20222210
22112211
22121211
11211122
12222222
71
01001111
12222010
02222101
20222210
22112211
22121211
11211122
12222222
41
01011111
12211010
02212101
20212222
22112222
22121212
11211122
12222222
31
01111111
12111010
02112101
22222222
22212222
22121212
11211122
12222222
13
01111111
11111010
11112221
11222222
12112222
12111212
11211122
12222222
82
21111111
12111011
11212211
11222122
12111222
12111212
11211122
12222222
62
