00000000
00000000
00000000
00012000
00022000
00002000
00000000
00000000
46
00000000
00000000
00000000
00012000
00022000
00222000
00000000
00000000
47
00000000
00000000
00000000
00012000
00012000
00212000
00020000
00200000
66
00000000
00000000
00000000
00222000
00011000
00211100
00020000
00200000
23
00000000
00000000
01000000
00122000
00012000
00211200
00020020
00200000
63
00000000
00000000
01000100
00121000
00012000
00221200
00220020
00200000
26
00000000
00000000
01000100
00122200
00012000
01111200
00220020
00200000
73
00000000
00000000
01000110
00122100
00011200
01112200
00220020
00200000
57
00000000
00000000
01000110
00122220
00011200
01111200
00221020
00200000
75
00000000
00000020
01000210
00122210
00011110
01111100
00221020
00200000
88
00000000
00000020
01000210
00122220
00011112
01111100
00221010
00200001
33
00000000
00000020
01100210
02222220
00011112
01111100
00221010
00200001
83
00000000
00000020
01100211
02222210
00012112
01112100
00222010
00202001
48
00000000
00000020
01100211
02222210
00012112
01122100
00211010
02212001
52
00000000
00001020
01100111
02222210
00012212
01122200
00222210
02212001
81
00000001
00001012
01100121
02222210
00012212
01122200
00222210
02212001
78
00000001
00201012
01200121
02222210
00012212
01121200
00222110
02212011
25
00000001
00201012
01200121
01222210
01222212
01221200
00222110
02212011
18
00000001
00201012
01200121
01222220
01222222
01221220
00222210
11112011
53
00002001
00202012
01202121
01212220
01122222
01222220
00222210
11112011
68
00002001
20202012
02202121
01212120
01122122
01212120
00221110
11111111
41
00012001
20201012
02202121
02212120
22222122
02212120
00221110
11111111
31
00112001
20121012
02202121
02112120
22122122
02112120
00121110
11111111
43
00112001
20111012
02211121
02111120
22122122
02212120
02221110
11111111
17
00112021
20111022
02211121
02111120
22122122
01212120
11111110
11111111
16
00112021
20111022
02211122
02111122
21122122
11212120
11111110
11111111
86
02222021
20111021
02211121
02111121
21122111
11212111
11111110
11111111
61
02222111
20211011
02221121
02112121
21122211
11212121
11111112
11111111
13
02222111
20211011
22111121
22222121
22122211
11212121
11111112
11111111
11
11111111
12211011
12211121
12222121
12122211
11212121
11111112
11111111
62
