00000000
00000000
00000000
00021000
00012000
00000000
00000000
00000000
43
00000000
00000000
00012000
00012000
00012000
00000000
00000000
00000000
65
00000000
00000000
00222000
00011000
00011100
00000000
00000000
00000000
22
00000000
01000000
00122000
00012000
00011200
00000020
00000000
00000000
52
00000200
01002000
00121000
00011000
00011200
00000020
00000000
00000000
32
00000200
01102000
00121000
00211000
00011200
00000020
00000000
00000000
42
00000200
01112000
00111000
00222200
00011200
00000020
00000000
00000000
23
00000200
22222000
01111000
00122200
00011200
00000020
00000000
00000000
41
00010200
22112000
01111000
00122200
00021200
00200020
00000000
00000000
11
10210200
21122000
01112000
00122200
00021200
00200020
00000000
00000000
51
10211200
22111000
21111000
00121200
00021200
00200020
00000000
00000000
87
10211200
22111000
21111000
00121200
00022200
00200210
00000001
00000000
27
10211200
22111000
22222200
00121200
00012200
00100210
01000001
00000000
24
10211200
22111000
22122200
01121200
00022200
00120210
01000001
00000000
72
10211200
22111010
22122100
01121200
00022200
00220210
02000001
20000000
14
10211200
12222210
11122200
11121200
00022200
00220210
02000001
20000000
21
11111200
11122210
11112200
11121200
00022200
00220222
02000001
20000000
71
11111110
11122210
11122200
11221200
02022200
00220222
02000001
20000000
73
11111110
11122110
11111210
11221220
02022200
00220222
02000001
20000000
37
11111110
11122110
11111210
11221120
02021200
00210222
02100002
20000002
35
11111110
11122110
11211210
12111120
22111200
00110222
02100002
20000002
84
11111110
11122222
11211210
12111111
22111200
00110222
02100002
20000002
75
11111110
11122222
11212210
12121111
22211110
02110222
02100002
20000002
67
11111110
11122222
11212220
12121211
22212110
02120122
02200102
22000002
81
11111111
11122212
11212120
12121211
22212110
02120222
02200122
22000002
85
11111111
11122212
11212122
12121212
22212112
02120212
02200122
22000002
57
11111111
11122212
11212122
11121212
22122112
02220112
02222222
22000002
17
11111111
11122212
11212122
11121212
22122112
22220112
22222222
22000002
38
11111111
11122212
11212122
11121212
22122112
22120112
22222222
22220002
56
11111111
11122212
11212122
11121212
22111112
22111112
22222222
22220002
68
11111111
11122212
11212122
11122212
22112112
22112122
22222222
22222102
78
