00000000
00000000
00000000
00012000
00022000
00002000
00000000
00000000
64
00000000
00000000
00000020
00011200
00022000
00002000
00000000
00000000
57
00000000
00000000
00000020
00011200
00022000
00021000
00001000
00000000
66
00000000
00000000
00000020
00222200
00021000
00021100
00001000
00000000
37
00000000
00000000
00000020
00222200
00022000
00021100
00201000
02000000
33
00000000
00000000
00100020
00212200
00021000
00022220
00201000
02000000
75
00000000
00000000
00100020
00212200
00021010
00022120
00202000
02000200
53
00000000
00000000
00101020
00211100
00022210
00022120
00202000
02000200
87
00000000
00000000
00101220
00212100
00022110
00022110
00202001
02000200
35
00000000
00000000
02101220
00212100
00121110
00022110
00202001
02000200
24
00000000
00002000
02102220
01112100
00121110
00022110
00202001
02000200
48
00000000
00002000
02102220
02112100
02221110
00022110
00201001
02010200
62
00000000
00202100
02201120
02212100
02221110
00022110
00201001
02010200
15
00000000
00202100
02201120
02222100
11112110
00022210
00201021
02010200
83
00000200
00202200
02201211
02222200
11112210
00022210
00201021
02010200
13
00000200
00202200
12201211
22222200
11112210
00022210
00201021
02010200
42
00000200
00212200
12101211
21222220
11112220
00022220
00201021
02010200
31
00100200
00112200
12101211
21222220
12222220
00222220
00201021
02010200
22
00100200
01112200
11122211
21222220
12222220
00222220
00201021
02010200
67
02100200
02212200
12122211
22122220
12212220
00221220
00201111
02010200
26
02100200
02212200
12122211
22122220
12222220
01222220
00121111
02010200
51
02101200
22211100
22121211
22121220
12221220
01221220
00121111
02010200
11
11101200
11211100
12121211
12121220
12221220
01221220
00221111
02210200
86
11101200
11222220
12121221
12121120
12221210
01221111
00221111
02210200
82
11101200
11111111
12121211
12121120
12221222
01221111
00221111
02210200
71
11101110
11111111
12121211
12121120
12221222
01221121
00221211
02222200
16
11121110
11222111
12121211
12121120
11221222
11221121
00221211
02222200
84
11121110
11222111
12121211
12121111
11222211
11221221
00221221
02222202
78
11122222
11222122
12121212
12121112
11222212
11221212
00221112
02222212
18
11122222
11222122
12121212
12121112
11222212
12221212
20221112
11111112
27
