00000000
00000000
00000000
00021000
00012000
00000000
00000000
00000000
65
00000000
00000000
00000000
00022200
00011100
00000000
00000000
00000000
43
00000000
00000000
00010000
00011200
00012100
00020000
00000000
00000000
74
00000000
00000000
00010020
00011210
00012100
00020000
00000000
00000000
66
00000000
00000000
00010020
00011210
00011200
00020200
00000200
00000000
77
00000000
00000000
00010020
00011210
00222200
00020100
00000210
00000000
68
00000000
00000000
00012020
00022210
00222200
00020100
00000110
00000100
56
00000000
00000000
00012020
00022210
00222200
00022220
00000110
00000100
33
00000000
00020000
00122020
00022210
00221200
00022120
00000110
00000100
75
00000000
00020000
00122020
00022210
00221210
00022120
00000112
00000100
31
00100000
00010000
02221020
00022110
00221210
00022120
00000112
00000100
24
00100000
00010000
02121020
01022110
00221210
00022120
00000222
00000120
57
00100000
00010000
02121020
01022210
00122210
00021120
00201222
00000120
22
00100000
01010000
01121020
01022210
02222210
00021120
00201222
00000120
63
00100000
01010000
01121120
01022110
02222110
00022120
00202222
00002220
88
00100000
01010000
01121120
01022110
02222110
00022122
00202222
00002221
36
00100000
01012000
01122120
01022110
02212110
00111122
00202222
00002221
72
20100000
02012010
01222110
01022110
02212110
00111122
00202222
00002221
14
20100000
02012010
01222110
11022110
01222110
00211122
02202222
00002221
13
20100000
01012010
11222110
12022110
22222110
00211122
02202222
00002221
85
20100002
01012020
11222210
12022110
22222111
00211121
02202221
00002221
48
22100002
02012020
12222210
12022110
22222111
00211121
02201221
00011111
26
22100002
02012020
12222210
12022110
22222111
01121121
02201221
02011111
47
22220002
02012020
12212210
12012110
22212111
01111121
02211221
02011111
61
22220102
02011020
12212210
12012110
22212111
02111121
22211221
02011111
83
22222102
02022010
12212211
12012110
22212111
02111121
22211221
02011111
62
22222222
02022220
12212121
12022120
22212121
02111121
22211221
02011111
82
22222222
02022222
12212122
12022122
22212121
02111121
22211221
02011111
38
22222222
02022222
12222122
12222122
22222121
02112121
22111221
02111111
12
22222222
12022222
11222122
12122122
22212121
02111121
22111121
02111111
18
22222222
12022222
11222122
12122122
22212121
02111121
21111121
11111111
32
22222222
11122222
11112122
12121122
22212121
02111121
21111121
11111111
16
