00000000
00000000
00000000
00012000
00022000
00002000
00000000
00000000
66
00000000
00000000
00020000
00022000
00021000
00002100
00000000
00000000
57
00000000
00000000
00020000
00022000
00022000
00002100
00002000
00002000
33
00000000
00000000
00120000
00012000
00022200
00002100
00002000
00002000
42
00000000
00010000
00110000
00012000
00022200
00002200
00002020
00002000
64
00000000
00010000
00110020
00011200
00022200
00002200
00002020
00002000
36
00000000
02010000
00210020
00021200
00012200
00102200
00002020
00002000
75
00000000
02010000
00210020
00021220
00011210
00102200
00002020
00002000
24
00000000
02210000
00120020
01022220
00011210
00102200
00002020
00002000
88
00000000
02210000
00120020
01022220
00011220
00102102
00002010
00002001
46
00000000
02210000
00120020
01022220
00021220
00122102
00022010
00002001
63
00000000
02210000
00122220
01022220
00012120
00122102
00022010
00002001
72
00000000
02210010
00122120
01022220
00012220
00122222
00022010
00002001
85
00000002
02210020
00122220
01022210
00011111
00122222
00022010
00002001
83
00000002
02210220
00112211
01022210
00011111
00122222
00022010
00002001
87
00000002
02210220
00112221
01022220
00011121
00122221
00022021
00002021
11
10020002
01220220
00122221
01022220
00011121
00122221
00022021
00002021
82
10020002
01220222
00122222
01022122
00011121
00122221
00022021
00002021
68
10020002
22220222
00122222
01022122
00011121
00122221
00022011
00002111
67
10020002
22220222
00122222
01022122
00021121
00221111
02022111
00002111
51
10022202
22210222
00122222
01022122
00021121
00221111
02022111
00002111
38
10022202
22210222
00222222
01222122
00021121
00221111
02012111
00102111
21
11022202
22210222
02212222
01221122
00021121
00221111
02012111
00102111
26
11022202
22210222
02212222
01221222
00022121
01121111
02222111
00102111
13
11022202
12222222
11122222
01221222
00022121
01121111
02222111
00102111
48
11022202
12222222
11222222
02221222
20022121
01121111
02121111
00111111
17
11022202
12222222
11222222
02221222
22022121
01221111
11121111
00111111
35
11022202
12222222
11222222
01222222
22121121
01211111
12121111
20111111
31
11122202
11112222
11121222
01122222
22122111
01221111
12221111
22111111
14
11122202
11112222
11121222
11222222
22122111
22221111
22211111
22111111
71
