00000000
00000000
00000000
00021000
00012000
00000000
00000000
00000000
43
00000000
00000000
00210000
00021000
00012000
00000000
00000000
00000000
65
00000000
00000000
00210000
00022200
00011100
00000000
00000000
00000000
73
00000000
00000000
00210010
00022100
00012100
00002000
00000000
00000000
34
00000000
00000000
02210010
00211100
00022100
00002000
00000000
00000000
13
00000000
20000000
12110010
00211100
00022100
00002000
00000000
00000000
36
00000000
20000002
12110020
00211200
00012100
00102000
00000000
00000000
57
00000000
20000002
22110020
20211200
00011100
00101000
00001000
00000000
24
00000000
20000002
22110020
21111200
00012100
00121000
00001000
00000000
47
00000000
20000002
22110020
22111200
00222100
00111000
00011000
00000000
15
00000000
20000002
22110020
21111200
10222100
00221000
00211000
00000000
22
00000000
21000002
21110020
21111200
10222220
00221000
00211000
00000000
27
00000000
21000002
21110020
21111200
10212220
00121000
01112000
00000200
25
00000000
21000002
21110020
21111200
11112220
00122200
01112000
00000200
76
00000000
21000002
21110020
21111200
11112120
00111110
22222000
00000200
84
00000000
21000002
21110220
21112201
11122110
00211110
22222000
00000200
74
00000000
21000002
21110222
21111121
11122210
00212110
22222000
00000200
72
00000000
21000012
21110112
21111111
11122210
00212222
22222000
00000200
38
00000000
21020012
21120112
21121111
11122110
00111222
22112000
00100200
11
10000000
11020012
11120112
11121112
11122222
00111222
22112000
00100200
51
10001002
11010022
11120212
11122112
11122222
00111222
22112000
00100200
18
10001002
11010022
11120212
11122112
11122222
00121222
21212000
12100200
53
10001002
11010022
11111112
11111112
11121222
00122222
21212200
12100200
16
10001002
11210022
11221112
11212112
11221222
10222222
11212200
12100200
41
10211002
11220022
11222112
11212212
11221222
10222222
11212200
12100200
62
10211002
11220122
11221112
11212212
11221222
10222222
11222200
12102200
48
10211002
11220122
11221112
11212212
11211222
12212222
12212200
12112200
52
10211022
11111222
11212112
11122212
11211222
12212222
12212200
12112200
87
10211022
11111222
11212112
11121212
11211122
12212212
12212202
12112202
21
11111022
11111222
11212112
11121212
11211122
12212222
12212222
12112202
61
11111122
11111122
11212112
11121212
11211122
12212222
12212222
12112202
78
