00000000
00000000
00000000
00021000
00012000
00000000
00000000
00000000
43
00000000
00000000
00210000
00021000
00012000
00000000
00000000
00000000
23
00000000
00000000
01110000
00021000
00022000
00020000
00000000
00000000
47
00000000
00000000
01110000
00011000
00012000
00020000
00210000
00000000
66
00000000
00000000
01110000
00011000
00011000
00020100
00220000
00020000
28
00000000
00020000
01120000
00021000
00021000
02020100
00220000
01020000
53
00000000
00020000
01112000
00022200
00022000
02020100
00220000
01020000
51
00201000
00020000
01112000
00022200
00022000
02020100
00220000
01020000
41
00211000
00010000
01112000
00022200
00022000
02020200
00220020
01020000
65
00222200
00010000
01112000
00021200
00022100
02020200
00220020
01020000
74
00222200
00010000
01112200
00022210
00022200
02020200
00220020
01020000
76
00222200
00010000
01112200
00021222
00022100
02020210
00220020
01020000
34
00222200
00010000
01112200
00111222
00022200
02022210
00220020
01020000
73
00222200
00010000
01111110
00111122
00021200
02012220
00120022
01020000
15
00222200
00012000
01112210
00112122
10022200
01012220
00120022
01020000
88
00222200
00012000
22222210
00112122
10021200
01012120
00120012
01020001
24
00222200
00012000
22122210
02212122
12021200
01012120
00120012
01020001
75
00222200
00012000
22122210
02212112
12021120
01012210
00122012
01020001
62
00222200
00011100
22121110
02212112
12021120
01012222
00122012
01020001
36
00222200
00011100
22121110
02211112
12011120
01112222
00122022
01020021
12
00222200
12011100
22221110
02121112
12012120
01112222
00122022
01020021
21
01222200
11011100
21221110
02221112
11222120
01122222
00122022
01020021
85
01222200
11011120
21221220
02222122
11222121
01122221
00122021
01020021
71
01111110
11011120
21221220
02222122
11222121
01222221
00222021
01220021
14
01111110
11011120
11221220
11111122
11222121
01222221
00222021
22220021
68
01111110
11011120
11221220
11111122
11122121
01212221
00222211
22220111
83
21111110
12011110
11221111
11111111
11122121
01212221
00222211
22220111
27
21111110
12011112
11221121
11111211
11112121
01112221
01111111
22220111
32
21111110
21111112
21111121
21111211
21112121
22222221
02111111
22220111
81
21111111
21111111
21111121
21111211
21112121
22222221
02122211
22222111
17
