00000000
00000000
00020000
00022000
00021000
00000000
00000000
00000000
35
00000000
00000000
00020000
00022000
00121000
00200000
00000000
00000000
53
00000000
00000000
00022200
00012000
00121000
00200000
00000000
00000000
46
00000000
00000000
00022200
00012000
00112000
00222000
00000000
00000000
42
00000000
00210000
00022200
00012000
00112000
00222000
00000000
00000000
27
00200000
00220000
00022200
00012000
00112000
00122000
01000000
00000000
67
00200000
00220000
00022200
00012000
00112000
00122000
01002100
00000000
64
00200000
00220000
00022200
00211100
00122000
00122000
01002100
00000000
68
00200000
00220000
00022220
00211200
00122000
00112000
01001100
00000100
66
00200000
00220000
00022220
00212200
00122000
00112100
01002100
00002100
41
00210000
00210000
00012220
00212200
02222000
00112100
01002100
00002100
83
00222000
00210000
00011111
00212200
02222000
00112100
01002100
00002100
65
00222000
00210000
00011111
00211100
02222100
00112100
01002200
00002220
15
00222000
00210000
00011111
02211100
11211100
00122100
01002200
00002220
22
00222000
01110000
00011111
02211100
11211100
00222100
01202200
00002220
47
00222000
01110000
00011111
02222220
11211100
00111100
01112200
00002220
85
00222000
01210000
02011111
02222210
11211101
00111100
01112200
00002220
12
00222000
11210000
01011111
02122210
11211101
00111100
22222200
00002220
13
00222000
11220000
11211111
01222210
11211101
00211100
22222200
00002220
18
20222000
12220000
11211111
01222210
11211101
00111100
21222200
10002220
52
20222000
11111002
11211121
01222210
11211101
00111100
21222200
10002220
77
20222000
11111002
11211121
01222220
11222221
00111100
21111110
10002220
81
20222001
11111001
11211121
01222220
11222221
00111100
22222222
10002220
76
22222001
11211001
11221121
01222220
11222221
00111120
22222222
10002220
84
22222001
11222201
11222221
01121211
11222211
00111120
22222222
10002220
61
22222101
12221101
12212121
02121111
12222111
02222220
22222222
10002220
16
22222101
12222221
12212221
02122111
11222111
12222220
12222222
10002220
38
22222101
12222221
12212221
02122111
11122111
12121220
11222222
10122220
86
22222221
12222221
12212221
02122111
11122111
12121111
11222222
10122220
28
22222221
22222221
22212221
22122111
12121111
12211111
11122222
11122220
88
