00000000
00000000
00000000
00021000
00012000
00000000
00000000
00000000
56
00000000
00000000
00000000
00022200
00011000
00001000
00000000
00000000
63
00000000
00000200
00000200
00021200
00011000
00001000
00000000
00000000
34
00000000
00000200
00000200
02222200
00011000
00001000
00000000
00000000
43
00000000
00000200
00010200
02212200
00012000
00021000
00000000
00000000
36
00000000
00000200
00010200
02212200
00222000
00111000
00000000
00000000
13
00000000
00000200
10010200
01212200
00122000
00121000
00020000
00000000
48
00000000
00000200
10010200
01212200
02222000
00111000
00010000
00010000
26
00000000
00000200
10010200
01212200
01222000
01221000
00210000
00010000
23
00000000
00000200
11010200
01112200
01212000
01222200
00210000
00010000
27
00000000
00000200
11012200
01122200
01212000
01122200
01110000
00010000
67
00000000
00000200
11012200
01122200
22212000
01121200
01110100
00010000
74
00000000
00000200
11012200
01111110
22212000
02121200
21110100
00010000
76
00000000
00000200
11012200
01111210
22212200
02121110
21110100
00010000
72
00000000
00000210
11012100
01111210
22212200
02121120
21110102
00010000
61
00000100
00002110
11022100
01211210
22212200
02121120
21110102
00010000
51
00001100
00001110
11021100
01211210
22212200
02222120
21220102
00210000
57
00001100
00001110
11021100
01211210
22112200
02221120
22211102
02210000
18
00001100
20001110
12021100
01211210
22112200
02121120
21211102
11110000
73
00001100
20001110
12221110
02211110
22111200
02111120
21111102
11110000
32
00001100
20101110
12111110
02111110
22111200
02211120
21121202
11112000
77
00201100
20201110
12211110
02211110
22211200
02211120
21121112
11112000
68
00201100
20201110
12222222
02211120
22211200
02211120
21121112
11111100
11
10201102
10201120
12222222
02211120
22211200
02211120
21121112
11111100
16
10201102
10201120
12212222
22111120
22211200
11211120
11121112
11111100
84
10221102
10202120
12212212
22111111
22211200
11211120
11121112
11111100
21
11111102
10102120
12212222
22111221
22211220
11211120
11121112
11111100
85
11111102
10122220
12222122
22121211
22221111
11221110
11121112
11111100
71
11111112
12222110
12221112
22111211
22121111
11221110
11121112
11111100
82
11111112
12222111
12221111
22111211
22121111
11222110
11121212
11111120
88
