00000000
00000000
00000000
00021000
00012000
00000000
00000000
00000000
65
00000000
00000000
00000000
00022200
00011100
00000000
00000000
00000000
73
00000000
00000000
00000010
00022100
00021100
00020000
00000000
00000000
33
00000000
00000000
00100010
00222100
00021100
00020000
00000000
00000000
24
00000000
00000000
00120010
01121100
00021100
00020000
00000000
00000000
53
00000000
00000000
00111010
01122220
00021100
00020000
00000000
00000000
84
00000000
00020000
00121010
01121111
00021100
00020000
00000000
00000000
51
00001000
00010000
00121010
01121111
00022100
00020200
00000000
00000000
52
00021000
00021000
00121010
01121111
00022100
00020200
00000000
00000000
67
00021000
00022000
00122210
01122111
00022100
00020100
00000100
00000000
35
00021000
02022000
00222210
01122111
00111100
00020100
00000100
00000000
11
10021000
01022000
00222210
02112111
20111100
00020100
00000100
00000000
23
10021000
01222000
01121110
02112111
20111100
00020100
00000100
00000000
62
10021000
01112100
01121210
02112121
20111102
00020100
00000100
00000000
83
12021000
02212100
02121211
02112111
20111102
00020100
00000100
00000000
37
12021000
02212100
02121211
02112211
20111202
00010200
00100200
00000200
31
11111000
02112100
02121211
02212211
20122202
00012200
00100200
00000200
77
11111000
02112100
02121211
02212211
20221202
00022100
00102210
00000200
75
11111000
02112100
02121211
02212111
20221112
00022100
00202210
02000200
58
11111020
02112200
02122211
02222111
20221112
00021100
00201210
02001200
25
11111020
01112200
01122211
01222111
21111212
00022220
00201210
02001200
61
11111120
21111100
02112111
01222111
21121212
00022220
00201210
02001200
87
11111120
21111100
02112111
22221111
21121112
00022210
00201211
02001200
13
11111120
11111100
11112111
21221111
22221112
00222210
00201211
02001200
26
11111120
11111100
11111111
21211111
21121112
01111112
00201221
02001200
16
11111120
11111100
11111111
11211111
11121112
11111112
00201222
02001202
78
11111120
11111100
11111111
11211111
11121112
11111112
00201112
02022222
38
11111120
11111200
11112111
11221111
11221112
12111112
20101112
02122222
18
11111120
11111200
11112111
11221111
11221112
12121112
10122222
11122222
81
11111111
11111200
11112111
11221111
11221112
12221112
12222222
11122222
72
