00000000
00000000
00000000
00021000
00012000
00000000
00000000
00000000
65
00000000
00000000
00000000
00021000
00012100
00000200
00000000
00000000
34
00000000
00000000
00000000
00111000
00222100
00000200
00000000
00000000
25
00000000
00000000
00000000
00111200
01111200
00000200
00000000
00000000
73
00000000
00000000
00200010
00121100
01112200
00000200
00000000
00000000
67
00000000
00000000
00200010
02221100
01112100
00000100
00000100
00000000
56
00000000
00000000
00200010
02221100
01211100
00201100
00000100
00000000
23
00000000
00000000
01200010
01121100
01222220
00201100
00000100
00000000
76
00000000
00000000
01200010
02121100
22222120
00201110
00000100
00000000
27
00000000
00000000
01200010
02121100
22222120
00121110
01000100
00000000
37
00000000
00000000
01200010
02121100
22221120
00121210
01102100
00000000
43
00000000
00000000
01110210
02122200
22221220
00121210
01102100
00000000
14
00000000
02000000
01210210
11122200
21221220
00121210
01102100
00000000
72
00000000
02000010
01210110
11121200
21211220
00221210
01202100
00200000
85
00000000
02000010
01210110
11121200
21211111
00221210
01202200
00200200
47
00000000
02000010
01210110
11121200
21221111
00121210
01122200
00220200
77
00000002
02000020
01210210
11122200
21221111
00121110
01111110
00220200
16
00000002
02000020
01210210
11122200
11221111
10221110
02111110
20220200
11
10000002
01000020
01110210
11112200
11221211
10221120
02222222
20220200
74
10000002
01000022
01110220
11111210
11222111
10221120
02222222
20220200
78
10000002
01000022
01110220
11111222
11222121
10221210
02222112
20220210
83
10000002
21000022
02110221
11211211
11222121
10221210
02222112
20220210
53
10000002
21000022
22111111
12211211
11222121
10221210
02222112
20220210
28
10000002
21000022
22111111
12211111
11221121
10211210
02122122
21220222
61
10000102
21000012
22111111
12211111
12221121
12211210
02222122
21220222
17
10000102
21000012
22111111
12211111
12121121
11211210
11121122
21222222
86
10000102
21020012
22221111
12221111
12121111
11211211
11121122
21222222
31
10120102
21020012
22221111
12221111
12121111
11211211
11121122
21222222
32
10120102
21120222
21112211
12121211
12121211
11211211
11121122
21222222
52
12220102
22211222
22121111
12122211
12121211
11211211
11121122
21222222
51
