00000000
00000000
00000000
00021000
00012000
00000000
00000000
00000000
56
00000000
00000000
00000000
00021000
00012000
00001200
00000000
00000000
76
00000000
00000000
00000000
00021000
00022000
00021110
00000000
00000000
33
00000000
00000000
00100000
00011000
00021000
00022110
00000200
00000000
35
00000000
00000000
00100000
00011200
00112000
00022110
00000200
00000000
68
00000000
00000000
00100000
00222200
00122000
00022110
00000100
00000100
57
00000000
00000000
00100000
00222200
00222000
02012110
00001100
00000100
24
00000000
02000000
00200000
01222200
00122000
02012110
00001100
00000100
53
00000000
02000000
00201200
01212200
00121000
02011110
00001100
00000100
42
00000000
02010200
00102200
01222200
00221000
02011110
00001100
00000100
74
00000000
02010200
00102200
01112110
00222000
02012110
00002100
00002100
52
00000000
02011200
00102100
01112222
00222000
02012110
00002100
00002100
85
00000000
02011200
00102100
01112212
00222002
02012222
00002100
00002100
48
00000000
02011200
00102220
01112212
00222002
02012222
00002100
00011100
65
00000000
02011200
00102220
01112222
00222222
02012222
00002100
00011100
71
00000010
02011100
00122220
01122222
00222222
02012222
00002100
00011100
47
00002010
02012200
00122220
01122222
00222222
02012222
00011100
00011100
17
00002010
02022100
00221220
02112222
20122222
01012222
10011100
00011100
41
00012010
02012100
00211220
02212222
20222222
01222222
10011100
00011100
83
00012210
02012200
00211211
02212212
20222122
01221222
10011100
00011100
11
10012210
01222200
00221211
02212212
20222122
01221222
10011100
00011100
77
10012210
01222200
00221211
02222212
20222112
01221212
10011120
00011102
78
10012222
01222200
00221211
02222212
20222112
01221212
10011110
00011112
37
10012222
22222200
00221211
02222112
20221112
01211212
10111110
00011112
21
11012222
22122200
00211211
02221112
20221112
22211212
10111110
00011112
31
11112222
22112200
00211211
02221112
20221112
22211212
20111110
20011112
27
11112222
22112200
00211211
02221112
20211112
22211212
22211110
20222222
13
11112222
11112220
10211221
01221122
20111122
22211222
22211120
20222222
82
11112222
11111111
10211211
22221122
20111122
22211222
22211120
20222222
28
11112222
11111111
10211211
22221122
22222222
22211222
22111120
21222222
87
11112222
11111111
10211211
22221121
22222121
22211211
22111111
21222222
23
