00000000
00000000
00000000
00012000
00022200
00000000
00000000
00000000
46
00000000
00000000
00000000
00222000
00012200
00010000
00000000
00000000
64
00000000
00000000
00000000
00222100
00022200
00012000
00000000
00000000
66
00000000
00000000
00000000
00222100
00022220
00011100
00000000
00000000
84
00000000
00000000
00000000
00222101
00022210
00021100
00200000
00000000
33
00000000
00000000
00100000
00212101
00022210
00022100
00202000
00000000
35
00000000
00000000
00100020
00112201
00112110
00022100
00202000
00000000
48
00000000
00000000
00100020
02222201
00212110
00022100
00201000
00010000
25
00000000
00200000
00200020
02222201
01112110
00022100
00201000
00010000
36
00000000
00200000
00200020
02222201
01112120
00111102
00201000
00010000
13
00000000
00200000
10200020
22222201
01112120
00111102
00201000
00010000
63
00000000
00200000
10200120
22222221
01112120
00111102
00201000
00010000
43
00000000
00200000
10210120
22111221
01212120
00121102
00202000
00010200
58
00000000
00200000
10210120
22111221
01212220
00121202
00201200
00011200
78
00000000
20200000
20210120
22111221
01212220
00121202
00201100
00011110
85
00000000
20200000
20210120
22111211
02211111
00221202
00221100
00011110
82
00000000
20200001
20210112
22111122
02211212
00222202
00221100
00011110
76
00000000
20200001
20222222
22122222
02212122
00222212
00221100
00011110
26
00000000
20200001
20222222
22122222
02222122
02211112
02221100
00011110
21
01000000
20100001
20212222
22121222
02222122
02211222
02222220
00011110
62
01000020
20100201
20212122
22121122
02222122
02211222
02222220
00011110
42
01000022
20110202
20211122
22121122
02222122
02211222
02222220
00011110
28
01000022
20110202
22211122
22221122
02222122
02211222
02122220
01011110
87
01000022
20110202
22211122
22221122
02222122
02211212
02111122
01011112
22
01000022
21110202
21211122
22221122
22222122
01211212
01111122
01011112
72
01000022
21110212
21211112
22221112
22222112
22211212
01111122
01011112
52
01000022
21111112
21211112
22221122
22222212
22212212
02221122
01222222
17
01002022
21122212
21212122
22212122
22122212
21212212
11111122
01222222
61
01202122
22221112
21212122
22212122
22122212
21212212
11111122
01222222
11
11202122
11221112
11112122
12212122
12122212
11212212
12111122
22222222
41
