00000000
00000000
00000000
00021000
00012000
00000000
00000000
00000000
56
00000000
00000000
00000000
00021000
00021000
00021000
00000000
00000000
34
00000000
00000000
00000000
00111200
00012000
00021000
00000000
00000000
36
00000000
00000000
00000000
02222200
00012000
00111000
00000000
00000000
63
00000000
00000000
00000100
02221200
00012000
00121000
00200000
00000000
38
00000000
00000000
00002100
02222200
00012000
00121000
00100000
00100000
47
00000000
00000020
00002200
02222200
00012000
00111000
00110000
00100000
52
00000000
00001020
00001200
02221200
00012000
00121000
00210000
02100000
74
00000000
00001220
00002100
02221110
00012000
00121000
00210000
02100000
82
00000020
00001211
00002100
02221110
00012000
00121000
00210000
02100000
42
00000020
00011211
00001100
02221110
00222000
00221000
00210000
02100000
43
00000020
00011211
00011100
02211110
00212000
00222000
00222000
02100000
58
00000020
00011211
00011100
02211110
00211000
00222200
00221000
02101000
23
00000020
20011211
02011100
02211110
00221000
00222200
00221000
02101000
61
00000120
20011111
02011100
02211110
00221000
00222200
00222200
02101000
77
00000120
20011111
02011100
02222222
00221000
00222100
00222210
02101000
33
00200120
20021111
02112100
02112222
00121000
00122100
00122210
02101000
65
00200120
20021111
02112100
02111122
02221100
00121100
00112210
02101000
13
00200120
20021111
11112100
02111122
02221100
00121100
00122210
02221000
11
10200120
10021111
11112100
02111122
02221100
00121100
00122210
02222200
85
10200120
10021111
11112100
02111112
02221101
00121100
00122222
02222200
51
10201120
10011111
11112100
02111112
02221101
02221100
00222222
02222200
78
10201122
10011121
11112200
02112112
02221101
02221100
00222122
02222210
73
10201122
10021121
11112120
02112222
02222221
02221200
00222122
02222210
15
10201122
10021121
11112120
22222222
12111111
02221200
00222122
02222210
16
10201122
10021121
11112120
22122222
21211111
22111200
20222122
02222210
83
10201122
10221111
12222111
22222211
21211111
22111200
20222122
02222210
27
10201122
10221112
12222112
22222212
21211122
21111202
21111122
02222210
22
10201122
11111112
11122112
21212212
21211222
21111222
21111222
02222210
18
10222222
11122112
11122212
11212222
11211222
11111222
11111222
11111110
88
