00000000
00000000
00000000
00012000
00022200
00000000
00000000
00000000
64
00000000
00000000
00020000
00022100
00022200
00000000
00000000
00000000
66
00000000
00000000
00020000
00022100
00022200
00000120
00000000
00000000
33
00000000
00000000
00120000
00012100
00021200
00000220
00000200
00000000
75
00000000
02000000
00220000
00022100
00022110
00000220
00000200
00000000
57
00000000
02000000
00220200
00022200
00022210
00000220
00001200
00000000
53
00000000
02000000
00221200
00022220
00022220
00000220
00001200
00000000
56
00000000
02000000
00221200
00021220
00022220
00022220
00001200
00000000
84
00000000
02000000
00221200
00021121
00022222
00022120
00001200
00000000
36
00000000
02000200
00222200
00021121
00012222
00111120
00001200
00000000
68
00000000
02000200
00222202
00021122
00012222
00111120
00001100
00000100
52
00000000
02001200
00221202
00022122
00022222
00211120
02001100
00000100
61
00000120
02001200
00222102
00022122
00022222
00211120
02001100
00000100
26
00000120
02001200
00222102
00022122
00022222
01111220
02002100
00020100
86
00000120
02001200
00222102
00022122
02022212
02111111
02002100
00020100
11
10000120
01001200
00122102
00022122
02221212
02121111
02002100
00020100
37
10000120
01001200
00122102
00022122
02222222
02111221
02102220
00020100
78
10020120
01002200
00122202
00022122
02222222
02111221
02102120
00020110
82
10020120
01002201
00122201
00022121
02222221
02121221
02202120
02020110
81
10020111
01002201
00122201
00022121
02222221
02222221
02222120
02020110
16
10020111
01002201
00122201
00022121
02222221
11111121
02222122
02020110
14
10020111
01002201
00122201
10022121
01222221
12111121
22222122
02020110
88
10020111
01002201
00122201
10022121
22222221
22111121
22222111
02020111
42
10020111
01012201
02222201
10012121
22212221
22111121
22222111
02020111
58
10020111
01012201
02222221
10012221
22212221
22111121
22211111
02021111
32
10020111
01112201
01212221
10011221
22212221
22112111
22221111
02221111
24
10220111
01122201
01112221
11011221
22112221
22112111
22221111
02221111
51
10221111
01211101
01211211
11222221
22222221
22212111
22221111
02221111
21
11111111
01111121
01211221
11222221
22222221
22212111
22221111
02221111
18
11111111
01111111
22211121
12221221
12212221
12112111
11221111
11111111
12
