00000000
00000000
00020000
00022000
00021000
00000000
00000000
00000000
53
00000000
00000000
00021000
00022000
00022200
00000000
00000000
00000000
56
00000000
00000000
00021000
00021000
00021200
00002000
00020000
00000000
34
00000000
00002000
00022000
00112000
00022200
00002000
00020000
00000000
42
00000000
00012000
02012000
00212000
00022200
00002000
00020000
00000000
64
00000000
00012000
02011020
00211200
00022200
00002000
00020000
00000000
46
00000000
00012000
02011020
00211200
00222200
00012000
00020000
00000000
48
00000000
00012000
02011020
00211200
00222200
00022000
00210000
00010000
74
00000000
00012000
02211020
00221110
00222100
00021000
00210000
00010000
62
00000000
00011100
02222220
00222110
00222100
00021000
00210000
00010000
36
00002000
00022200
02222220
00222110
00222100
00111000
00210000
00010000
61
00002100
00022220
02222220
00222110
00222100
00111000
00210000
00010000
38
00002100
00022220
02222220
00222222
00222100
00111000
00110000
00110000
81
00002101
00022222
02222120
00221222
00212100
00111000
00110000
00110000
25
00022101
00022222
02212220
00121222
01112100
00111000
00110000
00110000
13
00022101
00022222
11112220
00121222
01212100
02111000
00110000
00110000
31
00111101
00022222
11112220
00121222
01212200
02222200
00110000
00110000
77
00111101
20022222
12112220
00211222
01221200
02222100
00110010
00110000
76
00111101
20022222
12212220
02211222
02221100
02222110
00110010
00110000
75
00111101
20012222
12211220
02211122
02221110
02222222
00110010
00110000
67
00111101
20012222
12211220
02211122
02221110
02222122
00120210
00112000
15
00111101
20012222
12111220
01211122
11111110
01222122
00120220
00112020
83
00111101
22012211
12211111
01221112
11112110
01222222
00120220
00112020
85
00111101
22012211
12211111
01221111
12112111
22222222
00120220
00112020
11
10111101
12012211
12211111
01221111
12112111
22222222
02220220
00112020
17
10111121
12012221
12211121
01221121
12112121
11222222
12220220
00112020
57
12222221
12012221
12211121
01221121
12111111
11211122
11111220
00112020
14
12222221
12012221
12211121
12221221
12112111
12121122
12211220
02222020
87
12222221
12222221
12211121
12221221
12112111
12121111
12211111
02222020
18
12222221
12222221
12211121
12221221
12112111
12121211
11211121
12222022
68
