00000000
00000000
00000000
00222000
00021000
00000000
00000000
00000000
53
00000000
00000000
00001200
00222000
00021000
00000000
00000000
00000000
35
00000000
00000000
00001200
00212000
00122000
00002000
00000000
00000000
57
00000000
00000000
00001200
00211000
00121000
00002000
00001200
00000000
36
00000000
00000000
00001200
00211000
00111000
00102000
00022200
00000000
33
00000000
00000000
00101200
00111000
02111000
00202000
00022200
00000000
15
00000000
00000000
00122200
00111000
11111000
00202000
00022200
00000000
78
00000000
00000000
02222200
00111000
11111000
00201000
00022100
00000010
38
00000000
00000000
02222200
00211000
12111000
20201000
00012100
00100010
27
00000000
00000000
02222200
00222200
12111000
20101000
01012100
00100010
42
00200000
00020000
02212200
00212200
12111000
20101000
01012100
00100010
58
00200000
00020000
02212200
00212200
12211000
20201000
01211100
00101010
14
00200000
00220000
02222200
10212200
11211000
20101000
01211100
00101010
24
00200000
00220000
22222200
22112200
21211000
20101000
01211100
00101010
62
00200000
00220100
22221200
22122200
21212000
20101200
01211100
00101010
75
00200020
00220200
22222200
22122100
21212010
20101100
01211100
00101010
46
00200020
00220200
22222200
22122100
22211010
22111100
01211100
00101010
41
00210020
00210200
22212200
22112100
22211010
22111100
02211100
02101010
61
00210120
00210100
22212100
22122100
22212010
22111200
02222220
02101010
52
00210120
00211100
22211100
22121102
22211020
22111200
02222220
02101010
68
00210120
00211100
22221100
22122102
22222220
22112200
02221220
02101110
18
00210120
00211100
22221100
22122102
22222220
22112200
01222220
11121110
17
00210120
00211100
22222220
22112202
22122220
21112200
11222220
11121110
81
00222111
00222200
22222220
22112202
22122220
21112200
11222220
11121110
21
01111111
00222200
22222220
22112202
22122220
21112200
11222220
11122222
72
01111111
00222210
22222220
22111222
22112220
21112200
11222220
11122222
12
01111111
12222210
12222220
12111222
12112220
11112200
11222220
11122222
11
11111111
11222222
12122220
12111222
12112220
11112200
11222220
11122222
86
11111111
11212222
12121220
12111122
12112220
11112221
11222220
11122222
83
11111111
11212211
12121211
12111122
12112122
11111221
11212220
11122222
87
