00000000
00000000
00000000
00021000
00012000
00000000
00000000
00000000
65
00000000
00000000
00000000
00022200
00011100
00000000
00000000
00000000
73
00000000
00000000
00000010
00022100
00021100
00200000
00000000
00000000
35
00000000
00000000
00000010
00222100
00211100
00200000
00000000
00000000
63
00000000
00000000
00000110
00221100
00212100
00200200
00000000
00000000
27
00000000
00000000
00002110
00222100
00212100
00100200
01000000
00000000
42
00000000
00010200
00002210
00222200
00212200
00100200
01000000
00000000
75
00000000
00010200
00001210
00222100
00211210
00100220
01000000
00000000
72
00000000
00010210
00001110
00221100
00211210
00200220
01200000
00000000
43
00000000
00010210
00211110
00221100
00212210
00200220
01200000
00000000
51
00001000
00010110
00211110
00222220
00212220
00200220
01200000
00000000
23
00201000
00020110
01112110
00122220
00212220
00200220
01200000
00000000
25
00201000
00020110
22222110
00122220
01112220
00200220
01200000
00000000
41
00222200
00010210
22212210
00112220
01112220
00200220
01200000
00000000
38
00222200
00010210
22212210
02222220
01112220
00100220
01100000
00100000
77
00222200
00210210
22222210
02222210
01112210
00100210
01100010
00100000
56
00222200
00210210
22222210
02222220
01112222
00101110
01100010
00100000
21
01222200
00110220
22212222
02221220
01112122
00101110
01100010
00100000
52
01222200
00111220
22211222
02221220
01112122
00101120
01100020
00100020
12
01222200
10111220
21211222
02121220
22222122
00101120
01100020
00100020
14
01222200
12222220
11211222
11121220
21222122
00101120
01100020
00100020
26
01222200
12222220
11221222
11211220
22122122
21101120
01100020
00100020
82
01222200
11111111
11221222
11211220
22122122
22222220
01100020
00100020
87
01222200
11111111
11221222
11211220
22122122
22222210
01200021
00120020
58
01222200
11111111
11221222
11211220
22122122
22222222
01200021
00111020
84
22222200
22111111
21221211
21211111
22122121
22222221
01200021
00111020
57
22222200
22111111
21221211
21211111
22121111
22211121
02201021
20111020
67
22222200
22111111
21221211
22211211
22221211
22221211
02202211
20111220
28
22222220
22111221
21222221
21221221
21221221
21211221
01102221
21111220
88
22222220
22111221
21222221
21221221
21221221
22211121
21102211
21111111
47
22222220
22111221
21222221
21221221
21221221
22111121
21111111
21111111
81
