00000000
00000000
00000000
00012000
00022200
00000000
00000000
00000000
46
00000000
00000000
00000000
00222000
00012200
00010000
00000000
00000000
63
00000000
00000000
00020100
00222000
00012200
00010000
00000000
00000000
75
00000000
00000000
00020100
00222000
00021110
00020000
00020000
00000000
36
00000000
00000000
00020100
00221000
02011110
00220000
00020000
00000000
48
00000000
00000000
00020100
00221000
02012110
00210200
00010000
00010000
32
00000000
00100000
00010100
00221000
02012110
00220200
00210000
00010000
56
00000000
00120000
00020100
00221000
02011110
00221200
00210000
00010000
14
00000000
00120000
00020100
10221000
02011110
20121200
00210000
00010000
23
00000000
00120000
01020100
10121002
02011120
20121200
00210000
00010000
26
00000000
02220000
01020100
10121002
02011120
21121200
00110000
00010000
76
00000000
02220000
01020100
10121002
02011120
22121110
02110000
00010000
85
00000000
02220000
01020100
10121002
02011112
22122222
02110000
00010000
67
00000000
02220000
01020100
10122202
02012122
22121122
02110100
00010000
33
00000000
02220000
01120100
10112202
02012122
22122222
02222100
00010000
11
10000000
01220000
01120100
10112202
02012122
22122222
02222220
00010000
58
10000000
01220020
01120200
10112202
02012122
22122222
02212220
00011000
68
10000000
01220020
22220200
10112202
02012122
22122122
02212120
00011100
35
10000000
22220020
22220200
10112202
02112122
22112122
02211120
00011100
21
11000000
22120020
22210200
12222202
02112122
22112122
02211120
00011100
81
11000001
22120010
22210100
12221202
02112122
22112122
02211220
00011120
15
11020001
22220010
22210100
12221202
11112122
21112122
02111220
00011120
18
11020001
22220010
22210100
12221202
11212122
21212122
02221220
10222220
17
11020001
22220010
22210100
12221202
12212122
12222122
12211220
12222220
51
11021001
22222010
22120100
11221202
12212122
12222122
12211220
12222220
53
11021001
22222010
22111200
11211222
12112222
11222122
12211220
12222220
61
11022221
22221010
22111200
11211222
12112222
11222122
12211220
12222220
88
11022221
22221020
22111202
11211222
12112222
11222122
12211210
11111111
62
11022221
22221220
22222222
11211222
12112122
11222122
12211210
11111111
31
11111111
22121220
22122222
11111222
12112122
11222122
12211222
11111111
82
