00000000
00000000
00000000
00021000
00012000
00000000
00000000
00000000
43
00000000
00000000
00010000
00011000
00222000
00000000
00000000
00000000
26
00000000
00000000
00210000
00021000
00122000
01000000
00000000
00000000
34
00000000
00000000
00210000
00111000
02222000
01000000
00000000
00000000
36
00000000
00000000
00210000
00211000
02212000
01200000
00200000
00000000
24
00000000
00000000
00210000
02111000
22212000
02200000
00200000
00000000
16
00000000
00000000
00222000
02122000
21212000
12200000
00200000
00000000
63
00000000
00000000
00222220
02121000
21212000
12200000
00200000
00000000
52
00000000
00001000
00211220
02121000
21212000
22200000
20200000
00000000
38
00000000
00021000
00221220
02121000
21112000
22100000
20100000
00100000
32
00020000
00122000
00121220
02121000
21112000
22100000
20100000
00100000
72
00020000
00122010
00121120
02121000
21112000
22100000
20200000
00120000
27
02020000
00222010
00121120
02121000
21112000
21100000
21200000
00120000
23
02020000
00222010
01121120
01121000
21112000
21100000
21200000
02220000
61
02020100
00222210
01112120
01121000
21112000
21100000
21200000
02220000
74
02020100
02222210
02212110
02121010
22112000
22100000
22200000
02220000
65
02020100
02222210
02212210
02122210
22111100
22100000
22200000
02220000
11
12020100
22222210
02112210
02112210
22111100
22100000
22200000
02220000
51
12022220
22211210
02112210
02121210
22211100
22100000
22200000
02220000
18
12022220
22211210
02112210
02121210
22222100
22220000
21200000
12220000
14
12022220
22211220
02112222
11121210
12222100
12220000
11200000
12220000
75
12022220
22211220
02111222
11121210
12222210
12220200
11200000
12220000
77
12022220
22211220
02111222
11111220
12221222
12220100
11200010
12220000
31
11122220
22111220
02211222
11121220
12222222
12220200
11200020
12220002
76
11122220
22111220
22211222
12121220
12222122
12220210
11200020
12220002
86
11122220
22111220
22211222
12121120
12222112
12220221
11200220
12220002
78
11122220
22111220
22211222
12121120
12222212
12222211
11200210
12220012
47
11122220
22111220
22211222
12111120
11212212
12112211
11110210
12220222
57
11122220
22111220
22211222
12111122
11211222
12111211
11112110
12220222
58
11122220
22111220
22211222
12111122
11211222
12111222
11111112
11111222
82
