00000000
00000000
00000000
00222000
00021000
00000000
00000000
00000000
33
00000000
00000000
00120000
00222000
00021000
00000000
00000000
00000000
53
00000000
00000000
00111000
00221000
00022000
00000200
00000000
00000000
77
00000000
00000000
00111000
00222200
00021000
00000100
00000010
00000000
65
00000000
00000000
00111000
00221200
00022100
00000200
00000020
00000002
67
00000000
02000000
00211000
00221200
00022100
00000100
00000120
00000002
35
00000000
02000000
00222200
00211200
00111100
00000100
00000120
00000002
62
00000000
02000100
00221100
00221100
00121100
00020100
00000120
00000002
37
00000020
02000200
00222100
00221100
00121100
00010100
00100120
00000002
42
00000020
02010200
00211100
00211100
00121100
00012100
00100120
00000002
25
00000020
02010200
00212100
00121100
01221100
02012100
00100120
00000002
15
00020020
02020200
00222100
00121100
11221100
01012100
00100120
00000002
87
00020020
02020200
00222100
02221100
11221100
01012100
00100111
00000002
32
00020020
02120200
00212100
02221100
11221100
01022100
00120111
00000002
48
00020020
02120200
00212200
02211200
11211200
01012200
00110211
00010202
11
12020020
01220200
00122200
02212200
11211200
01012200
00110211
00010202
73
12020020
01220200
00111110
02212100
11211200
02012200
20110211
00010202
31
11120020
01110220
00111210
02212100
11211200
02012200
20110211
00010202
51
11111020
01110120
00111210
02212100
11211200
02022200
20112211
00010202
74
11111020
01110122
00111220
02212210
11212100
02021200
20112211
00010202
23
11111020
01110122
01111220
01112210
11222100
02221200
20112211
00010202
83
11111020
01110122
01111112
01112222
11222100
02221200
20112211
00010202
85
11111020
01110122
01111122
01112222
11222221
02221200
20112211
00010202
86
11111020
01112222
01112222
01112122
11222211
02221201
20112211
00010202
81
11111021
01112221
01112221
01112121
11222211
02221201
20212211
02010202
61
11111111
01111111
01112121
01112121
11222211
02221201
20222211
02012202
78
11111111
01111111
01112121
22222121
12222211
02221201
20222111
02011112
76
11111111
01111111
22222121
22221121
12222111
02221111
20222111
02011112
38
11111111
01111111
22122121
22121121
12122111
02221111
22222111
02111112
16
11111111
01111111
22122121
22121121
11122111
11211111
22222111
22111112
12
