00000000
00000000
00000000
00012000
00022000
00002000
00000000
00000000
64
00000000
00000000
00200000
00021100
00022000
00002000
00000000
00000000
57
00000000
00000000
00200000
00022220
00021000
00001000
00001000
00000000
34
00000000
00000000
00200000
00222220
00211000
00001000
00001000
00000000
63
00000000
00000000
00200100
00221220
00222200
00001000
00001000
00000000
85
00000000
00000000
00200102
00221220
00222201
00001000
00001000
00000000
36
00000000
00000000
00200102
00221220
00212201
00102000
00002000
00002000
84
00000000
00000000
00200102
00221111
00222201
00122000
00002000
00002000
32
00000000
00100000
00100102
02221111
00222201
00122000
00002000
00002000
14
00000000
00100000
00100102
11111111
00222201
00222000
02002000
00002000
68
00000000
00100000
00100102
11111111
00122201
00212000
02001000
00002220
18
00000000
00100000
02100102
11211111
00122201
00112000
01001000
10002220
76
00000000
00100000
02100102
11211112
00122102
00112012
01001000
10002220
13
00000000
00100000
11100102
11211112
00122102
00112222
01001000
10002220
67
00000000
00100000
11100102
11111122
00112202
00112122
01021100
10002220
87
00000000
00102000
11100202
11111122
00112102
00112112
01021101
10002220
38
00000000
00102000
11100202
11111122
02222102
00211112
01021101
10102220
72
00000002
00102020
11100202
11112122
02222102
00211112
01021101
10102220
62
00000002
20102120
12100102
11212122
02222102
00211112
01021101
10102220
82
00000002
20102111
12100101
11212121
02222221
00211111
01021101
10102220
42
00020002
20212111
12100201
11212121
02222221
00211111
01021101
10102220
37
00020002
20212111
12100201
11112121
02122221
00121111
01211101
12102220
53
00020002
20212111
12101201
11111121
02121221
00121211
01222101
12222220
15
00020202
20212211
12101201
11111121
11121221
00121211
01222101
12222220
73
00020202
20212211
22101111
21111111
21121211
20121211
02222101
12222220
88
00020202
22212211
22201111
21121111
21122211
20121211
02222101
11111111
26
00020202
22212211
22201111
21121111
21222211
22121211
22222101
11111111
31
00120202
22112211
22101111
21121111
21222211
22121211
22222221
11111111
51
00111222
22111221
22102121
21121121
21222221
22121221
22222221
11111111
21
22222222
22111221
21202121
21121121
21222221
22121221
22222221
11111111
43
