00000000
00000000
00000000
00222000
00021000
00000000
00000000
00000000
33
00000000
00000000
00100000
00212000
00022000
00002000
00000000
00000000
64
00000000
00000000
00100000
00222220
00022000
00002000
00000000
00000000
35
00000000
00000000
02100000
00222220
00122000
00002000
00000000
00000000
66
00000000
00000000
02100000
00212220
00122000
00022100
00000000
00000000
36
00000000
00200000
02200000
00212220
00122000
00111100
00000000
00000000
65
00000000
00200000
02200000
00212220
00121100
00211100
02000000
00000000
84
00000000
00200000
02200000
00211111
02221100
00211100
02000000
00000000
24
00000000
00200000
02200000
01121111
02122100
00211200
02000020
00000000
26
00000000
00200000
02202000
01122111
01122100
01111200
02000020
00000000
67
00000000
00200000
02202000
01122111
01222100
02111100
22000120
00000000
63
00000000
00200020
02202200
01122111
01222100
02211100
22000120
00000000
62
00000020
00200220
02202100
01122111
01222100
02211100
22000120
00000000
16
00000020
00200220
22202100
02122111
01222100
11111100
22000120
00000000
31
00100020
00100220
22102100
02122111
01222100
11112100
22000220
00000020
47
00100020
00100220
22102100
02122111
22222100
21111100
22010220
00000020
42
00120020
00210220
22101100
02122111
22222100
21111100
22010220
00000020
88
00120020
00210220
22101100
02122111
22222100
22221100
22210210
00000021
18
00120020
00210220
22101100
02121111
22212100
22121100
22210210
10200021
61
00120120
00220120
22221100
02221111
22212100
22121100
22210210
10200021
57
00120120
00220120
22222220
02221211
22212100
22121100
22211110
10200021
22
00120120
01220120
22122220
02211221
22211102
22121100
22211110
10200021
81
00120111
01220110
22122120
02211221
22222222
22121100
22211110
10200021
21
22220111
02120110
22212120
02221221
22222222
22121100
22211110
10200021
12
22220111
11120110
21212120
02121221
22212222
22222100
22222110
10202021
52
22220111
11111110
21211122
02121222
22212222
22222100
22222110
10202021
68
22220111
11111110
21211122
02121222
22212222
22222100
22222222
10202111
28
22220111
11111110
21211122
01121222
21212222
21222220
21222222
11202111
86
22220111
11211110
22211122
22221122
22212212
21211111
21222211
11202111
48
22220111
11222222
22211122
22221122
22212212
21211111
21111211
11111111
51
