00000000
00000000
00020000
00022000
00021000
00000000
00000000
00000000
53
00000000
00000000
00021000
00022000
00022200
00000000
00000000
00000000
35
00000000
00000000
00021000
00222000
00122200
00000000
00000000
00000000
75
00000000
00000000
00022200
00222000
00111110
00000000
00000000
00000000
42
00000000
00010000
00012200
00212000
00221110
00200000
00000000
00000000
52
00000200
00012000
00021200
00211000
00221110
00200000
00000000
00000000
62
00000220
00011200
00022200
00221000
00221110
00200000
00000000
00000000
27
00000220
00222200
00022200
00221000
00211110
00100000
01000000
00000000
21
01000220
00122200
00012200
00222000
00222110
00102000
01000000
00000000
72
01200220
00121110
00012100
00221000
00212110
00102000
01000000
00000000
57
22200220
00121110
00012100
00221000
00211110
00101000
01001000
00000000
41
22210220
00111110
00012100
00221000
00222222
00101000
01001000
00000000
23
22210220
00111110
01012100
00121000
00212222
00102000
01002000
00002000
26
22222220
00112110
01012100
00112000
00112222
01102000
01002000
00002000
76
22222220
02222110
01012100
00111000
00112122
01102010
01002000
00002000
67
22222220
02222110
01022100
00211000
02222122
01101010
01002100
00002000
46
22222220
02222120
01022102
00211000
02212122
01111010
01002100
00002000
24
22222220
02222120
02022102
02111000
02112122
02111010
02002100
02002000
33
22222220
02222120
02121102
02121000
02122122
02221010
02022100
02002000
66
22222220
02222120
02121102
02112000
02121222
02221120
02022102
02002000
64
22222220
02222120
02121102
02111100
02121122
02222120
02022202
02002020
12
22222220
11211120
02121102
22111100
02121122
02222120
02022202
02002020
18
22222220
11212120
02121202
22222220
02111222
02122120
01022202
12002020
37
22222220
11212220
02121222
22222220
02111222
02112120
01122202
12002020
81
22222221
11212222
02121122
22221220
02111222
02112120
01122202
12002020
86
22222221
11212222
02121122
22221120
02112222
02112221
01122222
12002020
15
22222221
11212222
02121122
21221120
11212222
01212221
01222222
12202020
88
22222221
11212222
02121122
21211120
11211222
02212121
22222211
12202021
48
22222221
11212222
02121122
21211120
22211222
22212121
22111211
11112021
13
22222221
11212222
11121122
11211120
12211222
12222121
12112211
11112221
84
