00000000
00000000
00000000
00021000
00012000
00000000
00000000
00000000
43
00000000
00000000
00012000
00012000
00012000
00000000
00000000
00000000
62
00000000
00000100
00011000
00012000
00222000
00000000
00000000
00000000
66
00000020
00000200
00012000
00022000
00221000
00000100
00000000
00000000
52
00000020
00022200
00021000
00021000
00221000
00000100
00000000
00000000
33
00000020
00022200
00112000
00011200
00221000
00000100
00000000
00000000
46
00000020
00022200
02222000
00011200
00211000
00010100
00000000
00000000
74
00000020
00022200
02222000
00011210
00211020
00010100
00000000
00000000
22
02000020
02022200
02122000
00011210
00211020
00010100
00000000
00000000
32
02000020
02122200
02122000
00222210
00211020
00010100
00000000
00000000
13
02000020
02122200
11122000
00222210
00221020
00020100
00020000
00000000
24
02000020
22122200
12122000
01211110
00221020
00020100
00020000
00000000
36
02000020
22122200
12122000
02211110
02111020
00220100
00020000
00000000
86
02000020
22122200
12122000
02212110
02222210
00220101
00020000
00000000
56
02020020
22222200
12122000
02212110
02222110
00221101
00020000
00000000
31
02120020
21112200
12122200
02212110
02222110
00221101
00020000
00000000
38
22120020
22112200
12222200
02222110
02222110
00221101
00010000
00100000
61
22120120
22112100
12222100
02222110
02222210
00222221
00010000
00100000
14
22120120
22112220
11222200
11112110
01222210
00122221
00010000
00100000
73
22120120
22112222
11111120
11112210
01222210
00122221
00010000
00100000
81
22120111
22112212
12111120
12112210
02222210
02222221
00010000
00100000
16
22120111
22112212
12111120
12112210
01222210
11111121
00010002
00100000
88
22120111
22112212
22111120
22112210
22222210
11111121
00010001
00100001
77
22120111
22112212
22111120
22112210
22222210
12211111
02010011
00100001
83
22120111
22112211
22111121
22112222
22222210
12211111
02010011
00100001
17
22120111
22112211
22111121
22112222
22122210
21211111
22010011
20100001
51
22111111
22111211
22111121
22112222
22122210
21212211
22010211
20100001
58
22111111
22111211
22111121
22112222
22222210
21222211
22012111
20101001
37
22111111
22111211
22111111
22112122
22121222
21112211
22112111
20101001
28
22111111
22111211
22111111
22112122
22121222
21112221
21112221
21101021
68
