00000000
00000000
00000000
00021000
00012000
00000000
00000000
00000000
34
00000000
00000000
00000000
00111000
00222000
00000000
00000000
00000000
36
00000000
00000000
00000000
00111000
02222000
00100000
00000000
00000000
46
00000000
00000000
00000000
00111000
02212000
00210000
00020000
00000000
24
00000000
00000000
00002000
01112000
02112000
00210000
00020000
00000000
66
00000000
00000000
00022000
01222000
02121000
00220100
00020000
00000000
62
00000000
00000100
02021000
02212000
02121000
00220100
00020000
00000000
14
00000000
00000100
02021000
11112000
02122000
00222100
00020000
00000000
57
00000000
00000100
02021000
11111000
02121000
00222220
00021000
00000000
16
00000000
00000100
02021000
11111000
01121000
10222220
00022000
00020000
58
00000000
00000100
22021000
12111000
01221000
10121220
00011000
00021000
26
00000000
00000100
22221000
12121000
01122000
11121220
00011000
00021000
75
00000000
00000100
22221000
12221000
01222010
11221120
00211000
00021000
52
00000000
00001100
22211000
12121002
01222020
11221220
00212000
00021000
86
00000000
00001100
22211000
12121002
01222020
11221111
00212000
00022200
12
00000020
10001200
11212000
12121002
01222020
11221111
00212000
00022200
27
00000020
10001200
11212000
12121002
01212020
12121111
22222000
00022200
74
00000020
10001200
11212000
12121012
22212010
22121111
22222000
00022200
18
00000020
12001200
12212000
12121012
12212010
12121111
11222000
10022200
63
00000020
12001200
12211100
12121012
12212210
12122111
11222000
10022200
64
00000020
12001200
12211100
12121112
12212110
12122111
12222000
12022200
67
00000220
12002200
12221100
12221112
12212110
12121111
11111100
12022200
38
00000220
12002200
12221100
12221112
12222110
12122111
11111200
11122220
42
00000220
12012200
12222220
11211212
12212110
12112111
11111200
11122220
77
00000220
12012200
12222220
11212212
12212210
12112121
11111112
11122220
85
00000220
12012200
12222222
11212222
12212211
12112111
11111112
11122220
82
00200220
12022201
12222211
11212121
12211211
12112111
11111112
11122220
88
00200220
12022221
12222221
11212121
12211211
12112111
11111111
11111111
51
00201220
12222221
12221211
11211121
12211211
12112111
11111111
11111111
21
22201220
12122221
11211211
11211121
12211211
12112111
11111111
11111111
41
22211220
12111221
11211111
11211111
12211211
12112111
11111111
11111111
81
