00000000
00000000
00000000
00021000
00012000
00000000
00000000
00000000
34
00000000
00000000
00002000
00112000
00012000
00000000
00000000
00000000
64
00000000
00000000
00002000
00111200
00012020
00000000
00000000
00000000
74
00000000
00000000
00002020
00111220
00012020
00000000
00000000
00000000
65
00000000
00000000
00002020
00111220
00011220
00000200
00000000
00000000
85
00000000
00000000
00002020
00111220
00011121
00000220
00000000
00000000
77
00000000
00000000
00002020
02222220
00011121
00000120
00000010
00000000
87
00000000
00000000
00002020
02222220
00022221
00002110
00000011
00000000
84
00000000
00000000
00002020
02222221
00022211
00002210
00000211
00000000
43
00000000
00020000
00022020
02221221
00022111
00002210
00000211
00000000
47
00000000
00020000
00022020
02221221
00022111
00022210
00010211
00000000
83
00000000
00020000
00022021
02221211
00022111
00022210
00020211
00200000
35
00000000
00020000
00022021
02221221
00111121
00022220
00020221
00200020
57
00000000
00020000
00022021
02221221
00211111
02011120
00021111
00200020
32
00000000
02220000
00012021
02221221
00211111
02011120
00021111
00200020
31
00100000
02222000
00021021
02221121
00211111
02011120
00021111
00200020
33
00100000
02122000
00112021
02211221
00211121
02011122
00021111
00200020
14
00100000
02122000
00112021
11112221
00212121
02012122
00022211
00202020
48
00100000
02122000
00122021
11212221
02212121
02012122
00011211
00212020
62
00100000
02111102
00121022
11212222
02212122
02012122
00011211
00212020
36
00100000
02111102
00121022
11112222
01122122
02212122
02011211
00212020
11
10100000
01111102
00121022
11112222
22222122
02212122
02011211
00212020
63
10120000
01122102
00121222
11112122
22222122
02212122
02011211
00212020
37
10120000
01122102
00121222
11112122
22122122
02112222
02111222
00212022
16
10122000
01122202
00121222
11112122
11122122
11112222
02111222
00212022
61
10111100
01122222
00111222
11112122
11122122
11112222
02111222
00212022
17
10111100
01122222
00111222
11112122
11122122
11122222
11211222
02212022
68
10111100
22222222
00111222
11112122
11122122
11122122
11211122
02211122
23
12111100
22222222
01121222
11112122
11122122
11122122
11211122
02211122
13
12222220
11222222
11121222
11112122
11122122
11122122
11211122
02211122
81
11111111
11222212
11121122
11111122
11112122
11122122
11211122
02211122
18
