00000000
00000000
00000000
00021000
00012000
00000000
00000000
00000000
43
00000000
00000000
00010000
00011000
00222000
00000000
00000000
00000000
66
00000000
00000000
00012000
00021000
00221000
00000100
00000000
00000000
33
00000000
00000000
00112000
00011000
00222200
00000100
00000000
00000000
64
00000000
00000000
02222000
00011100
00222100
00000100
00000000
00000000
32
00000000
00100000
02212000
00011100
00222100
00000200
00000020
00000000
42
00020000
00220000
02221000
00021100
00222100
00000200
00000020
00000000
13
00020000
00222000
11112000
00022100
00222100
00000200
00000020
00000000
46
00020000
00222000
11112000
00012100
00211100
00020200
00002020
00000000
37
00020000
00222000
11112200
00012200
00211200
00010200
00102020
00000000
73
00020000
00222000
11111210
00012220
00211200
00010200
00102020
00000000
21
01020000
00122000
11111210
00012220
00212200
00020200
00202020
02000000
61
01020100
02221000
11211210
00022220
00212200
00020200
00202020
02000000
75
01020100
02221000
12211210
02022110
00211110
00020200
00202020
02000000
26
01020100
02221000
12212210
02012210
00111120
01020202
00202020
02000000
25
01020100
01221000
11212210
01012210
01112120
01022202
00202020
02000000
72
01020100
01222010
11212210
01011220
01112122
01022202
00202020
02000000
88
01020100
01222010
11222210
01012220
01111222
01022222
00202010
02000001
62
01020120
01111120
11221220
01012220
01111222
01022222
00202010
02000001
87
21020120
02111120
11211220
01011220
01111122
01022212
00202011
02000001
68
21020120
02111120
11211220
01011220
01111122
01012212
00202011
02020101
47
21020120
02111120
11211220
01012220
01121122
01222212
00212011
02020101
81
21020111
02111120
11211220
01012220
01121122
01222212
00222011
02220101
83
21020111
02222222
11211121
01012210
01121122
01222212
00222011
02220101
27
21020111
02222222
11211121
01011210
01111122
01122222
01222211
02220101
31
21122111
01222222
11211121
01011210
01111122
01122222
01222211
02220101
34
21122111
01222222
12111121
22222210
02111122
01222222
01222211
02220101
84
21122111
01222222
12111121
22222211
02111121
01222221
01222221
02220121
15
21122111
01222222
12111121
11222211
12111121
22222221
02222221
02220121
58
21122111
22222222
22111121
21222211
21111121
22121211
02211121
02221121
18
