00000000
00000000
00000000
00012000
00022000
00002000
00000000
00000000
64
00000000
00000000
00000020
00011200
00022000
00002000
00000000
00000000
57
00000000
00000000
00000020
00011200
00022200
00001000
00001000
00000000
34
00000000
00000000
00002020
00112200
00012200
00001000
00001000
00000000
63
00000000
00000200
00002220
00111200
00012200
00001000
00001000
00000000
72
00000000
00000210
00202120
00121200
00012200
00001000
00001000
00000000
43
00000000
00020210
00212120
00111200
00012200
00001000
00001000
00000000
41
00010000
00010210
00212120
00221200
00222200
00001000
00001000
00000000
66
00210000
00020210
00212120
00221100
00222100
00001100
00001000
00000000
21
01110000
00020210
00212120
00221100
00222100
00002100
00002000
00002000
23
01110000
00020210
01212120
02221100
00222100
00002100
00002000
00002000
67
01110000
00020210
01212120
02121100
00212100
00001200
00002220
00002000
83
01110000
00020210
01212111
02122220
00212100
00001200
00002220
00002000
32
01110000
00120210
22222111
02122220
00212100
00001200
00002220
00002000
75
01110000
00110210
22221111
02122110
00212210
00001220
00002220
00002000
14
01110000
00110210
21221111
11222110
02212210
00001220
00002220
00002000
51
01111000
00110110
21221111
11222110
02222210
00022220
00002220
00002000
36
01111000
02110110
21221111
11121110
01112210
00122220
00002220
00002000
52
01111000
02111110
21211111
11121110
01112222
00122220
00002220
00002000
87
01111020
02111220
21212121
11121120
01112122
00122210
00002221
00002000
37
01111020
22111220
22212121
11221120
01121122
00112210
00102221
00002000
88
01111020
22111220
22212121
11221220
01122122
00122110
00202211
02002001
38
01111020
22111220
22212121
11221220
01122122
00122110
00102211
02222001
61
01111120
22111110
22212121
12221220
02222122
02222110
00202211
02222001
84
22222220
22111110
22212111
12221111
02222112
02222110
00202211
02222001
68
22222220
22111110
22212111
22221111
22222112
02222110
00202111
02222101
17
22222220
22111110
22211111
22211111
22122112
02222110
12202111
02222101
86
22222220
22222222
22211121
22211211
22122111
02222111
12202111
02222101
18
22222220
22222222
22211121
22211211
22112111
02222111
11222111
11111101
81
22222221
22222211
22211121
22211221
22112121
02222121
11222221
11111121
16
