00000000
00000000
00000000
00012000
00022000
00002000
00000000
00000000
46
00000000
00000000
00000000
00222000
00022000
00012000
00000000
00000000
66
00000000
00000000
00000000
00222000
00022000
00012100
00000200
00000000
33
00000000
00000000
00100000
00212000
00022200
00012200
00000200
00000000
35
00000000
00000000
00100000
00112000
00122200
00022200
00200200
00000000
78
00000000
00000000
00100000
02222000
00212200
00021200
00200100
00000010
77
00000000
00000000
00100000
02212000
00211200
00021200
00200210
00000210
25
00000000
00000000
00100000
02212000
22222200
00021200
00200210
00000210
47
00000000
00000000
00100000
02212000
22212200
00012200
00220210
00200210
57
00000000
00000000
00102000
02222000
22212200
00012200
00221110
00200210
76
00000000
00000000
00102000
02222000
22212200
00011112
00221120
00200210
64
00000000
00000000
00102020
02222200
22212100
00021112
00221120
00200210
23
00000000
00020000
01202020
02122200
22212100
00021112
00221120
00200210
88
00000000
02020000
02202020
02122200
22212100
00021112
00221110
00200211
12
00000000
12020000
01202020
02122200
22212200
00021122
00222222
00200211
58
00000000
12020000
01202020
02122200
22222200
00221122
00221222
00201111
21
01000000
11020000
01222020
02222200
22222200
00221122
00221222
00201111
63
01000000
11020000
01112120
02222200
22222220
00221122
00221222
00201111
83
01000000
11220000
01222111
02222200
22222220
00221122
00221222
00201111
14
01000000
11220200
01222211
12222200
21222220
00121122
00211222
00201111
72
01000000
11220210
01222111
12221200
22212220
02221122
00211222
00201111
27
01000000
11220210
01222111
11221200
21212220
02121222
01222222
00221111
51
01021000
11220110
01122111
11221200
21212220
02121222
01222222
00221111
31
21111000
12120110
01222111
11221200
21212220
02121222
01222222
00221111
17
21111000
12120110
01221111
11211200
22112220
22221222
12222222
00221111
18
21111000
12120112
01221121
11211200
22112220
22121222
11222222
10221111
28
21111020
12120222
01222121
11221200
22212220
22121222
11222222
11111111
81
21111021
22120211
22222121
22221200
22212220
22121222
11222222
11111111
84
21111021
22120111
22222111
22221201
22212222
22121122
11221222
11111111
74
21111021
22122111
22222211
22221121
22212112
22121112
11221212
11111111
61
