00000000
00000000
00000000
00021000
00012000
00000000
00000000
00000000
34
00000000
00000000
00000000
00111000
00222000
00000000
00000000
00000000
36
00000000
00000000
00000000
00111000
02222000
00100000
00000000
00000000
56
00000000
00000000
00002000
00121000
02211000
00101000
00000000
00000000
16
00000000
00000000
00002000
00122000
01212000
10102000
00002000
00000000
63
00000000
00000000
00202100
00221000
01212000
10102000
00002000
00000000
65
00000000
00000000
00202100
00221000
01222220
10102000
00002000
00000000
24
00000000
00000000
02202100
01211000
01222220
10102000
00002000
00000000
32
00000000
00100000
02102100
02121000
02222220
12102000
00002000
00000000
13
00000000
00100000
11102100
02121000
02222220
12202000
02002000
00000000
38
00000000
00100020
11102200
02122000
02222220
12202000
01002000
00100000
64
00000000
00100020
11102200
02111100
02222220
12202000
02002000
20100000
15
00000000
00100020
11102220
01111200
12222220
12202000
02002000
20100000
85
00000000
02100020
12102220
02111200
12111111
12202000
02002000
20100000
82
00200000
02200021
12202210
02211100
12211111
12202000
02002000
20100000
52
00202000
02202021
12202210
02212100
12212111
12202000
02002000
20100000
11
10202000
01202021
12102210
02212200
12212211
12202200
02002000
20100000
42
10202000
01112021
12101210
02212102
12212221
12202200
02002000
20100000
46
12202000
02112021
12101210
01212102
12111221
11112200
02002000
20100000
68
12202000
02112021
12101210
01212102
12111222
11112202
02001000
20100100
71
12202012
02112021
12101210
01212102
12111222
11112202
02001000
20100100
41
11112012
02112021
12101210
01212102
12111222
11112202
02002000
20102100
61
11111112
02112221
12101220
01212102
12111222
11112202
02002000
20102100
76
11111112
02112222
12101222
01212102
12111222
11111112
02002000
20102100
28
11111112
02112222
12101222
01212102
12111222
11111112
01002000
21102220
43
11111112
02111222
12111222
01211202
11121222
11112222
01002200
21102220
14
11111112
02111222
11112222
11221202
11221222
12112222
21002200
21102220
87
11111112
02111222
11112222
11221202
11222122
12222212
22202201
21102220
74
11111112
02111212
11112112
11221112
11222112
12222212
22202202
21102222
47
11111112
02111212
11112112
11211112
11212112
12111212
22212202
22222222
77
