00000000
00000000
00000000
00012000
00022000
00002000
00000000
00000000
46
00000000
00000000
00000000
00222000
00022000
00012000
00000000
00000000
64
00000000
00000000
00000000
00222100
00022200
00012000
00000000
00000000
24
00000000
00000000
02000000
01211100
00022200
00012000
00000000
00000000
66
00000000
00000000
02000000
01211100
00021100
00012100
00000200
00000000
22
00000000
01000000
01002000
01212100
00022100
00012100
00000200
00000000
35
00000000
01000000
01002000
01212200
00111120
00012100
00000200
00000000
62
00000000
01000100
01001000
01212200
00111120
00012200
00002200
00000000
77
00000000
01000100
01001000
01212200
00221120
00222100
00002210
00000000
43
00000000
21000100
02011000
01211200
00221120
00222100
00002210
00000000
48
00000000
21000100
02011000
02211200
02221120
00222100
00001210
00010000
14
00000000
21000100
02011000
11111200
02221120
00222220
00001210
00010000
47
00000000
22200100
02021000
11112200
01211220
00111220
00011210
00010000
73
00000000
22200100
02021010
11112100
01211220
00111220
00011222
00010000
41
00010000
22100100
01021010
11112100
01211220
00121220
00012222
00010200
37
00010000
22102100
01022010
11112100
01211220
00111220
00112222
00010200
85
00010000
22102100
01022010
11112200
01211121
00111222
00112222
00010200
58
00010020
22102200
01022010
11112200
01211121
00111212
00111122
00011200
61
00010120
22101200
02012010
12112200
02211121
02222212
00111122
00011200
15
00012220
22102200
02012010
12112200
11111121
01222212
00111122
00011200
63
02012220
22201200
02021110
12112100
11111221
01222222
00111122
00011200
13
02012220
22201200
12021110
11112100
11111221
01222222
00221122
00222200
72
02012220
22221110
12022110
11112200
11111221
01222222
00221122
00222200
31
02112220
21221110
12022110
11112200
11111221
01222222
00221222
00222220
81
02111111
21221110
22022110
21212200
22111221
22222222
00221222
00222220
88
02111111
21222222
22022120
21212200
22111221
22222121
00221211
00222221
84
02111111
21222122
22022222
21212201
22111211
22222121
00221211
00222221
17
02111111
21222122
22222222
22212201
22111211
21222121
10221211
00222221
74
02111111
21221112
22222112
22211111
22111211
22222121
12221211
00222221
11
11111111
11221112
12222112
12211111
12111211
12222121
12221211
00222221
28
