00000000
00000000
00020000
00022000
00021000
00000000
00000000
00000000
33
00000000
00000000
02220000
00012000
00021000
00000000
00000000
00000000
42
00002000
00020000
02210000
00012000
00021000
00000000
00000000
00000000
46
00002000
00020000
02220000
00022000
00021000
00020000
00020000
00000000
22
00002000
01020000
02120000
00012000
00022000
00022000
00020000
00000000
24
00002000
01020000
22220000
01012000
00022000
00022000
00020000
00000000
66
00002000
01020000
22220000
02012000
20021000
00022100
00020000
00000000
48
20002000
02020000
22220000
02012000
20011000
00012100
00010000
00010000
63
20002000
02020000
22220100
02012000
20011200
00012100
00010000
00010000
57
20002000
02020000
22220100
02012000
20012200
00012100
00012000
00012000
67
20002000
02020000
22220100
02012000
20012200
00011200
00011120
00012000
41
20012000
02210000
22220100
02012000
20012200
00011200
00011120
00012000
87
20012000
02210020
22220200
02012000
20012200
00011200
00011111
00012000
74
20012000
02210020
22220200
02222010
20012100
00011200
00011111
00012000
68
20012000
02210020
22220200
02222010
20022100
00222200
00011111
00011100
61
20011100
02210020
22220200
02222010
20022220
00222200
00011111
00011100
52
20011100
02211020
22220120
02222020
20022220
00222200
00011111
00011100
84
20011100
02211020
22220120
02222021
20022210
00222100
00021111
00211100
27
20011100
02211020
22220120
02221021
20012210
02222100
01021111
00211100
21
21011100
02111020
22210120
02221021
20012222
02222100
01021111
00211100
76
22211100
02211020
22210120
02221021
20012122
02222110
01021111
00211100
37
22222220
02211020
22210120
02221021
20012122
02222110
01111111
00211100
83
22222220
02211022
22210112
02221012
20012122
02222110
01111111
00211100
64
22222220
02211022
22210112
02221112
20011122
02212110
02111111
20211100
14
22222220
02211022
22210112
12211112
20222222
02212110
02111111
20211100
81
22222221
02222012
22222222
12222212
20222222
02212110
02111111
20211100
25
22222221
02222012
22222222
12222212
21222222
02112210
02111121
20211102
86
22222221
02222011
22222221
12222211
22222221
22112211
02111111
20211102
12
22222221
12222011
11222221
12122211
22212221
22121211
02211111
22211102
62
22222221
11111111
11222111
12122111
22212121
22121121
02211121
22222222
17
