00000000
00000000
00000000
00021000
00012000
00000000
00000000
00000000
34
00000000
00000000
00000000
00111000
00222000
00000000
00000000
00000000
56
00000000
00000000
00200000
00211000
00211000
00001000
00000000
00000000
24
00000000
00000000
00200000
02111000
20211000
00001000
00000000
00000000
22
00000000
01000000
00100000
02111000
20222200
00001000
00000000
00000000
14
00000000
01200000
00200000
11211000
20222200
00001000
00000000
00000000
26
00000000
22200000
00200000
11211000
20122200
01001000
00000000
00000000
16
00000000
22200000
00200000
11211000
10122200
11002000
00020000
00000000
76
00000000
22200000
00220000
11221000
10122100
11002010
00020000
00000000
57
00000000
22200000
00220000
11222000
10121200
11001020
00021002
00000000
31
00100000
22100000
02220000
11222000
10121200
11001020
00021002
00000000
64
00100000
22100000
02220000
11211100
10221200
11201020
00021002
00000000
21
01100000
21100000
01222000
11221100
10221200
11201020
00021002
00000000
38
01100000
21100000
01222000
11222220
10221200
11201020
00011002
00100000
42
01100000
21110000
01122000
11222220
10221200
11202020
00011202
00100000
77
01120000
21120000
01122000
11222220
10221200
11202020
00011112
00100000
62
01120000
21120100
01121000
11212220
10121200
11202020
00011222
00100020
37
01120000
21120100
22221000
11212220
10121200
11102020
00111222
00100020
46
01120000
21120100
22221000
11222220
10112200
11112220
00111222
00100020
86
01120000
21120100
22221000
11222220
10122200
11121111
00121222
00120020
58
01120000
21120100
22221000
12222220
12222200
11121111
00111122
00111020
51
01111000
22222100
22122000
11222220
12222200
11121111
00111122
00111020
63
01111000
22221100
22112100
11221220
12212220
11121121
00111122
00111020
11
11111200
11222200
12122200
11221220
12212220
11121121
00111122
00111020
83
11111200
11222200
12122221
11221220
12212120
11121121
00111122
00111020
88
11111200
11222200
12122221
11221220
12212220
11121221
00112211
00111221
85
11111200
11221200
12122121
11221210
12211111
12121211
20112111
00111221
27
11111200
11221200
12122121
12221210
12211111
12121211
22212111
02222221
18
11111200
11221200
12122121
12221222
12211121
12121211
11212111
11111111
71
11111110
11221102
12121122
12211222
12111121
11121211
11212111
11111111
81
