00000000
00000000
00000000
00021000
00012000
00000000
00000000
00000000
56
00000000
00000000
00000000
00022200
00011000
00001000
00000000
00000000
43
00000000
00000000
00010000
00222200
00011000
00001000
00000000
00000000
73
00000000
00000000
00010010
00222100
00021000
00021000
00000000
00000000
65
00000000
00000000
00010210
00222100
00021100
00021000
00000000
00000000
53
00000000
00002000
00021110
00221100
00021100
00021000
00000000
00000000
41
00010000
00001000
00021110
00221100
00022220
00021000
00000000
00000000
35
00010000
00001020
00021210
00212100
00122220
00021000
00000000
00000000
85
00012000
00002020
00022210
00212100
00111111
00021000
00000000
00000000
81
00012001
00002010
00022110
02211100
00211111
00021000
00000000
00000000
33
00012001
00202010
00211110
02211100
00211111
00021000
00000000
00000000
22
00012001
01202210
00112110
02221100
00211111
00021000
00000000
00000000
21
01012001
01102210
00112120
02221102
00211111
00021000
00000000
00000000
47
21012001
02102210
00212120
02221102
00211111
00011000
00010000
00000000
83
21012001
02102210
00212111
02222101
00212111
00022000
00012000
00000000
25
21012001
02102210
00222111
02222101
02112111
20022000
00012000
00000000
71
21012011
02102222
00221121
02212201
02112111
20022000
00012000
00000000
67
21012011
02102222
00221121
02212201
02112111
20022000
00012100
00002000
68
21012011
02102222
00222121
02222201
02212111
22012000
00011100
00002100
36
21012011
02102222
00122122
02122202
02112122
22112002
00011100
00002100
48
21012011
02222222
00222122
02122202
02112122
22112002
00011100
00011100
13
21012011
02222222
10222222
01122222
02112222
22112002
00011100
00011100
14
21012011
02222222
10222222
11122222
01122222
22212002
02011100
00011100
18
21012011
02222212
10222122
11121222
01112222
22112002
02021100
10211100
66
21012211
02222222
10222122
11121122
01112122
22111102
02021100
10211100
31
21112211
01112222
12221122
12121122
02112122
22111102
02021100
10211100
12
21112211
11112222
11221122
12121122
02112122
22111202
02022220
10211100
87
21112211
11112221
11221121
12122121
02112221
22111221
02022221
10211100
28
21112211
11112221
11221121
11222121
01212221
21221221
01222221
11111100
78
21112211
11112211
11221111
11222111
01212211
22221211
22222111
11111110
15
