00000000
00000000
00000000
00021000
00012000
00000000
00000000
00000000
65
00000000
00000000
00000000
00022200
00011100
00000000
00000000
00000000
53
00000000
00000200
00002000
00021200
00011100
00000000
00000000
00000000
73
00000000
00000200
00002010
00021200
00011120
00000000
00000000
00000000
34
00000000
00000200
00002010
00121200
00222220
00000000
00000000
00000000
74
00000000
00000200
00002010
02221110
00222220
00000000
00000000
00000000
51
00001000
00000120
00002020
02221120
00222220
00000000
00000000
00000000
42
00201000
00020120
00002020
02221220
00222220
00000000
00000000
00000000
26
00201000
00020120
00201020
02221220
00122220
01000000
00000000
00000000
14
00201000
00020120
00201020
11211220
00222220
01200000
00000000
00000000
27
00201020
00020220
00202020
11221220
00212220
01100000
01000000
00000000
84
00201020
00020120
00202010
11221111
00222220
01120000
01000000
00000000
76
00201020
00020120
00202010
11221111
00222110
01220010
01200000
00000000
52
00201020
00021122
00201020
11221211
00222110
01220010
01200000
00000000
25
00201020
00021122
00201020
11221211
01112210
01220210
01200000
00000000
57
00201020
00021122
00201020
11221211
01122210
01222110
01201000
00000000
22
00201020
01021122
00121020
11222211
01121210
01222110
01201000
00000000
47
00201020
01021122
00121020
11222211
01122110
01122110
01112000
00002000
48
00201020
01221122
00221020
11222211
01122110
01122110
01111000
00012000
41
00211020
01211122
00211020
11212211
01112210
01112120
01111002
00012000
86
00211020
01211122
00211020
12212211
22222210
01112111
01111002
00012000
88
00211020
01211122
00222220
12212211
22222210
01112111
01111001
00012001
13
00222220
01212222
10222220
11212211
22122210
01112111
01111001
00012001
21
01222220
01112222
10212220
11211211
22122110
22222111
01111001
00012001
17
01222220
22222222
10212220
11211211
12122110
11222111
11111001
00012001
11
11222220
11222222
10112220
11211211
12122210
11222211
11111201
00012001
81
11111111
11222212
12222120
12211211
12122210
11222211
11111201
00012001
68
11111111
11222212
12222220
12211121
12122222
11222111
11111101
00011101
83
11111111
11222211
11111111
12211111
12122122
11221221
11111121
00011101
78
11111111
11222211
11111111
12211111
12122112
12221211
12211111
02011111
18
11111111
11222211
11111111
12211111
12112112
12121211
11211111
12011111
38
