00000000
00000000
00000000
00021000
00012000
00000000
00000000
00000000
65
00000000
00000000
00000000
00022200
00011100
00000000
00000000
00000000
63
00000000
00000000
00000100
00022220
00011100
00000000
00000000
00000000
85
00000000
00000000
00000100
00022210
00021101
00200000
00000000
00000000
43
00000000
00000020
00010200
00022210
00021101
00200000
00000000
00000000
62
00000000
00200120
00020100
00022110
00021101
00200000
00000000
00000000
82
00000000
00200111
00020100
00022222
00021101
00200000
00000000
00000000
53
00000000
00200111
00021100
00021222
00022101
00220000
00000000
00000000
35
00000000
00200111
00021100
00011222
00111102
00220002
00000000
00000000
73
00000020
00200121
00021120
00011122
00111102
00220002
00000000
00000000
57
00000020
00200121
00021120
00012122
00111202
00210022
00001000
00000000
27
00000020
00200121
00021120
00012122
00121202
00210022
02001000
20000000
81
00000021
00200211
00022120
00022122
00221202
02210022
02001000
20000000
52
00000021
00201111
00021120
00021122
00221202
02222022
02001000
20000000
34
00000021
00201111
00011120
00111122
00221202
02222022
02002000
20002000
37
00000021
00201111
00011120
00111122
00121202
02112022
02202000
20022000
16
00000021
00201111
00011120
00111122
20121202
12112022
02202000
20022000
66
00000021
00221111
00021120
00121122
20121102
12111122
02202000
20022000
68
00000021
00221111
00022120
00121222
20122222
12111222
02202000
20022100
61
00000111
00221111
00022120
00121222
20122222
12122222
02222000
20022100
21
01000111
00121111
00012120
00121222
22222222
12222222
02222000
20022100
67
01000111
00121111
00012120
00121122
22212122
22221122
22222100
20022100
28
01020111
00122111
00012220
00121122
22211122
22211122
22122100
21022100
24
01020111
00122111
00222220
02221122
21211122
21211122
21122100
21022100
22
01020111
22222111
00122220
02211122
21211122
21211122
21122100
21022100
83
01020111
22222111
00111111
02211112
21211122
21211122
22222100
22222100
23
01020111
21222111
21111111
02111112
21211122
21211122
22222100
22222100
14
01020111
21222111
21111111
11111112
21211122
21211122
22222220
22222100
87
01220111
22222111
21111111
11111111
21211121
21211111
22222221
22222100
51
01111111
22211111
21111111
11111111
21211121
21211111
22222221
22222220
11
11111111
11211111
11111111
11111111
21211121
21211111
22222221
22222220
88
