00000000
00000000
00000000
00012000
00022000
00002000
00000000
00000000
64
00000000
00000000
00020000
00021100
00022000
00002000
00000000
00000000
46
00000000
00000000
00020000
00022220
00021000
00012000
00000000
00000000
66
00000000
00000000
00020000
00022220
00021000
00012100
00000200
00000000
73
00000000
00000000
00020010
00022120
00021000
00012220
00000200
00000000
53
00000000
00000000
00021010
00021120
00021000
00022220
00020200
00000000
77
00000000
00002000
00022010
00022120
00022000
00022120
00020210
00000000
36
00000000
00002002
00022020
00022220
00022000
00111120
00020210
00000000
58
00000000
00002002
00022020
00022220
00022000
00211120
02010210
00001000
57
00000000
00002002
00022020
00022220
00022000
00211220
02011120
00001002
34
00000000
00002002
00022020
00122220
00012000
00211220
02011220
00001202
84
00000000
00002002
00022020
00121111
00222000
00221220
02012220
00001202
62
00000000
00002102
00022010
00121111
00222000
00221220
02022220
00022202
26
00000000
00002102
00221010
00121111
00122000
01111220
02022220
00022202
65
00000000
00002222
00221010
00121111
00111100
01111220
02022220
00022202
51
00001000
00001122
00221010
00121111
00111100
22222220
02022220
00022202
42
00001000
00011122
00211010
02111111
00211100
22222220
02022220
00022202
23
00001000
00222222
01221010
02212111
00211200
22222220
02022220
00022202
41
00211000
00212222
01211010
02212111
00211200
22222220
02022220
00022202
22
02211000
02212222
02121010
02212111
00211200
22222220
02022220
00022202
75
02211000
02212222
02121012
02212121
00211210
22222220
02022220
00022202
12
02211000
11112222
01121012
02112122
00211222
22222220
02022220
00022202
11
11111000
11112222
01122222
02112222
00211222
22222220
02022220
00022202
81
11111201
11112222
01122122
02111222
00211222
22222220
02022220
00022202
86
11111201
11112221
22221121
02111121
00211211
22222221
02022220
00022202
71
11111111
11112111
22221111
02211111
02211211
22222221
02022220
00022202
78
11111111
11112111
22221111
02211111
02211211
22221221
02022222
00022212
17
11111111
11112111
22221111
02211111
02111211
21221221
22022222
20022212
28
11111111
11112111
22221111
02211111
02111211
21221221
22022222
22222212
15
11111111
11112111
22121111
22211111
22111211
21221221
22022222
22222212
37
