00000000
00000000
00000000
00012000
00022000
00002000
00000000
00000000
66
00000000
00000000
00000000
00012000
00021000
00002220
00000000
00000000
35
00000000
00000000
00200000
00022000
00112000
00002220
00000000
00000000
63
00000000
00000000
00200100
00021000
00212000
02002220
00000000
00000000
67
00000000
00000000
00200100
00021000
00212000
02002220
00002100
00000000
43
00000000
00000000
00210100
00211000
00222000
02002220
00002100
00000000
24
00000000
00020000
00220100
01121000
00222000
02002220
00002100
00000000
85
00000000
00020000
00220100
01121000
00222001
02002210
00002200
00000020
32
00000000
00120000
00110100
01121000
00222001
02002222
00002200
00000020
58
00200000
00220000
00210100
01221000
00221001
02001212
00001100
00001020
23
00200000
20220000
02110100
01221000
00221001
02002212
00001200
00001020
21
01200000
20120000
02110100
01221000
00221001
02002212
00022200
00001020
41
01110000
20110000
02110100
01221000
00222201
02002212
00022200
00001020
46
01110000
22110000
02210100
01221000
00112201
02011112
00022200
00001020
87
01110000
22110000
02210100
22221000
00112201
02011111
00022201
00001020
75
01110000
22110000
02210100
22221000
00112111
02011211
00022221
00001020
64
01110000
22110000
02210100
22222220
00111221
02012221
00022221
00001020
88
01110000
22222000
02220200
22222220
00111221
02012121
00022211
00001021
11
11110000
21222000
02122200
22222220
00211221
02012121
00022211
00001021
68
11110000
21222000
02122200
22222220
00211221
02012221
00022111
00021111
15
11110000
21222000
02122200
21222220
10221221
02222221
00022111
00021111
16
11110000
21222000
02122200
21222220
10221221
11211111
02022111
00021111
13
11110000
11222000
11122200
11222220
12221221
12211111
02022111
00021111
62
11110000
11111120
11122200
11222120
12221121
12211111
02022111
00021111
38
11110000
11111120
11122200
11222120
12221121
12211111
02012111
20111111
17
11110000
11111120
11121200
11212120
12121121
11211111
12222111
20111111
83
11110000
11111120
11121221
11212220
12122121
11221111
12222111
20111111
71
11110010
11111110
11121211
11212222
12122121
11221211
12222111
20111111
28
11110010
11111112
11121212
11212122
12121121
11211211
11122111
21111111
81
11110211
11112211
11121211
11212121
12121121
11211211
11122111
21111111
51
