00000000
00000000
00000000
00021000
00012000
00000000
00000000
00000000
56
00000000
00000000
00000000
00021000
00021000
00021000
00000000
00000000
35
00000000
00000000
00000000
02021000
00211000
00021000
00000000
00000000
34
00000000
00000000
00000000
02222200
00212000
00021000
00000000
00000000
63
00000000
00000000
00000100
02221200
00212000
00022200
00000000
00000000
67
00000000
00000200
00000200
02221200
00212000
00021200
00000100
00000000
76
00000000
00000200
00000200
02221200
00222000
00022110
00000200
00000020
58
00000000
00000200
00002200
02222200
00222000
00022110
00000100
00001020
33
00000000
00000200
00102200
02212200
00221000
00022222
00000100
00001020
47
00000000
00000200
00102200
02212200
00221000
00222222
00010100
00001020
57
00000000
00000200
00102200
02212200
00221000
00221222
00022100
00021020
85
00000000
00000200
00102200
02212200
00221001
00221212
00022220
00021020
37
00000000
00000200
00122200
02122200
00121001
00111212
00122220
00021020
52
00000000
00001200
00111200
02121200
02221001
00211212
00122220
00021020
72
00000000
00001110
00111100
02121200
02221001
02211212
00222220
00021020
73
00000000
00001112
00111120
02121200
02222001
02221212
00222220
00021020
14
00000000
00201112
00211120
11221200
01222001
02121212
00212220
00021020
27
00000000
00201112
00211120
12221200
22222001
02121212
01212220
00021020
17
00002000
00202212
00212120
12212200
22122001
01121212
11212220
00021020
83
00002000
00202212
00212111
12212200
22122001
01221212
12212220
20021020
38
00002000
00202212
00212111
12212200
22122001
22221212
22112220
20111020
68
00002000
00202212
00212111
12212200
22122021
22211222
22111220
20111120
22
00002000
01202212
00112211
12212220
22122021
22211222
22111220
20111120
84
00002002
01202222
00112211
12211111
22122011
22211122
22111220
20111120
41
00012002
01222222
00222111
12221111
22122011
22211122
22111220
20111120
23
00012002
01122222
01111211
12121211
22112211
22211222
22111220
20111120
31
20112002
02112222
01211211
12121211
22112211
22211222
22111220
20111120
21
21112002
22222222
02211211
12221211
22122211
22212222
22111220
20111120
28
21112002
21222222
22211211
21221211
21122211
21212222
21111220
21111120
88
21112002
21222222
22111211
21211211
21121211
21212122
21111222
21111111
71
