00000000
00000000
00000000
00021000
00012000
00000000
00000000
00000000
34
00000000
00000000
00002000
00112000
00012000
00000000
00000000
00000000
64
00000000
00000000
00202000
00121100
00012000
00000000
00000000
00000000
65
00000000
00000000
00202000
00121100
00021100
00020000
00000000
00000000
32
00000000
00100000
00102000
00122100
00022100
00022000
00000000
00000000
47
00000000
00100000
00102000
00122100
00022100
00022000
00010200
00000000
42
00000000
00110000
00101000
00122100
00022200
00022020
00010200
00000000
37
00000000
00110200
00102000
00122100
00021200
00012020
00110200
00000000
75
00200000
00120200
00102000
00122100
00021110
00012020
00110200
00000000
52
00200000
00111200
00101000
02221100
00021110
00012020
00110200
00000000
57
00202000
00121200
00201000
02221100
00021110
00011020
00111200
00000000
22
00202000
01121200
00121000
02222100
00021210
00011020
00111200
00000000
35
00202000
01121200
00121000
02112100
00211210
00021020
00112200
00000200
78
00202000
01121200
00121000
02112100
00221210
00221020
00112100
00000210
58
00202000
01121200
00121000
02112100
00221222
00221020
00111100
00001110
66
00202000
01121200
00121000
02112220
00221122
00221120
00111100
00001110
26
02202000
01221200
00121000
02112220
00121122
01111120
00111100
00001110
15
02202000
01221200
00121000
01112220
10122122
01121120
00211100
02001110
72
02202000
22221110
00121000
01112220
10122122
01121120
00211100
02001110
48
02202000
22221110
00121000
22222220
10122122
01121120
00111100
02011110
23
02202000
22221110
01122200
22122220
10112122
01121120
00111100
02011110
11
12202000
21222222
01122200
22122220
10112122
01121120
00111100
02011110
86
12202000
21222222
01122200
22122220
10112222
01121122
00111102
02011110
41
11112000
21112222
01112200
22112220
10112222
01121222
00111122
02011110
84
11112000
21112222
01122200
22211111
12222212
01121122
00111122
02011110
81
11112001
21112212
22222100
22211111
12222212
01121122
00111122
02011110
88
11112001
21112212
22222220
22211221
12222221
01121121
00111111
02011111
83
11112001
21112211
22222221
22211211
12222121
01221121
00211111
02211111
71
11112011
21112111
22221221
22211211
22222121
22221121
00211111
02211111
61
11111111
21112111
22221221
22211211
22222121
22221121
00211111
02211111
27
11111111
21112111
21221221
21212211
21222121
21221121
02111111
22211111
17
