00000000
00000000
00000000
00222000
00021000
00000000
00000000
00000000
33
00000000
00200000
00200000
00212000
00021000
00000000
00000000
00000000
24
00000000
00200000
00220000
01122000
00021000
00000000
00000000
00000000
35
00000000
00200000
00220000
02122000
20111000
00000000
00000000
00000000
22
00000000
01220000
00220000
02112000
20111000
00000000
00000000
00000000
41
00010000
01210000
00210000
02212000
20221000
00200000
00000000
00000000
65
00012000
01220000
00210000
02211000
20221100
00200000
00000000
00000000
23
00012000
01120000
01112000
02221000
20221100
00200000
00000000
00000000
46
00012000
01120000
01112000
02222200
20211100
00210000
00000000
00000000
13
00012000
01120000
11112000
01222200
20211100
02210000
00000000
00000000
73
20012000
02120000
11212010
01222100
20211100
02210000
00000000
00000000
12
20012000
11120000
11212010
01222100
20222100
02222000
00000000
00000000
37
20222000
11120000
11112010
01122100
20121100
02112000
00100000
00000000
67
20222000
11120000
11112010
01122100
20111200
02111020
00100100
00000000
75
20222000
21220000
22112010
22222100
20111110
02111020
00100100
00000000
16
20222000
21222000
22122010
22222100
20111110
11111020
00100100
00000000
62
20222000
21112100
22122210
22212100
20111110
11111020
00100100
00000000
85
20222000
21112100
22122210
22212100
20211111
11211010
00200100
00200000
48
20222000
22112100
22222210
22222200
20212211
11222210
00100100
00210000
27
20222000
22112200
22222220
22222202
20212221
11122210
01100100
00210000
72
20222000
22111110
22222120
22221202
20212221
11122210
01100200
00210200
57
22222000
22211110
22222120
22221202
20211221
11121210
01101200
00210200
83
22222000
22222222
22222121
22221201
20211221
11121210
01101200
00210200
58
22222000
22222222
22222121
22221201
20211221
11121220
01101120
00211200
28
22222000
22222222
22222121
22221201
20211221
22121220
21101120
01111200
78
22222000
22222222
22222221
22221221
20211221
22121220
21101120
01111110
86
22222000
22222222
22222221
22222221
20221221
22221111
22101110
21111110
71
22222010
22222212
22222211
22222211
20221211
22222111
22221110
21111110
81
22222011
22222211
22222211
22222211
20221211
22222121
22222222
21111110
88
22222011
22222211
22222211
22222211
20221211
22222121
22222211
21111111
61
22222111
22222111
22222111
22222111
20221111
22222121
22222211
21111111
25
