00000000
00000000
00020000
00022000
00021000
00000000
00000000
00000000
33
00000000
00000000
02220000
00012000
00021000
00000000
00000000
00000000
53
00000000
00000000
02221000
00021000
00022000
00000200
00000000
00000000
36
00000000
00000000
02221000
00021000
00022000
00120200
00000000
00000000
32
00000000
00102000
02212000
00022000
00022000
00120200
00000000
00000000
14
00000000
00102000
22212000
10022000
00022000
00120200
00000000
00000000
12
02000000
10202000
12222000
10022000
00022000
00120200
00000000
00000000
56
02000000
10202000
12222000
10022000
00022000
00121200
00020000
00000000
41
02210000
10202000
11222000
10022000
00022000
00121200
00020000
00000000
51
02211000
10201000
11221000
10021000
02021000
00221200
00020000
00000000
22
02211000
11201000
11121000
10012000
02022200
00222200
00020000
00000000
58
02211000
11201000
11122200
10012000
01022200
00122200
00010000
00001000
77
02211000
11201000
11122200
10012000
01021200
02222100
00010010
00001000
34
02222200
11201000
11112200
10112000
01021200
02222100
00010010
00001000
27
02222200
11201000
11112200
10112000
01021200
01222100
01020010
00201000
57
02222200
11201000
11112200
10112000
01021200
01221100
02021010
20201000
75
02222200
11201000
11112200
10112000
01021110
01221100
02022010
20201200
35
02222200
11201000
11112200
10112000
01111110
01221100
02022010
20222200
42
02222200
11111000
11112200
10112200
01112110
01221100
02022010
20222200
72
02222200
12121010
12212100
12222200
02212110
02221100
02022010
20222200
74
02222200
12221010
12222100
11112110
02212210
02222220
02022010
20222200
11
12222200
11222210
12122200
11112210
02212210
02222220
02022010
20222200
37
12222200
11222210
12122200
11112222
02112220
02122220
02122010
20222200
28
12222200
11222210
12222200
12112222
22222220
02122220
01222010
21222200
71
11111110
11222222
12221200
12112222
22222220
02122220
01222010
21222200
67
11111110
11222122
12221100
12112122
22212120
22121120
02111110
21222200
78
11111110
11222122
12221100
12112122
22212120
22121120
02222222
21111110
73
11111112
11222122
12221210
12112112
22212110
22121110
02222212
21111110
83
11111112
11222112
12221211
12112122
22212222
22121120
02222212
21111110
17
11111112
11222112
12221211
12112122
12112222
11121220
11111122
22222222
86
