00000000
00000000
00000000
00012000
00022200
00000000
00000000
00000000
66
00000000
00000000
00000000
00012000
00022200
00002100
00000000
00000000
46
00000000
00000000
00000000
00012000
00012200
00012100
00002000
00000000
67
00000000
00000000
00000000
00012000
00012200
00012100
00022100
00000000
48
00000000
00000000
00000000
00012000
00012200
00012200
00011200
00010200
53
00000000
00000000
00001000
00011000
00011200
00012200
00021200
00210200
76
00000000
00000000
00021000
00021000
00021100
00021110
00021200
00210200
34
00000000
00000000
00021000
00111020
00011200
00022110
00021200
00210200
77
00000000
00002000
00022000
00112020
00012200
00022110
00021110
00210200
75
00000000
00002000
00022000
00112020
00011120
00022120
00021220
00210220
83
00000000
00002000
00022001
00122010
00222220
00022120
00021220
00210220
37
00000000
00002000
00022001
00122010
00222220
00022120
00211220
02210220
18
00000000
00002000
00022001
02222010
00222220
00022120
00211220
11110220
27
00000000
00002000
00022001
02222010
00222220
00022120
22222220
11110220
64
00000000
00002000
00022001
02222110
00221120
00222120
22122220
11110220
33
00000000
00002000
02222001
02212110
00121120
00122120
22122220
11110220
84
00000000
00002000
02222001
02212211
00121120
00122122
22122220
11110220
32
00000000
02102000
02212001
02121211
00122120
00122222
22122220
11110220
61
00000100
02101000
02212001
02121211
02222120
00222222
22122220
11110220
16
02000100
02201000
02222001
02122211
01222220
10222222
11122220
11110220
42
02000100
02211000
02212021
02112221
01212220
10212222
11112220
11110220
63
02000100
02211000
02211111
02111221
01212220
10212222
11122220
11112220
13
02200100
02221000
11112111
01111221
01112220
10212222
11122220
11112220
26
02220100
02222000
11112211
01111221
01112220
11112222
11122220
11112220
72
02220100
02222012
11112121
01111221
01112220
11112222
11122220
11112220
81
02220101
02222011
11212121
02111221
22222220
11112222
11122220
11112220
11
12220121
01222021
11112121
02111221
22222220
11112222
11122220
11112220
85
12220121
01222021
12112121
22111211
22222221
11112222
11122220
11112220
62
12222221
01122111
12212111
22112211
22222221
11112222
11122220
11112220
88
12222221
01122111
12212111
22112211
22221221
11112122
11122222
11111111
12
