00000000
00000000
00000000
00021000
00012000
00000000
00000000
00000000
56
00000000
00000000
00000000
00022200
00011000
00001000
00000000
00000000
43
00000000
00000000
00010000
00222200
00011000
00001000
00000000
00000000
23
00000000
00000000
01010000
00122200
00012000
00001200
00000000
00000000
65
00000000
00000000
01010000
02221200
00011100
00001200
00000000
00000000
33
00000000
00200000
01210000
02211200
00011100
00001200
00000000
00000000
73
00000000
00200000
01210210
02211200
00011200
00001200
00000000
00000000
74
00000000
00200000
22210210
02211110
00011100
00001200
00000000
00000000
53
00000000
00200000
22221110
02212110
00011200
00001220
00000000
00000000
14
00000000
00200000
22221110
12212110
00222200
00001220
00000000
00000000
41
00010000
00102000
21222110
12212110
00222200
00001220
00000000
00000000
87
00010000
00122000
21222110
12221110
00222100
00001210
00000001
00000000
25
00010000
00122000
21222222
11221110
01111100
00001210
00000001
00000000
82
00010000
00122001
21222212
12221110
01221100
00022210
00000001
00000000
31
00110000
00112001
21221212
12221110
02221100
20022210
00000001
00000000
72
00110000
02222011
22221112
12221110
02221100
20022210
00000001
00000000
15
00110200
02222021
22221112
12221110
11111100
20022210
00000001
00000000
47
00110200
02222021
22222122
12221220
11111120
20011210
00010001
00000000
84
00110200
02222021
22222121
12221111
11111120
20011220
00010021
00000000
11
10110200
01222021
22122221
12211121
11111122
20011220
00010021
00000000
51
10111200
01211021
22121221
12211121
11111222
20012220
00020021
00200000
21
11111200
01111021
22111221
12211121
11211222
20022220
00022021
00200000
88
11111200
01111021
22111221
12211121
11211222
20022220
00022211
00200001
86
11111200
01111021
22111221
12211121
12211211
22022221
00022211
00200001
27
11111200
01111021
21111221
11212121
11221211
22222221
01022211
00200001
12
11111200
11111021
11111221
11212121
11221211
22222221
02022211
20200001
58
11111200
11111021
11111221
11212121
11221211
22121211
02022111
20221001
62
11111220
11111221
11112121
11222121
11221211
22121211
02022111
20221001
17
11111220
11111221
11112121
11222121
11221221
12122221
12022221
20221021
37
11111220
11111221
11112121
11222121
11221221
11122221
11112211
20222221
28
11111220
11111221
11112121
11222121
11221221
11122221
11112211
21111111
81
