00000000
00000000
00000000
00012000
00022000
00002000
00000000
00000000
66
00000000
00000000
00000000
00012000
00021000
00002220
00000000
00000000
35
00000000
00000000
00000000
00012000
00121000
00202220
00000000
00000000
53
00000000
00000000
00001000
00211000
00221000
00202220
00000000
00000000
26
00000000
00000000
00201000
00221000
00122000
01202220
00000000
00000000
24
00000000
00000000
00201000
01111000
02222000
01202220
00000000
00000000
67
00000000
00000000
00201000
01111000
02212000
01222220
00000100
00000000
86
00000000
00000000
00201000
01111000
02212000
01122111
00002100
00000000
47
00000000
00000000
02201000
02211000
02222000
01112111
00011100
00000000
22
00000000
01000000
01101000
01211000
01222000
01112111
00011200
00000020
58
00000000
01000000
01101000
01211000
01222000
01212111
02011100
00001020
65
00000000
01000000
01101000
01211000
02111100
22211111
02011100
00001020
18
00000000
21000000
02101000
01211000
02111100
22111111
01011100
10001020
15
00000000
21000000
02101000
22211000
21111100
22111111
01011100
10001020
13
00000000
21000000
11101000
21222200
21111100
22111111
01011100
10001020
74
00000000
22200000
12101000
21111110
21111100
22111111
01011100
10001020
17
00000000
22200000
12201000
11121110
11112100
11111211
11011120
10001020
11
10000000
12200000
12201000
11221110
11212100
11221211
11222220
10001020
87
10000000
12200000
12201000
11221110
11212220
11221221
11111121
10001020
42
10020000
11210000
12101000
11221110
11212220
11221221
11111121
10001020
88
10020000
11210000
12101000
11211110
11211220
11222121
11221111
10201021
31
10120000
11110200
12102000
11221110
11211220
11222121
11221111
10201021
85
10120000
11110200
12102000
11221110
11211111
11222111
11222111
10201221
43
10120000
11110200
12112000
11111110
11211111
11222111
11222111
10222221
71
12220010
12110100
12111000
11111110
11211111
11222111
11222111
10222221
51
11111010
12110100
12111020
11111220
11212121
11222121
11222121
10222221
28
11111010
12110100
12222220
11112220
11222121
11222121
11222121
11111111
82
11111010
12110101
12222222
11112120
11221121
11212121
11122121
11111111
84
11111010
12222101
12222211
11112111
11221111
11212121
11122121
11111111
61
11111110
12222221
12212221
11112121
11221121
11212121
11122121
11111111
81
