00000000
00000000
00000000
00222000
00021000
00000000
00000000
00000000
35
00000000
00000000
00000000
00222000
00112000
00000200
00000000
00000000
63
00000000
00000000
00002100
00222000
00112000
00000200
00000000
00000000
23
00000000
00000000
01002100
00122000
00122000
00200200
00000000
00000000
43
00000000
00000000
01011100
00122000
02222000
00200200
00000000
00000000
16
00000000
00020000
01021100
00122000
01222000
10200200
00000000
00000000
31
00100000
00010020
01021200
00122000
01222000
10200200
00000000
00000000
47
00100000
00010020
01021200
00122000
01222000
10200200
00210000
00000000
52
00100000
00011020
01011200
00122000
01222000
10200200
00222000
00000000
58
00100000
00011020
01011200
02222000
01222000
10100200
00212000
00001000
81
00100001
20011010
02011100
02221000
01212000
10100200
00212000
00001000
27
00100001
20011010
02011100
02221000
01212000
10100200
22222000
00001000
18
00100001
20011010
02011100
02221000
01222000
10120200
11222000
10001000
56
00100001
20011010
02011100
02221000
01222200
10112200
11221000
10001000
14
00100001
20211010
02021100
11112000
01222200
10112200
11221000
10001000
67
00100001
20222210
02022100
11122000
01212200
10111200
11221100
10001000
38
00100001
20222210
02022100
11122000
22212200
10111200
11111100
10101000
75
00100001
20222210
02022100
11122000
22212110
10111200
11111120
10101000
26
00100001
20222210
02022100
11122000
21212110
11121200
11112220
10101200
78
00100001
20222210
02022220
11122000
21212110
11121200
11112120
10101110
64
00100001
20212210
02021220
11121100
21221110
12121200
11222120
10121110
74
00100001
20212210
02021210
11121110
21221110
12121200
11222120
10122222
21
01100001
20112210
02011222
11121120
21221210
12122200
11222120
10122222
28
01100201
20112220
02011222
11121120
21221210
12112200
11122120
11122222
51
01122201
20222220
02021222
11121120
21221210
12112200
11122120
11122222
33
01122201
20122220
02112222
11111220
21221220
12112202
11122120
11122222
71
01111111
20122120
22111222
22111220
21221220
12112202
11122120
11122222
11
11111111
12222120
12211222
12121220
11222220
12112202
11122120
11122222
85
11111111
12221120
12221122
12122220
11111221
12112222
11122220
11122222
87
11111111
12121120
12211122
12121222
11111122
12112212
11111112
11122222
82
