00000000
00000000
00000000
00021000
00012000
00000000
00000000
00000000
43
00000000
00000000
00012000
00012000
00012000
00000000
00000000
00000000
62
00000000
00200100
00021000
00012000
00012000
00000000
00000000
00000000
66
00000000
00200100
00021000
00222000
00011000
00000100
00000000
00000000
23
00000000
00200100
02021000
20122000
00011000
00000100
00000000
00000000
63
00000000
00200100
02021100
20122000
00011200
00000100
00000000
00000000
42
00000000
00210100
02011100
22222000
00011200
00000100
00000000
00000000
75
00000000
00210100
02011100
22222000
00021110
00020100
00000000
00000000
22
02000000
02210100
02021100
22222000
00021110
00020100
00000000
00000000
12
02000000
11110100
02021100
22222200
00022110
00020100
00000000
00000000
36
02000000
11110100
02021100
22221200
00012110
02220100
00000000
00000000
47
02000000
11110100
02021100
22221200
00012210
02210200
00010200
00000000
27
02000200
11110200
02021200
22221200
00012210
02110200
01010200
00000000
71
02000210
11110100
02021200
22221200
00012220
02110202
01010200
00000000
68
02000210
11110100
02021100
22221100
00012120
02110202
01012100
00000100
85
02000210
11110100
02021100
22221100
00012111
02110202
02012100
02000100
87
02000210
11110100
02021100
22221100
00012111
02120201
02222101
02000100
25
02020210
11220100
02021100
21221100
01012111
02120201
02222101
02000100
33
02020210
11220100
02111100
21221100
01012111
02120201
02222221
02000100
35
02020210
11222100
02112100
21112100
01112111
02110201
02221221
02000100
58
22020210
12222100
02212100
21122100
01112111
02110201
02211221
02001100
51
22021110
12212100
02112100
21222100
01122111
02222201
02211221
02001100
31
22111110
12112100
02112100
21222100
01122211
02222221
02211221
02001100
78
22111110
12112100
01112100
21122100
01112211
02221211
02222111
02021110
18
22111110
12112100
01112100
21122100
22222211
02121211
01222111
12021110
13
22222222
11112100
11112100
21122100
22222211
02121211
01222111
12021110
16
22222222
11112100
11112100
11122102
11222221
11121211
01222111
12021110
38
22222222
11112200
11112220
11122202
11222221
11121211
01112111
11111110
82
22222222
11112202
11112222
11122102
11221221
11111211
01112111
11111110
72
22222222
11111112
11112122
11121102
11211222
11111212
01112122
11111112
74
