00000000
00000000
00000000
00021000
00012000
00000000
00000000
00000000
56
00000000
00000000
00000000
00022200
00011000
00001000
00000000
00000000
63
00000000
00000000
00000100
00021200
00012000
00001200
00000000
00000000
65
00000000
00000000
00000100
00021100
00021100
00022200
00000000
00000000
35
00000000
00000200
00000200
00021200
00111200
00022200
00000000
00000000
34
00000000
00000200
00020200
00122200
00121200
00022200
00000000
00000000
57
00000000
00000200
00020200
00122200
00121200
00011200
00002000
00020000
75
00000000
00000200
00020200
00122200
00121110
00012200
00002200
00020000
58
00000000
00000200
00020200
00122200
00121110
00011200
00001200
00022200
33
00000000
00000200
02220200
00212200
00121110
00011200
00001200
00022200
76
00000000
00000200
02220200
00212200
02221110
00011110
00001200
00022200
15
00000000
00000200
02220200
00212200
12111110
20011110
00001200
00022200
24
00000000
00000200
02220200
01212200
12221110
20211110
00001200
00022200
61
00000100
00000100
02220100
01212100
12222222
20211120
00001200
00022200
27
00000100
00000100
02220100
01211100
12212222
20221120
01201200
00022200
12
00000100
10000120
01220200
01112100
12222222
20221120
01201200
00022200
32
00000100
10100120
01120200
01112100
12222222
20221220
01201220
00022200
83
00000100
12100110
02220201
02122100
12222222
20221220
01201220
00022200
74
00000100
12100110
02220201
02122222
12222122
20221220
01201220
00022200
17
00200100
12200110
02220201
02122222
12222122
10221220
11201220
00022200
86
00200100
12200110
02220201
02122221
12222221
10222111
11222220
00022200
87
00200100
12200110
02220201
02122221
12222221
10222121
11111221
00022220
26
00200102
12200120
02220201
02122221
12222221
11111121
11111221
00022220
14
00200102
12202220
02220201
11122221
11222221
11111121
11111221
00022220
53
00200102
12202220
02221201
12111121
12121211
12111121
12111221
02022220
13
00200102
12202220
11211201
11211121
12221211
12212121
12221221
02222220
42
00200102
11112220
11111221
11211221
12222211
12222121
12221221
02222220
51
00221102
11122120
11121211
11221221
12222211
12222121
12221221
02222220
88
02221102
12222120
12121211
12221221
12222211
12222121
12221211
02222221
18
02221102
12222122
12121221
12221221
12212211
12122121
11221211
11111111
11
