00000000
00000000
00000000
00021000
00012000
00000000
00000000
00000000
43
00000000
00000000
00010000
00011000
00222000
00000000
00000000
00000000
36
00000000
00000000
00012000
00022000
00212000
00100000
00000000
00000000
25
00000000
00000000
00012000
00022000
01122000
00120000
00000000
00000000
47
00000000
00000000
00012000
00012000
01112000
00120000
00210000
00000000
27
00000000
00200000
00022000
00012000
01112000
00120000
01110000
00000000
63
00000000
00200000
00222100
00021000
01112000
00120000
01110000
00000000
62
00000000
00200100
00221100
02011000
01212000
00120000
01110000
00000000
42
00020000
00220100
00221100
02021000
01222000
00120000
01110000
00000000
56
00020000
00220100
00221100
02021000
22221000
00111000
01110000
00000000
22
00020000
22220100
00121100
02011000
22221000
00111000
01110000
00000000
31
00120020
22110200
00122100
02021000
22221000
00111000
01110000
00000000
51
00111020
22110200
00122200
02022200
22221000
00111000
01110000
00000000
34
00111020
22110200
02222200
02122200
22111000
00111000
01110000
00000000
65
00111020
22110200
02212200
02221200
22121100
00112000
01110200
00000000
73
00111020
22110120
02211210
02222100
22121100
00112000
01110200
00000000
14
00111020
22110120
22211210
21111100
21121100
00112000
01110200
00000000
11
10111020
21110120
22111210
21111100
22121100
00212000
01120200
00002000
66
10111020
21110120
22111210
21111100
22121100
00211100
02120200
20002000
38
10111020
21110120
22111220
22222220
22121100
00211100
02110200
20102000
84
12111020
22210120
22121210
22222221
22121100
00211100
02110200
20102000
83
12111020
22222220
22122211
22222211
22121100
00211100
02110200
20102000
26
12111020
22222220
22122211
22222221
22121102
01111100
02110200
20102000
68
12111020
22222220
22122211
22222221
22222102
01122100
02222100
20102100
17
12111020
22222220
22122211
22222221
22222102
02122100
12211100
22102100
16
12111020
12222220
12122211
12222221
12222222
11122100
11211100
22102100
76
12111020
12222220
12122211
12222211
12222212
11122110
11211200
22102220
61
12111120
12222222
12112122
12122212
11222112
11122110
11211200
22102220
81
12111111
12222212
12112122
12122212
11222122
11122222
11211200
22102220
48
12111111
12222212
12112122
12122212
11222122
11122222
11111200
22112220
87
12111111
12222211
12112121
12122211
11222121
11122221
11111221
22112220
88
