00000000
00000000
00000000
00021000
00012000
00000000
00000000
00000000
43
00000000
00000000
00012000
00012000
00012000
00000000
00000000
00000000
63
00000000
00000000
00211100
00021000
00012000
00000000
00000000
00000000
65
00000000
00000000
00211100
00021000
00021100
00020000
00000000
00000000
23
00000000
02000000
01211100
00021000
00021100
00020000
00000000
00000000
35
00000000
02000000
22211100
00011000
00111100
00020000
00000000
00000000
37
00000000
02000000
22222220
00011000
00111100
00010000
00100000
00000000
62
00000000
02000100
22221220
00012000
00111200
00010020
00100000
00000000
83
00000000
02002100
22222111
00012000
00111200
00010020
00100000
00000000
42
00000000
02011100
22212111
00222000
00111200
00010020
00100000
00000000
64
00000000
02011100
22211111
00222100
00122200
00012020
00100000
00000000
32
00000000
02111102
22111121
00122200
00122200
00012020
00100000
00000000
75
00002000
02112202
22112121
00122100
00111110
00012020
00100000
00000000
11
10022000
01222202
22122121
00122100
00111110
00012020
00100000
00000000
47
10022000
01222202
22122122
00122102
00111110
00011020
00110000
00000000
61
10022100
01221102
22112122
00122202
00112110
00021020
00210000
02000000
27
10022100
01221102
22112122
00122202
00112110
00021020
01120000
02020000
74
10022220
01221202
22112122
00111112
00112110
00021020
01120000
02020000
12
10022220
11221202
21212122
00211112
00212110
00221020
01120000
02020000
72
10022220
11221112
21212112
00211112
00212110
02221020
02220000
02020000
17
10022220
11221112
21212112
02211112
00212110
01221020
12220000
02020000
25
10022220
11221112
21212112
02111112
22222110
02221020
12220000
02020000
18
12022220
12221112
22212112
02111112
22212110
02121020
11220000
12020000
66
12022220
12222112
22212212
02111122
22222222
02121120
11220000
12020000
87
12022220
12222112
22212212
02111222
22222222
02122220
11220201
12020000
14
12022220
12222112
12222212
11211222
22222222
22122220
11220201
12020000
78
12022220
12222112
11222212
11111222
22212222
22122220
11222101
12020010
86
12022220
12222112
11222212
11111222
22212222
22111111
12222101
12220010
58
12022220
12222112
11222212
11111222
22212222
22121211
12212201
11111210
77
12022222
12222122
11222212
11111222
22211222
22121111
12211111
11111210
31
