00000000
00000000
00000000
00021000
00012000
00000000
00000000
00000000
65
00000000
00000000
00000000
00022200
00011100
00000000
00000000
00000000
43
00000000
00000000
00010000
00011200
00011200
00000200
00000000
00000000
74
00000000
00200000
00020000
00012110
00011200
00000200
00000000
00000000
75
00000000
00200000
00020000
00222110
00011110
00000200
00000000
00000000
53
00000000
00200000
00021000
00221110
00021110
00020200
00000000
00000000
33
00000000
00220000
00121000
00221110
00021110
00020200
00000000
00000000
37
00000000
00220000
02221000
00221110
00021110
00010200
00100000
00000000
13
00000000
00220000
12111000
20221110
00021110
00010200
00100000
00000000
15
00000000
00222000
12121000
10221110
10021110
00010200
00100000
00000000
31
00100000
00112000
12122000
10222110
10022110
00012200
00100000
00000000
47
00100000
00112000
12122200
10222210
10022210
00011200
00110000
00000000
57
00100000
00112000
12122200
10222210
10022210
00012100
00112000
00002000
35
00100000
00112000
12122200
10122222
10111120
00012200
00112000
00002000
72
00100000
00112010
12122100
10121222
10111120
00012200
02222000
00002000
83
00100000
00112012
12122102
10121212
10111120
00012200
02222000
00002000
85
00100000
00112012
12122102
10121212
10211111
02012200
02222000
00002000
28
00100000
00112012
12122102
12221212
10211111
02012200
02122000
01002000
81
00100001
00112211
12122201
12221211
10211111
02012200
02122000
01002000
17
00100001
00112211
12122201
12221211
10211121
02012202
11122000
01002000
25
02100001
00212211
12122201
12221211
11111121
01012202
11122000
01002000
61
02102101
00222111
12212101
12121111
11111121
01012202
11122000
01002000
76
02102221
00222211
12212101
12121111
11111111
01011112
11122000
01002000
22
02222221
01121111
11122101
11121111
11121111
01021112
11122000
01002000
36
02222221
22221111
11122101
11121111
11111111
01111112
11122000
01002000
11
11111111
11221111
11122101
11221111
12111111
22222222
11122000
01002000
87
11111111
11221111
11122101
11221111
12111111
22222211
11222001
01022000
77
11111111
11221111
11122101
11221111
12111111
22222111
12222011
01222000
67
11111111
11221111
11122101
11221111
12121111
22222111
22111211
22222020
68
