00000000
00000000
00000000
00021000
00012000
00000000
00000000
00000000
34
00000000
00000000
00000000
00111000
00222000
00000000
00000000
00000000
66
00000000
00000000
00000200
00112000
00221000
00000100
00000000
00000000
64
00000000
00000000
00200200
00211100
00221000
00000100
00000000
00000000
24
00000000
00000000
00220200
01121100
00221000
00000100
00000000
00000000
62
00000000
00000100
00220100
01122100
00222200
00000100
00000000
00000000
32
00000000
00100100
00120100
01122100
00222200
00000200
00000200
00000000
68
00000000
00100100
02220100
01222100
00222100
00000100
00000100
00000100
42
00020000
00220100
02120100
01222100
00222100
00000100
00000100
00000100
25
00020000
02220100
02220100
01222100
01111100
00000100
00000100
00000100
31
00120000
02120100
02120100
02122100
02211100
02000100
00000100
00000100
13
00120000
01120100
11120100
02122220
02211100
02000100
00000100
00000100
15
00120000
01120100
11120100
01122220
11121100
02200100
00000100
00000100
17
02220000
01220100
11120100
01122220
11121100
01200100
10000100
00000100
27
02220000
01220100
11120100
01121220
11112100
01100200
11000120
00000100
86
02220000
22220100
11120100
01121220
11112100
01100201
11000110
00000100
53
02220000
22220100
11121100
01121220
11122100
01120201
11000110
00000100
56
02220000
22220100
11121100
01221220
12111100
22222201
11000110
00000100
11
12220000
11220100
11122220
01221220
12111100
22222201
11000110
00000100
51
11111000
11222100
11122220
01221220
12111100
22222201
11000110
00000100
47
11111000
11222100
12122220
22221220
22111100
22211201
11010110
00000100
76
11111000
11222100
12122220
22222220
22111200
22211121
11010112
00000100
83
11111000
11222100
12111211
22222220
22111102
22211122
11010112
00000100
75
11111200
11222200
12111211
22222110
22111112
22211112
11010112
00000100
37
11111200
11222200
12111211
22222110
22121112
22121112
11220112
00020100
57
11111200
11222200
12111211
22222110
22121112
22112112
11111212
00020120
72
11111200
11111110
12111111
22221110
22111112
22112112
12111212
02020120
58
11111220
11111220
12112121
22221120
22111122
22112122
12111122
02021120
84
11111220
11111120
12112111
22221111
22111112
22112122
22111122
22021120
88
11111220
11111122
12112121
22221211
22112111
22122121
22211111
22021111
81
