00000000
00000000
00000000
00012000
00022000
00002000
00000000
00000000
46
00000000
00000000
00000000
00012000
00222000
00012000
00000000
00000000
66
00000000
00000000
00000000
00222000
00221000
00011100
00000000
00000000
33
00000000
00000000
00102000
00222000
00221000
00011100
00000000
00000000
52
00000000
00001000
00101200
00222000
00221000
00011100
00000000
00000000
43
00000000
00001000
00111200
00212000
00212000
00022100
00002000
00000000
47
00000000
00001000
00111200
00212000
00212000
00012100
00022000
00200000
74
00000000
00001020
00111200
00212010
00212000
00012100
00022000
00200000
73
00000000
00001020
00111110
00212010
00212000
00012200
00022020
00200000
36
00000000
02001020
00211110
00122010
00112000
00112200
00022020
00200000
67
00000000
02001020
00211110
00222010
00212000
00221200
00222120
00200000
65
00000000
02021020
00221110
00221010
00211100
00221100
00222120
00200000
48
00000000
02021020
00221120
00221020
00222220
00211100
00211120
00210000
24
00000000
02021020
02221120
01211020
00122220
00211100
00211120
00210000
76
00000000
02021020
02221120
02211020
20122120
00211110
00211120
00210000
25
00000000
02021020
02211120
02111020
22122120
02111110
00211120
00210000
13
00000000
02021020
11111120
01111020
22122120
02211110
02211120
00210000
78
00002000
02022020
11112120
01112020
22122120
02211110
02211110
00210010
81
00002021
02022020
11112120
01112020
22122120
02211110
02211110
00210010
61
00002111
02021020
11112120
01112020
22122220
02211120
02222222
00210010
88
00002111
02022220
11112120
01112020
22122220
02211120
02222212
00210011
68
00002111
22022220
12112120
01212020
22122220
02211120
02221112
00210111
18
00002111
22022220
22112120
22211020
22112220
02111120
01221112
10210111
85
00002111
22022220
22112120
22211010
22111111
02222222
01221112
10210111
41
00011111
22011220
22112120
22211010
22111111
22222222
02221112
10210111
82
00011111
22011111
22112120
22222210
22112221
22222222
02221112
10210111
11
10011111
21011111
22112120
22222222
22112222
22222222
02221112
10210111
28
10011111
21011111
21112110
21222122
21211222
22212222
22221112
11110111
58
10211111
22021111
21112110
21222122
21211222
22112222
22211112
11111111
32
10211111
22111111
21112222
21222122
21211222
22112222
22211112
11111111
21
