00000000
00000000
00000000
00012000
00022200
00000000
00000000
00000000
46
00000000
00000000
00200000
00022000
00012200
00010000
00000000
00000000
63
00000000
00000000
00202100
00022000
00012200
00010000
00000000
00000000
43
00000000
00002000
00212100
00012000
00012200
00010000
00000000
00000000
76
00000000
00002000
00222100
00211000
00012100
00010010
00000000
00000000
24
00000000
00002000
00222100
02111000
20012100
00010010
00000000
00000000
56
00000000
00002000
00222100
02112000
20012100
00012010
00002000
00000000
47
00000000
00002020
00222200
02112000
20012100
00011010
00012000
00000000
42
00000000
00012020
00212200
02112000
20012100
00021010
00222000
00000000
81
00000001
00222010
00212100
02111000
20012100
00021010
00222000
00000000
14
00000001
00222010
20212100
21111000
20012100
00021010
00222000
00000000
66
00000001
00222010
20212100
21111000
20011100
00022222
00222000
00000000
28
00000001
00222010
20212220
21111000
20011100
00012222
00122000
01000000
48
00000001
00222010
20212220
21111000
20011100
00012222
00122000
01210000
41
00010001
00212010
20212220
22221000
20211100
00022222
00122000
01210000
75
00010001
00212010
20212220
22221000
20222222
00022122
00121000
01210000
83
00010001
00212010
20211111
22221000
20222222
00022122
00122000
01222000
62
00010001
00211110
20211111
22221000
20222222
00022122
00122000
22222000
22
02010001
01211110
20121111
22212000
20221222
00022122
00122000
22222000
25
02010001
02211110
22111111
22212000
21121222
00022122
00122000
22222000
12
02010001
11111110
22111111
22212000
21121222
00022222
00122200
22222000
77
02010201
11112110
22121111
22212000
21121222
00022122
00111110
22222000
51
02011201
11111110
22121111
22212000
22121222
02022122
00211110
22222000
84
02011201
11111110
22121111
22212001
22121212
02022122
00211220
22222020
74
02222201
12211110
22221111
22212011
22121112
02021122
00211220
22222020
16
02222221
12211220
12212121
12122021
11221122
12021122
00211220
22222020
87
02222221
12211220
12212121
12122021
11221121
12021111
00212111
22222220
27
02222221
12211220
12212221
12122221
11222221
11021211
01112211
22222220
11
11111111
11211220
12112221
12112221
11221221
12021111
22222211
22222220
82
11111111
11211111
12112211
12112121
11221221
12021111
22222211
22222220
36
