00000000
00000000
00000000
00021000
00012000
00000000
00000000
00000000
43
00000000
00000000
00210000
00021000
00012000
00000000
00000000
00000000
65
00000000
00000000
00210000
00022200
00011100
00000000
00000000
00000000
22
00000000
01000000
00110000
00012200
00012100
00002000
00000000
00000000
47
00000000
01200000
00120000
00012200
00012100
00001000
00010000
00000000
31
00100000
01100000
00120000
00012200
00012100
00002000
00012000
00000000
53
00100000
01102000
00112000
00012200
00012100
00002000
00012000
00000000
67
02100000
01202000
00122000
00012200
00012100
00001000
00011100
00000000
42
02100000
01112000
00112000
00012200
00022100
00201000
00011100
00000000
61
02100100
01111000
00112000
00012200
00022100
00202000
00011200
00000020
46
02100100
01111000
00112000
00012200
00012100
00212000
00021200
00200020
73
02100100
01111000
00112010
00012200
00011120
00212000
00021200
00200020
11
11100100
01111002
00112020
00012200
00011120
00212000
00021200
00200020
77
11100100
01111002
00112020
00012200
00012120
00222000
00221110
00200020
86
11100100
01111002
00111020
00012220
00012210
00222001
00221110
00200020
84
11100100
01111002
00111020
00211111
00022210
00222001
00221110
00200020
28
11100100
01111002
00111020
00211111
00021210
00212001
02221110
01200020
24
11100100
01111002
02111020
01211111
00021210
00212001
02221110
01200020
35
11100100
01111002
02111020
01111111
00111210
00212001
02222222
01200020
58
11100100
01111002
02111020
02111111
02222210
00211001
02221222
01201020
14
11102100
01112002
01112020
11112111
01222210
00111001
02211222
01201020
88
11122100
01122002
01122020
11122111
01222210
00111001
02211221
01201021
26
11122100
01122002
01122020
11122121
01222220
01111021
01211221
01201021
63
11122100
01122002
01111120
11121121
01212220
01111021
01211221
22201021
66
11122100
01122002
01121120
11211121
02211110
21111111
02211211
22201021
83
11122100
01122002
22221111
12211111
02211110
21111111
02211211
22201021
48
11122100
01122002
22221111
22211111
22211110
21111111
02111211
22211021
62
11122100
01112102
22221212
22211122
22222222
21111121
02111211
22211021
17
11122100
01112222
22221222
22211122
22222222
21111121
11111211
22211021
12
11122100
11112222
11221222
12111122
12212222
11121121
11112211
22222221
81
