00000000
00000000
00000000
00012000
00022000
00002000
00000000
00000000
46
00000000
00000000
00000000
00012000
00222000
00012000
00000000
00000000
26
00000000
00000000
00000000
00222000
00122000
01012000
00000000
00000000
66
00000000
00000000
00000000
00222000
00122000
01011200
00000020
00000000
53
00000000
00000000
00001200
00212000
00121000
01011200
00000020
00000000
73
00000000
00000020
00001210
00212000
00121000
01011200
00000020
00000000
76
00000000
00000020
00001210
00212000
00122000
01012110
00002020
00000000
78
00000000
00000020
00001210
00212000
00122020
01012210
00002010
00000010
74
00000000
00000020
00201210
00222010
00122010
01012210
00002010
00000010
48
00000000
00000020
00201210
00222010
00122010
01022110
00201010
00010010
65
00000000
00000020
00201210
00222010
00112110
01022210
00201020
00010012
36
00000000
00000020
00201210
00222010
00122110
01211110
02201020
00010012
23
00000000
00000220
01202210
00122010
00112110
01211110
02201020
00010012
18
00000000
00000220
22202210
00122010
00112110
01111110
01201020
10010012
38
00000000
00000220
22202210
00122010
00122110
01121110
01121020
10110012
51
00001000
00000120
22202210
00122010
00222110
02121110
22221020
10110012
25
00001000
00000120
22202210
00122010
01112110
02122110
22222020
10112012
15
00001000
00002220
22202210
00122010
11112110
01122110
22122020
10112012
64
00001000
00002220
22202210
02111110
12211110
02122110
22122020
10112012
71
00001010
00002110
22222210
02221110
12221110
02122110
22122020
10112012
14
00001210
00002210
22222210
11111110
11221110
02122110
22122020
10112012
68
00001210
00002210
22222210
11111120
11122222
02112110
22121020
10111112
86
00001222
00002220
22222210
11111120
11122212
02112111
22121010
10111112
42
00001222
02012220
22211210
11121120
11122212
02112111
22121010
10111112
11
10001222
01012220
22121210
21211120
22121212
22112111
22121010
10111112
28
10201222
02012220
22121210
21211120
21121212
21112111
21121010
11111112
82
10222222
02022111
22121210
21211120
21121212
21112111
21121010
11111112
32
10222222
02111122
22111222
21211120
21121212
21112111
21121010
11111112
84
10222222
02111122
22111212
21211112
21121212
21112122
21121012
11111112
12
12222222
12211122
12121212
11212112
11121212
11112122
11121012
11111112
67
