00000000
00000000
00000000
00012000
00022200
00000000
00000000
00000000
66
00000000
00000000
00000000
00222000
00021200
00000100
00000000
00000000
75
00000000
00000000
00000000
00222000
00022110
00000200
00000020
00000000
67
00000000
00000000
00000000
00222000
00022222
00000100
00000120
00000000
88
00000000
00000000
00000000
00222000
00022222
00000200
00000210
00000201
33
00000000
00000000
00100000
00212000
00022222
00002100
00000210
00000201
64
00000000
00000000
00102000
00212200
00022122
00002100
00000210
00000201
84
00000000
00200000
00202000
00212201
00022112
00002100
00000210
00000201
42
00000000
00210000
00201000
00212101
00022112
00002102
00000220
00000201
46
00000000
00210000
00201000
00212101
00011212
00011122
00000220
00000201
22
20000000
02110000
00201000
00222101
00012212
00011222
00000220
00000201
35
20000000
02110000
00101000
00112221
00112222
00011222
00000220
00000201
12
20000000
11110000
00101002
00112222
00112222
00011222
00000220
00000201
78
20200000
11120000
00102002
00112222
00112222
00011222
00000120
00000211
58
20200000
11120000
00102002
00122222
00212222
02011222
00000120
00001111
43
22200000
11220000
00122002
00112222
00212222
02011222
00000120
00001111
41
22222000
11210000
00112002
00112222
00212222
02011222
00000120
00001111
87
22222000
22210000
20112002
00111222
00212122
02011212
00000111
00001111
82
22222000
22222001
20112001
00111221
00212121
02011211
00000111
00001111
63
22222000
22222001
20111101
00111111
00212121
02022211
00002111
00001111
48
22222000
22222001
20121101
00211111
02212111
02022111
00001111
00011111
37
22222000
22222001
20121101
00221111
02221111
02022111
00121111
00011111
23
22222000
22222001
22221101
02221111
02211111
02021111
00121111
00011111
36
22222000
22222001
22221101
02221111
02211111
02211111
00211111
00211111
28
22222000
22222021
22221201
02222111
02221111
02211111
00111111
01111111
17
22222000
22222021
22221201
02212111
02121111
22211111
10111111
01111111
14
22222000
22222021
22221201
22112111
22221111
22111111
10111111
01111111
62
22222000
22222211
22222221
22112111
22221111
22111111
10111111
01111111
71
22222010
22222111
22221221
22112111
22221111
22111111
20111111
21111111
61
