00000000
00000000
00000000
00021000
00012000
00000000
00000000
00000000
65
00000000
00000000
00000000
00021000
00012100
00000200
00000000
00000000
34
00000000
00000000
00000000
00111000
00222100
00000200
00000000
00000000
56
00000000
00000000
00000000
00111000
00211100
00022200
00000000
00000000
36
00000000
00000000
00200000
00121000
00112100
00122200
00000000
00000000
53
00000000
00000000
00201000
00111000
00112220
00122200
00000000
00000000
85
00000000
00002000
00202000
00112000
00112111
00122200
00000000
00000000
67
00000000
00002000
00202000
00112000
00112211
00122220
00000100
00000000
32
00000000
00102000
00102000
00112000
00112211
00122220
00000200
00002000
86
00000000
00102000
00102000
00112000
00112211
00112111
00020200
00002000
62
00000000
00102100
00101000
00112000
02222211
00212111
00020200
00002000
24
00000000
00102100
00101000
01112000
02122211
00222111
00220200
00002000
68
00200000
00202100
00201000
01212000
02222211
00222111
00220100
00002100
26
00200000
00202100
00221000
01222000
01122211
01111111
00220100
00002100
21
01200000
00102100
00211000
01221000
01122111
01112111
00222100
00002100
51
01201000
00101100
00211000
22221000
02122111
01212111
00222100
00002100
16
01201000
00101100
00211000
22121000
01122111
11212211
00222220
00002100
13
01201000
00101100
10211000
22121000
22222111
12212211
00222220
00002100
64
01201000
00101100
12211000
22221100
22221111
12212211
00222220
00002100
27
01201000
00121100
12221000
22221100
22211111
12112211
01222220
00002100
41
01111200
00112100
12221000
22211100
22211111
12112211
01222220
00002100
22
01111200
01112100
11121000
21211100
21211111
22112211
22222220
00002100
18
01111200
01112100
11121000
11211100
11211111
12112211
12222220
12002100
63
22222200
02111100
11221100
11221100
11212111
12112211
12222220
12002100
38
22222200
02222220
11221100
11221100
11212111
12111211
11112220
11102100
87
22222200
02222220
11221100
11221100
11222111
12112211
11111211
11102220
81
22222201
02222210
11221100
11221100
11222111
12122211
11222211
11122220
88
22222201
02222222
11221100
11221100
11222111
12122211
11222211
11111111
83
22222201
02222221
11222221
11221200
11222111
12122211
11222211
11111111
12
22222221
11111221
11222221
11221200
11222111
12122211
11222211
11111111
74
