00000000
00000000
00000000
00021000
00012000
00000000
00000000
00000000
43
00000000
00000000
00012000
00012000
00012000
00000000
00000000
00000000
64
00000000
00000000
00012020
00011200
00012000
00000000
00000000
00000000
74
00000000
00000000
00222020
00021110
00012000
00000000
00000000
00000000
42
00000000
00012000
00212020
00012110
00012000
00000000
00000000
00000000
62
00000000
00011100
00211020
00012222
00012000
00000000
00000000
00000000
24
00000000
00011100
00111020
01012222
00022000
00200000
00000000
00000000
66
00002000
00012200
00112020
01012222
00021000
00200100
00000000
00000000
72
00002000
00011110
00112020
01012222
00022000
00202100
00000000
00000000
65
00002000
00011110
00112220
01012222
00022100
00202100
00000000
00000000
35
00002002
00011120
00112220
01012222
00111100
00202100
00000000
00000000
47
00002002
00011120
00112220
01012222
00111200
00201200
00010200
00000000
76
00002022
00011220
00112220
01011222
00111100
00201110
00010200
00000000
27
00002022
00011220
00112220
01021222
00211100
02101110
01010200
00000000
25
00002022
00021220
00212220
02021222
21111100
01101110
01010200
00000000
83
00002022
00021220
00211111
02021212
22111100
02101110
02010200
02000000
23
00002022
00021220
01111121
02021222
22222220
02101110
02010200
02000000
16
00002022
00021220
01111121
02021222
22222220
11102210
02012200
02000000
41
00012022
00011220
01111121
02021222
22222222
11102220
02012200
02000000
68
00012022
00011220
01111121
02021122
22222122
22102120
22012100
02000100
87
00012022
00011222
01111122
02021122
22222122
22102110
22012101
02000100
14
00012022
00011222
01111122
12021122
21222122
22102110
22012201
02000120
34
00012022
00011222
01111122
11111122
21122122
22102110
22012201
02002220
86
00012022
00011222
01111122
11111122
21122112
22222111
22012201
02002220
37
00012022
20011222
02111122
11211122
21121112
22112111
22112201
02002220
22
00012222
21012222
01121122
11211122
21121112
22112111
22112201
02002220
32
00012222
21112222
01111122
11211122
21121122
22112121
22112221
02002220
48
02012222
22212222
02121122
12212122
22121222
22112121
22111221
02012220
88
02012222
22212222
02121122
12212122
22221222
22212121
22221211
02211111
31
02112222
22112222
22121122
22212122
22221222
22212121
22221211
02211111
11
11112222
21112222
22121122
22212122
22221222
22212121
22221211
02211111
18
