00000000
00000000
00000000
00012000
00022000
00002000
00000000
00000000
66
00000000
00000000
00000000
00012000
00022200
00002100
00000000
00000000
46
00000000
00000000
00000000
00012000
00012200
00011200
00000020
00000000
74
00000000
00000000
00200000
00022010
00012100
00011200
00000020
00000000
76
00000000
00000000
00200000
00022010
00222100
00011110
00000020
00000000
24
00000000
00000000
00200000
01022010
00122220
00011120
00000020
00000000
78
00000000
00000000
00200000
01022010
02222210
00011110
00000010
00000010
53
00000000
00000000
00201000
01021010
02221210
00012210
00000210
00000010
15
00000000
00000000
00221000
01022010
11111210
00012210
00000210
00000010
22
00000000
01000000
00121000
01012010
11111210
00012220
00000222
00000010
63
00000000
01000000
00121102
01011020
11111210
00012220
00000222
00000010
85
00000000
01000000
00121102
01211010
11121211
00012220
00000222
00000010
88
00000000
01000000
00121102
22211010
11121211
00012120
00000212
00000011
32
00000000
01100000
00111102
22211010
12221211
00222120
00000212
00000011
23
00000000
01100000
01111102
22111010
12211211
00221120
00000212
00002011
26
00000000
01100000
01111102
22222210
11111211
01111120
00000212
00002011
86
00200000
01200000
01211102
22222210
11111211
01111111
00000211
00002011
57
00200000
01200000
01211102
22222222
11111211
01111111
00001111
00002011
82
00200000
01200201
01212201
22222221
11111211
01111111
00001111
00002011
72
00200000
02200211
22212101
22221221
11111211
01111111
00001111
00002011
42
00200000
02210211
22111101
22221121
12111211
02111111
02001111
00002011
37
00220000
02220211
22121101
22221121
12111211
01111111
02101111
00002011
28
00220000
02220211
22121101
22221121
12121211
01222111
01121111
01002011
12
00220000
12220211
11121101
12121121
12111211
01221111
01221111
01202011
11
10220002
11220221
11121201
12122121
12121211
01221111
01221111
01202011
73
10220002
11220221
11121111
12122111
12121211
01221211
01222211
01202211
52
10220202
11112211
11121211
12222211
12121211
01221211
01222211
01202211
51
10221202
11111111
11121211
12222211
12221211
02221211
22222211
01202211
18
12221202
12211111
12121111
12221211
12211211
02121211
21222211
11202211
48
12221222
12211211
12122111
12221211
12211211
01111111
21111211
11111111
16
