00000000
00000000
00000000
00012000
00022000
00002000
00000000
00000000
46
00000000
00000000
00200000
00022000
00012000
00012000
00000000
00000000
65
00000000
00000000
00200000
00022020
00011200
00012000
00000000
00000000
66
00000000
00000000
00200000
00022020
00021200
00022100
00020000
00000000
22
00000000
01000000
00100000
00222020
00021200
00022100
00020000
00000000
53
00000000
01200000
00201000
00221020
00021200
00022100
00020000
00000000
42
00000000
01112000
00202000
00222020
00022200
00022100
00020000
00000000
36
00200000
01222000
00202000
00222020
00022200
00111100
00020000
00000000
83
00200000
01222000
00202001
00222010
00022100
00121100
00220000
00000000
23
00200000
01222000
01202001
00122010
00022100
00221100
02220000
00000000
43
00200000
01222000
01112001
00122210
00022100
00221100
02220000
00000000
41
02210000
01212000
01122001
00122210
00022100
00221100
02220000
00000000
38
02210000
01212000
01122001
00122210
00022100
00221100
02220000
00102000
11
11110000
22212000
02122001
00222210
00022100
00221100
02220000
00102000
75
11110000
22212000
02121001
00222110
00022110
00222100
02220200
00102000
48
11110000
22212000
02222201
00212210
00012210
00212200
02210200
00112000
76
11112000
22122000
02212201
00211210
00012110
00211110
02210200
00112000
28
11112000
22122000
02212201
00211210
00012110
00212110
02222200
01112000
35
11112000
22122000
02112201
00111220
00112222
00112120
02122200
01112000
86
11112000
22112000
02111201
00111122
00112222
00112211
02122200
01112000
68
11112000
22112000
02121201
00211122
02222122
00212111
02121100
01111100
16
11112000
22112000
02121221
00211222
02222122
10212111
01121100
01111100
72
11112000
22122010
02221111
02211212
02222112
10212111
01121100
01111100
61
11111100
22121010
02211111
22111212
02222112
10212111
01121100
01111100
26
11111100
21121010
01211111
21111212
01122112
11112111
01121200
01111120
77
11111100
21121010
22211111
21111212
01122112
11112111
01121110
01111120
15
11111100
11122210
12211221
11111212
11122112
11112111
01121110
01111120
82
11111100
11122211
12212211
11121112
11221112
12112111
22221110
01111120
88
11111102
11122222
12212212
11121112
11221112
12112111
22221110
01111111
18
11111102
11122222
12212212
11121112
11221112
12112112
11222222
11111111
71
