00000000
00000000
00000000
00021000
00012000
00000000
00000000
00000000
34
00000000
00000000
00200000
00121000
00012000
00000000
00000000
00000000
43
00000000
00000000
00222000
00112000
00012000
00000000
00000000
00000000
52
00002000
00002000
00212000
00112000
00012000
00000000
00000000
00000000
32
02002000
00202000
00122000
00112000
00012000
00000000
00000000
00000000
63
02002000
00202000
00121100
00211000
02012000
00000000
00000000
00000000
42
02002000
02212000
00211100
00221000
02012000
00000000
00000000
00000000
62
02002200
02212100
00221100
00221000
02012000
00000000
00000000
00000000
56
02002200
02212100
00221100
00221000
02021000
00021000
00000000
00000000
24
02022200
02222100
00121100
01111000
02021000
00021000
00000000
00000000
36
02022200
02222100
00221100
01121000
02012000
00111200
00000000
00000000
16
02022200
02222100
00221100
01121000
01012000
10121200
00200000
00000000
35
02022200
02222100
20221100
02111000
01212000
10121200
00200000
00000000
76
02022200
02222200
20222200
02222200
01212000
10121110
00200000
00000000
11
12022200
01222200
20122200
02212200
01221000
10221110
02200000
00000000
38
12022200
01222200
20122200
02112200
01121000
10122110
01100200
00100000
57
12022200
01222200
20122200
02112200
01122200
10111210
01101200
00100000
58
12022200
01222200
20122200
02112200
01122200
10111220
01101102
00101000
85
12022200
01222200
20122200
02112200
01122201
10211210
02101102
20101000
47
12022200
02222200
22222200
02212200
01122201
10111210
02111102
20101000
72
12022200
02222210
22222100
02221200
02212201
12222210
02111102
20101000
31
11122200
02122210
22122200
02121220
02112201
12122210
02111102
20101000
14
11122200
02122210
21222200
22121220
22222201
12122210
02111102
20101000
83
11122200
02122210
21222201
22121210
22222101
12121210
02211102
22101000
73
11122200
02122222
21111121
22121210
22222101
12121210
02211102
22101000
81
11122201
02122211
21111121
22121210
22222101
22121210
22211102
22101000
71
11111111
02122111
21111121
22121222
22222101
22121210
22211102
22101000
77
11111111
02122111
21111121
22111222
22221101
22121110
22221112
22221000
75
11111111
22122111
22112111
22211212
22221122
22122222
22221112
22221000
88
11111111
22122111
22112111
22211211
22221121
22122221
22221221
22221021
68
