00000000
00000000
00000000
00021000
00012000
00000000
00000000
00000000
34
00000000
00000000
00000000
00111000
00222000
00000000
00000000
00000000
46
00000000
00000000
00200000
00221000
00212000
00010000
00000000
00000000
23
00000000
00000000
01200000
00122200
00212000
00010000
00000000
00000000
73
00000000
00000000
01200010
00122100
00221000
00020000
00020000
00000000
22
00000000
21000000
02100010
00212100
00221000
00020000
00020000
00000000
53
00000000
21000000
02221010
00221100
00221000
00020000
00020000
00000000
13
00000000
21000000
11111210
00222100
00221000
00020000
00020000
00000000
62
00000000
21000100
11111110
00222100
00222000
00022000
00020000
00000000
67
00000000
21000100
11111110
02222100
00212000
00021000
00020100
00000000
25
00000000
21000102
11111120
01122200
01112000
00021000
00020100
00000000
75
00000000
22200102
11121120
01122100
01112010
00021000
00020100
00000000
36
00000000
22200102
11121120
01122100
01122010
00211000
02020100
00000000
66
00000000
22200102
11121120
01212100
02121010
20211100
02020100
00000000
26
00000000
22200102
11121120
01212220
01121010
21111100
02020100
00000000
65
00000000
22200102
11121120
01212120
01122110
21112100
02022100
00000000
85
00000000
22200122
11121220
01212110
01122111
21112100
02022100
00000000
68
00000000
22200122
11121220
01212120
01122221
21112220
02021100
00000100
18
00000000
22200122
11121220
01212120
01122221
21112220
01022200
10002100
84
00000000
22200122
12121210
02212111
02122221
22112220
02022200
12002100
77
00000000
22202222
12122210
02212111
02121211
22112110
02022210
12002100
81
00000001
22222212
12222110
02211111
02111211
22112110
02022210
12002100
83
00000001
22222211
12222111
02211111
02111211
22112110
02022210
12002220
11
10000001
11222211
12122111
02211111
02111211
22112120
02022222
12002220
48
10000001
11222211
12122111
02211211
02111221
22112122
02011222
12012220
88
10000021
11222221
12122121
02211221
02111221
22112121
02011211
12011111
21
11020021
11222221
12112121
02211221
02111221
22112121
02011211
12011111
31
11122021
11122221
12211121
02211121
02111211
22112121
02011211
12011111
38
11122021
11122221
12211121
02211221
02212211
22222121
02222211
11111111
17
11122021
11122221
12211121
02211221
02112211
21222121
11111111
11111111
15
11122021
11122221
12211121
22211221
12112211
11222121
11111111
11111111
61
