00000000
00000000
00000000
00012000
00022200
00000000
00000000
00000000
46
00000000
00000000
00000000
00222000
00012200
00010000
00000000
00000000
23
00000000
00000000
01000000
00122000
00022200
00020000
00020000
00000000
56
00000000
00000000
01000000
02222000
00012200
00021000
00020000
00000000
63
00000000
00000000
01000100
02222200
00012200
00021000
00020000
00000000
43
00000000
00000000
01010100
02212200
00022200
00221000
00020000
00000000
76
00000000
00000000
01210100
02221200
00022100
00221010
00020000
00000000
48
00000000
00000000
01210100
02211200
00022100
00212010
00010200
00010000
74
00000000
00002000
01220100
02211110
00022100
00212010
00010200
00010000
53
00000000
00202000
01211100
02211110
00022100
00212010
00010200
00010000
26
00000000
00202000
01211200
02211120
00022102
01112020
00010200
00010000
62
00000000
00202100
22211100
02211120
00022102
01112020
00010200
00010000
25
00000000
00202100
22221100
02211120
02022102
22222020
00010200
00010000
42
00000200
00212100
22221100
02211120
02022102
22222020
00010200
00010000
21
01000200
00112100
22211100
02211120
02022102
22222020
00020200
00012000
84
01000200
00112100
22211100
02211111
02022102
22222020
00020200
00222000
22
01000200
01112100
22111102
02211122
02022202
22222020
00020200
00222000
57
01000200
01112100
22111102
02211122
02021202
22221020
00022200
00222200
75
01000200
22222100
22111102
02211122
02021112
22221020
00022200
00222200
87
01000200
22222220
22111202
02212122
02021112
22221010
00022201
00222200
51
01001200
22211220
22111202
02212122
02021122
22221020
00022221
00222200
78
01001200
22211220
22111202
02212122
02021122
22221020
00022121
00222222
14
01001200
22211220
22212202
12222122
02221122
22221020
00022121
00222222
71
01021110
22222220
22222202
12222122
02221122
22221020
00022121
00222222
11
11021110
11222220
12122222
12212222
02222122
22221020
00022121
00222222
37
11021110
11222220
12122222
12112222
02122222
22122220
00112221
00222222
86
11021110
11222220
12122222
12112222
02122222
22121111
00212221
02222222
17
11022222
11222220
12122222
12112222
02122222
21121111
10212221
02222222
15
11022222
11222220
12122222
12112222
12122222
12221111
12212221
02222222
31
11122222
11112220
12121222
12112122
12122212
12221111
12212221
02222222
82
11122222
11111111
12121211
12112121
12122211
12221111
12212221
02222222
18
