00000000
00000000
00000000
00222000
00021000
00000000
00000000
00000000
33
00000000
00000000
00100000
00212000
00022200
00000000
00000000
00000000
24
00000000
02000000
00200000
01122000
00022200
00000000
00000000
00000000
42
00000000
02010000
02100000
01222000
00022200
00000000
00000000
00000000
35
00000000
02010000
02100000
01122000
00222200
02000000
00000000
00000000
12
00000000
12010000
01100000
22222000
00222200
02000000
00000000
00000000
15
00000000
12010000
01100000
21222000
20222200
22000000
00000000
00000000
36
00000000
12010000
02100000
22122000
22222200
22100000
00000000
00000000
11
10000000
11010000
02100000
22122000
22222200
22220000
00000000
00000000
64
10000000
11210000
02200000
22211100
22222200
22220000
00000000
00000000
47
10002000
11220000
02200000
22211100
22212200
22210000
00010000
00000000
27
10002000
11220000
01200000
21211100
21212200
21110000
02010000
00200000
76
10002000
11220000
01200000
21211100
21212100
22110010
22010000
00200000
66
10002000
11220000
01202000
21221100
21211100
22110110
22010000
00200000
28
10002000
11220000
01202000
21221100
21221100
21120110
21020000
01220000
58
10002000
11220000
01202020
21221200
21222100
21120110
21010000
01111000
74
10002000
11220000
01202220
21222110
21222100
21120110
21010000
01111000
82
10002000
11220001
01202210
21222110
21222200
21120120
21010002
01111000
52
10022000
11211001
02202110
21222110
21222200
21120120
21010002
01111000
37
10022000
11211001
02202110
21222110
21221200
21120120
22222002
01111000
31
10122000
11111001
02102110
21122210
21121220
21120220
22222002
01111000
61
12111100
12111001
02102110
21122210
21121220
21120220
22222002
01111000
68
12111100
12111021
02102220
21122220
21121220
21110220
22221002
01111100
62
12111102
12111121
02101220
21112220
21121220
21110220
22221002
01111100
83
12111102
12111112
02101112
21112222
21121220
21110220
22221002
01111100
77
12111102
12111112
02101112
21112212
21122210
22222110
22221012
01111100
67
12111102
12111112
02101112
21112212
21112222
22221110
22221112
01111100
13
12222222
11111222
11102122
21122222
21212222
22221110
22221112
01111100
18
12222222
11111222
11102122
11122222
11212222
12121210
11221122
11111102
78
12222222
11111222
11102122
11122222
11212222
12121222
11221112
11111112
43
