00000000
00000000
00000000
00222000
00021000
00000000
00000000
00000000
53
00000000
00000000
00001000
00222200
00021000
00000000
00000000
00000000
35
00000000
00000000
00001000
00212200
00112000
00020000
00000000
00000000
47
00000000
00000000
00201000
00222200
00112000
00010000
00010000
00000000
56
00000000
00000000
00201000
00221200
00211000
00211000
00010000
00000000
22
00000000
01000000
00101000
00211200
00211000
00221000
00012000
00000000
24
00000000
01000000
00101000
01111200
00211000
00221000
00022000
00002000
25
00000000
01020000
00102000
01111200
01111000
00221000
00022000
00002000
73
00000000
01020000
00102010
01111200
01111020
00221000
00022000
00002000
51
00001000
01010000
00102010
01111200
01111220
00222000
00022000
00002000
86
00001000
01010000
00101210
01112200
01121210
00222001
00022000
00002000
68
00001000
01010000
00101210
01112200
01121222
00212001
00021000
00002100
37
00001000
01010000
00101210
22222200
02121222
00212001
00121000
00002100
66
00201000
01020000
00102210
22222200
02121222
00211101
00121000
00002100
38
20201000
02020000
00202210
22222200
02121222
00211101
00111000
00102100
84
20201000
02020000
00202210
22222201
02121211
00222221
00111000
00102100
74
20201000
02020000
00202210
22222211
02121111
00221221
00122000
00122100
67
20201000
02020000
00202210
22222211
02121211
00221121
00111102
00122100
62
20201000
02020100
00201110
22222111
02122111
00221221
00111122
00122100
88
20201000
02022100
00202110
22222111
02122111
00221221
00111121
00122101
13
20201000
02022100
10202110
21222111
02222111
02221221
00211121
00122101
17
20201000
22022100
20201110
21212111
02122111
01221221
10211121
00122101
32
20201000
22111100
20121110
21222111
02122111
01221221
10211121
00122101
15
22201000
22211100
20121110
21222111
11122111
01221221
10211121
00122101
23
22201000
22211100
22121110
22122111
12112111
02221221
12211121
00122101
78
22201020
22211200
22122110
22122111
12112111
02221211
12211111
00122111
28
22201020
22211200
22122110
22122111
22111111
22211211
12111111
01122111
72
22201020
22222222
22122110
22122111
22111111
22211211
12111111
01122111
61
22222220
22221122
22112110
22122111
22111111
22211211
12111111
01122111
18
22222220
22221122
22112222
22122111
22111111
22111211
11111111
11122111
81
