00000000
00000000
00000000
00222000
00021000
00000000
00000000
00000000
33
00000000
00000000
00120000
00222000
00021000
00000000
00000000
00000000
53
00000000
00200000
00211000
00221000
00021000
00000000
00000000
00000000
24
00000000
00200000
02211000
01211000
00021000
00000000
00000000
00000000
46
00000000
00200000
02221000
01212000
00011200
00010000
00000000
00000000
63
00000000
00200000
02221100
02211000
20011200
00010000
00000000
00000000
12
00000000
10200000
01221100
02211000
22011200
00010000
00000000
00000000
41
00010000
10100000
01222220
02211000
22011200
00010000
00000000
00000000
75
00010000
10100000
01222220
02212000
22011210
00010020
00000000
00000000
14
00010000
10100000
01222220
11112020
22011220
00010020
00000000
00000000
52
00010200
10102000
01221220
11211020
22011220
00010020
00000000
00000000
87
00210200
10202000
01221220
11211020
22011120
00010010
00000001
00000000
51
00211200
10201000
01221220
11222220
22011120
00010010
00000001
00000000
84
00211200
10201000
01221220
11111111
22011120
00010020
00000021
00000000
22
00211200
11201000
01121220
11121111
22021120
00020020
00020021
00000000
35
02211200
12201000
02121220
12111111
22111120
00020020
00020021
00000000
82
02211200
12201001
02221210
12212111
22221120
00220020
00020021
00000000
13
22211200
22201001
21111210
22212111
22221120
00220020
00020021
00000000
62
22211200
22221101
21222110
22222211
22221120
00220020
00020021
00000000
85
22211200
22222221
21222220
22222221
22221121
00220020
00020021
00000000
83
22211200
22222221
21111111
22222211
22222121
00222020
00020021
00000000
48
22211200
22222221
21111111
22212211
22212121
00212020
00020021
00012000
16
22211200
22222221
21111111
22112211
21212121
10212020
00020021
00222000
86
22211200
22222221
21111211
22112211
21212211
10212221
00020021
00222000
37
22211200
22222221
21111211
22112211
21212211
10122221
00122021
00222000
88
22211200
22222221
21111211
22112211
21221211
10222121
02222011
00222001
28
22211200
22222221
21111211
22112211
21221211
10212221
02122211
01222001
71
22222222
22222121
21111211
22112211
21221211
10212221
02122211
01222001
78
22222222
22222121
21111211
22112211
21211211
10211221
02122111
22222011
68
22222222
22222121
21111211
22112211
22211211
12211221
02221111
22222111
17
