00000000
00000000
00000000
00021000
00012000
00000000
00000000
00000000
65
00000000
00000000
00000000
00021000
00021100
00020000
00000000
00000000
35
00000000
00000000
00000000
00022200
00112100
00020000
00000000
00000000
53
00000000
00000000
00001000
00222200
00112100
00020000
00000000
00000000
23
00000000
00000200
01002000
00122200
00112100
00020000
00000000
00000000
63
00000000
00000200
01002220
00121200
00112100
00020000
00000000
00000000
47
00000000
00000200
01002220
00121200
00122100
00020000
00020000
00020000
52
00000000
20001200
02001220
00221200
00122100
00020000
00020000
00020000
74
00000000
20001200
02001120
00221110
02222100
00020000
00020000
00020000
61
00000100
20001100
02022220
00221110
02222100
00020000
00020000
00020000
37
00000100
20001100
02022220
00221210
02222200
00010200
00120000
00020000
32
00000120
20101200
02012220
00221210
02222200
00010200
00120000
00020000
81
00000111
20101200
02012220
00221210
02222200
02010200
00220000
00020000
14
00000111
20101200
01222220
10221210
02222200
02010200
00220000
00020000
72
00000111
20101112
01222120
10221210
02222200
02010200
00220000
00020000
16
00000111
20101112
01212120
10121222
01222200
12010200
00220000
00020000
67
00000111
20122222
01222120
10121122
01222100
12010100
00220100
00020000
17
00000111
20122122
22221120
10111122
01122100
11010100
10220100
00020000
83
00000111
22222111
22221111
10111112
01122100
11010100
10220100
00020000
85
00000111
22222111
22221111
10211111
01222101
11210100
10220100
00020000
56
00000111
22222111
22221111
20211111
22221101
12211100
10220100
00020000
11
10000111
11222111
12121111
10212111
12221201
12222220
10220100
00020000
75
10000111
11222111
12121111
10212111
12221111
12222220
10220200
00022000
51
10021111
11221111
12121111
10212111
12221111
12222220
10220200
00022000
87
10021111
11221111
12122111
10212211
12221121
12222222
10220201
00022000
38
10021111
11221111
12122111
10112211
12122121
12122222
10112201
00122000
68
10021111
11221111
12122111
10112211
12122121
12112222
10111121
00111100
31
10111111
11121111
12222111
12222211
12122121
12112222
10111121
00111100
78
12111111
12221111
12222111
12222211
12122111
12212212
12111111
00111110
18
