00000000
00000000
00000000
00012000
00022200
00000000
00000000
00000000
46
00000000
00000000
00000000
00222000
00012200
00010000
00000000
00000000
64
00000000
00000000
00000000
00222100
00021200
00020000
00020000
00000000
33
00000000
00000000
00120000
00222100
00021200
00020000
00020000
00000000
37
00000000
00000000
02220000
00222100
00021200
00010000
00120000
00000000
53
00000000
00000200
02222000
00221100
00021200
00010000
00120000
00000000
22
02000000
02000200
02122000
00211100
00021200
00010000
00120000
00000000
71
02000010
02000100
02121000
00222220
00021200
00010000
00120000
00000000
42
02000010
02010100
02111000
00212220
00011200
00010000
02220000
00000000
24
02000010
02210100
02121000
01112220
00011200
00010000
02220000
00000000
11
12000010
01210100
02121000
01212220
00022200
00012000
02220000
00000000
75
12000010
01222100
02122000
01212120
00022210
00012000
02220000
00000000
73
12000010
01222100
02122210
01212210
00022210
00012000
02220000
00000000
41
12010010
01211100
02112110
02212210
02022210
00012000
02220000
00000000
66
12010010
01211100
02112110
02212110
02021210
00011120
02220000
00000000
26
12010010
01211100
01112110
01212110
01022210
01012120
02222000
00000000
58
12010010
01222220
01111220
01212120
01021220
01011120
02221000
00001000
77
12010012
01222220
01111210
01212110
01021210
01011110
02221010
00001000
35
12010012
01222220
01111210
01112120
01111222
01011110
02221010
00001000
83
12010012
01222220
01112211
01122110
01211122
02011110
22221010
00001000
38
12010012
01222220
01112211
01122110
01212122
02011210
22211020
00101002
28
12010012
01222220
01112211
01122110
01212122
01011220
22222220
01101002
82
12010012
01111112
01112212
01122222
01212122
01011220
22222220
01101002
78
12010012
01111112
01112212
01122212
01222112
01222210
22222110
01101012
48
12010012
01111112
01112212
01112212
01212212
01212120
22222222
01111012
86
12010012
01111112
01112212
01112212
01212212
22212111
22222222
01111012
18
12210012
01221112
01212212
01212212
01212212
22112111
21222222
11111012
51
12211012
22211112
02112212
01212212
01212212
22112111
21222222
11111012
13
12211012
12211112
11112212
01212212
22212212
22112111
21222222
11111012
68
12222222
12212222
11122212
01212212
22212212
22112111
21221112
11111112
14
