00000000
00000000
00000000
00012000
00022200
00000000
00000000
00000000
46
00000000
00000000
00000000
00222000
00012200
00010000
00000000
00000000
63
00000000
00000000
00000100
00221000
00012200
00020000
00200000
00000000
56
00000000
00000000
00000100
00221000
00012200
00022200
00200000
00000000
23
00000000
00000000
01000100
00122200
00012200
00022200
00200000
00000000
67
00000000
00000000
01000100
00122100
00012200
00022220
00200100
00000000
28
00000000
00000000
01000100
00122100
00011200
00012220
00100200
01000200
53
00000000
00000000
01001100
02221100
00011200
00012220
00100200
01000200
33
00000000
00200000
01201100
02211100
00011200
00012220
00100200
01000200
57
00000000
00200000
01201100
02211100
00011200
00012220
00122200
01000200
43
00000000
00200000
02111100
22211100
00011200
00012220
00122200
01000200
86
00000000
00200000
02111100
22211100
00011200
00011121
00122202
01000200
74
00000000
00200000
02111100
22211110
00011120
00011221
00122202
01000200
25
00000000
00200000
02111100
22111110
02011120
02011221
00122202
01000200
48
00000000
00200200
02111200
22111210
02011220
02011221
00112202
01010200
12
00000000
10200200
01111200
22111210
02011220
02012221
00122202
01210200
84
00000000
10202200
01122200
22212211
02012210
02012121
00121202
01210200
77
00000000
12202200
02222200
22222211
02012210
02012111
00121112
01210200
72
00000000
12202210
02222100
22221211
02012210
02012211
00121122
01210202
15
00000000
12202210
02222100
22221211
12012210
01012211
00121122
22210202
51
00001000
12201210
02221100
22221211
12012210
02012211
02221122
22210202
35
00001000
12201210
02222220
22211221
11112220
02012221
02221122
22210202
42
00001000
11111210
02111220
21211121
11112210
02012221
02221222
22210222
83
00001000
11111210
22111111
22211121
11212210
02022221
02222222
22210222
61
00201100
12211110
22211111
22211121
11212210
02022221
02222222
22210222
36
00201100
12222222
22211121
22211221
11212210
02111111
02222222
22210222
41
00222220
12211222
22211121
22211221
11212210
02111111
02222222
22210222
58
00222220
12211222
22211121
22211221
22212210
22111111
02211122
22211222
81
20222221
22211211
22211121
22211221
22212210
22111111
02211122
22211222
21
21111111
22111211
22211121
22211221
22212222
22111112
02211122
22211222
17
