00000000
00000000
00000000
00222000
00021000
00000000
00000000
00000000
33
00000000
00000000
00100000
00212000
00022000
00002000
00000000
00000000
46
00000000
00200000
00200000
00212000
00012000
00012000
00000000
00000000
24
00000000
00200000
00200000
01112000
00022000
00222000
00000000
00000000
42
00000000
02210000
00200000
01122000
00022000
00222000
00000000
00000000
31
00100000
02110000
02100000
01222000
00022000
00222000
00000000
00000000
14
00100000
22110000
02100000
11222000
00022000
00222000
00000000
00000000
35
00100000
22110000
02100000
12122000
02222000
00222000
00000000
00000000
37
00102000
22120000
02200000
12122000
02122000
00122000
00100000
00000000
15
00102000
22120000
02200000
12122000
12222000
02222000
00100000
00000000
53
00102000
22110000
02201000
12122000
12222000
02222000
00200000
00020000
13
00102000
21110200
12202000
12122000
12222000
02222000
00200000
00020000
38
00102000
21110200
22202000
22122000
22122000
22122000
00100000
00120000
64
00102000
21110200
22201000
22111100
22221000
22122000
00102000
00120000
67
00102000
21110200
22201000
22222220
22211000
22121000
00102100
00120000
27
00102000
21110200
21201000
21222220
21211000
21121000
01202100
02220000
47
02102000
22110200
22201000
22222220
22211000
22111000
02111100
02220000
63
02102000
22110200
22201100
22221220
22221000
22112000
02111200
02220020
18
02102000
22110200
22201100
22221220
22221000
22122000
01112200
12220220
17
02222000
22210200
22201100
22211220
22121000
21122000
11112200
12220220
77
02222000
22210220
22201200
22212220
22121000
21122000
11111110
12220220
71
02222010
22222220
22202200
22212220
22121000
21122000
11111110
12220220
65
02222010
22222220
22202200
22212220
22121200
21121020
11111120
12220220
81
02222011
22222210
22202100
22212220
22112200
21222020
11122220
12222220
84
02222011
22222222
22202100
22211111
22112200
21222020
11122220
12222220
75
02222011
22222222
22202102
22211121
22111210
21222020
11122220
12222220
11
12222011
11222222
12102222
12211221
12112210
11222020
11122220
12222220
43
12222011
11222222
12112222
12111221
11112220
11222022
11122220
12222220
85
12222011
11222222
12112222
12111221
11111211
11222222
11122220
12222220
87
12222011
11222222
12112222
12111222
11111112
11222212
11111122
12222222
61
