00000000
00000000
00000000
00012000
00022200
00000000
00000000
00000000
66
00000000
00000000
00000000
00012000
00022200
00002100
00000000
00000000
64
00000000
00000000
00000200
00012100
00022100
00002100
00000000
00000000
62
00000000
00000100
00200100
00022100
00022100
00002100
00000000
00000000
46
00000000
00000100
00200100
00022100
00022100
00011200
00000020
00000000
36
00000000
00000100
00200100
00021100
00012220
00111200
00000020
00000000
85
00000000
00000100
00200100
00022220
00011111
00111200
00000020
00000000
43
00000200
00000200
00210200
00011220
00011111
00111200
00000020
00000000
52
00000200
00001200
00210100
00011210
00011111
02222200
00000020
00000000
27
00000200
00001200
00210102
00011220
00011211
02122200
01000020
00000000
16
00000200
00001200
00210102
00011220
00222211
11122200
01000020
00000000
22
00000200
01001200
00110102
00011220
00222211
12122200
21000020
00000000
76
00000200
01001200
00110102
00011220
00222211
12112210
21000220
00000000
78
00000200
01022200
00120102
00021220
00222211
12112210
21000210
00000010
41
00010200
01011200
00112102
00022220
00212211
12112210
21000210
00000010
24
00010200
01011200
00112102
01022220
00112211
12112220
21000222
00000010
58
00010200
01011200
00112102
01022220
20112211
22112210
21000122
00001010
71
00010210
01011100
00111102
01012220
20112211
22112210
22000122
02001010
57
00010210
01211100
00121102
01012220
20111211
22111110
22001122
02001010
18
00010222
01211100
00121102
01012220
20111211
22111110
21001122
12001010
14
00010222
22211100
00121102
11012220
10111211
12111110
11001122
12001010
84
00010222
22211100
00121102
11011111
12222211
12111110
11001122
12001010
37
00010222
22211100
20121102
12011111
12222211
11111110
11101122
12001010
88
00010222
22211100
20221102
12211111
12222211
11111110
11101112
12001011
11
10010222
11211100
12221102
12211111
12222211
11111110
11101112
12001011
38
12010222
12211100
12221102
12211111
12222211
11111110
11101112
11101011
82
12010222
12211101
12221101
12211111
12222211
11222110
11122222
11101011
31
11110222
11111101
12122221
12111221
12122221
11122120
11122222
11101011
48
11112222
11122201
12222221
12111221
12112221
11112120
11111222
11111011
72
11112222
11111112
12222112
12111212
12112222
11112222
11111212
11111011
68
