00000000
00000000
00000000
00021000
00012000
00000000
00000000
00000000
43
00000000
00000000
00010000
00011000
00222000
00000000
00000000
00000000
66
00000000
00000000
00012000
00021000
00221000
00000100
00000000
00000000
25
00000000
00000000
00012000
00021000
01121000
00020100
00000000
00000000
36
00000000
00020000
00022000
00021000
01111000
00120100
00000000
00000000
47
00000000
00020000
00022000
00022000
01111200
00110100
00010000
00000000
75
00000000
00020000
00022000
00022000
01121110
00210100
02010000
00000000
52
00000000
00021000
00021000
00021000
01122222
00210100
02010000
00000000
37
00000000
00021000
00021000
00021000
01122222
00120100
02210000
02000000
18
00000000
00021000
00021000
02021000
01222222
00120100
01210000
12000000
34
00000000
00021000
00011000
02111000
02122222
02220100
02210000
12000000
32
00000000
00111000
00011000
02111000
02122222
02220200
02210020
12000000
38
00020000
00121000
00021000
02121000
02122222
02120200
02110020
11100000
57
00020000
00221000
02021000
02221000
02122222
02110200
02111020
11100000
33
00022000
00222000
02112000
02122000
02122222
02110200
02111020
11100000
17
00022000
00222000
02112000
02122000
02122222
01120200
11122020
11120000
76
00022000
00222000
02112000
02121000
02122122
01120222
11122020
11120000
16
00022000
00222000
02112000
22121000
02122122
11220222
11122020
11120000
61
00022100
00221000
02112000
22122200
02122222
11220222
11122020
11120000
73
00022100
02221000
02212010
22122100
02121222
11210222
11122020
11120000
88
00022100
02221000
02212010
22122100
02121222
11210122
11122020
11120201
12
02022100
12211000
02222010
22122100
02121222
11210122
11122020
11120201
56
02222100
12221000
02222010
22122100
02111222
11211122
11112020
11120201
67
02222220
12221000
02222010
22122100
02111222
11211122
11111120
11120201
87
02222220
12222000
02222210
22122200
02111222
11211122
11111111
11120201
72
02222220
12222012
02222120
22121200
02111222
11211122
11111111
11120201
15
02222220
12222012
02222220
22121220
11111222
11211122
11111111
11120201
58
02222222
12222022
02222220
22121220
11111222
11211122
11111111
11111201
78
02222222
12222022
02222220
22121220
11111222
11211122
11111111
11111111
11
12222222
12222022
22122220
22111220
11111222
11211122
11111111
11111111
83
12222222
12222022
22111112
22111222
11111122
11211122
11111111
11111111
62
