00000000
00000000
00000000
00021000
00012000
00000000
00000000
00000000
43
00000000
00000000
00210000
00021000
00012000
00000000
00000000
00000000
65
00000000
00000000
00222000
00021000
00011100
00000000
00000000
00000000
32
00200000
00200000
00212000
00021000
00011100
00000000
00000000
00000000
23
00200000
00200000
01112000
00021000
00012100
00000200
00000000
00000000
34
00200000
00200000
02112000
20111000
00012100
00000200
00000000
00000000
63
00200000
00202000
02112100
20112000
00012100
00000200
00000000
00000000
64
00200000
00202000
02212100
20221100
00222100
00000200
00000000
00000000
36
00200000
00202000
02212200
20222220
00212100
00100200
00000000
00000000
62
00200000
00202100
02212100
20222220
00212220
00100200
00000000
00000000
12
00200000
10202100
01212100
20122220
00212220
00200200
00200000
00000000
61
00200100
10221100
01222100
20122220
00212220
00200200
00200000
00000000
41
00210100
10111120
01212200
20112220
00212220
00200200
00200000
00000000
86
00210120
10111220
01212200
20122120
00212210
00200201
00200000
00000000
21
01110120
10111220
01212200
20122120
00212220
00200221
00200000
00000000
83
01110120
10111220
01212221
20122220
00212220
00200221
00200000
00000000
67
01110120
10111120
01212121
20122120
00212220
00202221
00200100
00000000
85
01110120
10111120
01212121
20122120
00211121
00202221
00200120
00000000
22
01110120
11111120
22222121
20112120
00211121
00202221
00200120
00000000
26
01110120
11111120
22222121
20112120
00111121
22202221
00200120
00000000
17
01110120
11111120
22222121
20122220
00122121
21222221
10200120
00000000
87
01110120
11111120
22222121
20122220
00122121
21222211
10200121
00000002
27
01110120
11111120
22222121
20121220
00112121
21122211
11202221
00000002
68
01110120
11111120
22222121
20121220
20112121
22112111
11201111
00000102
47
01110120
11111120
22222121
20221220
22222121
22111111
11111111
00000102
84
01110120
11111120
22222111
20221111
22222111
22212111
11122111
00002102
38
01110120
11111120
22222111
20221111
22222111
22221111
11222111
00122102
82
01110120
11111111
22222111
20221111
22222111
22221111
22222111
20122102
81
21110111
22111111
22222111
20221111
22222111
22221111
22222111
20122102
28
22222111
22122111
22222111
20221111
22221111
22211111
22122111
21122102
24
