00000000
00000000
00000000
00021000
00012000
00000000
00000000
00000000
34
00000000
00000000
00002000
00112000
00012000
00000000
00000000
00000000
66
00000000
00000000
00002000
02222000
00011000
00000100
00000000
00000000
33
00000000
00200000
00202000
02212000
00011000
00000100
00000000
00000000
62
00000000
00200100
00201000
02212000
00022000
00002100
00000000
00000000
64
00000000
00200100
00201000
02211100
00022000
00002220
00000000
00000000
22
00000000
01200100
00101200
02212100
00022000
00002220
00000000
00000000
14
00000000
01200100
00101200
11112220
00022000
00002220
00000000
00000000
73
00000000
01200102
00101120
11112220
00022000
00002220
00000000
00000000
67
00000000
01200102
00101120
11112220
00012000
00022220
00000100
00000000
42
00000000
01110122
00101220
11112220
00012000
00022220
00000100
00000000
77
00000000
01112222
00102220
11112220
00011000
00022120
00000110
00000000
36
00000000
01112222
00102220
11112220
00011000
00111120
00000210
00002000
86
00000000
22222222
00102220
11112220
00011000
00111111
00000210
00002000
71
00000010
22222122
00101220
11112220
00011000
00111111
00000222
00002000
84
00000010
22222122
00102220
11111221
00011020
00111121
00000222
00002000
11
10000010
21222122
00102220
11111221
00011022
00111122
00000222
00002000
81
10000011
21222112
02102120
11211221
00021022
00112122
00000222
00002000
57
10000211
21222212
02102220
11211221
00021022
00111122
00001222
00002000
83
10000211
21222211
02102221
11221221
00221022
00111122
00001222
00002000
43
10000211
21222211
02111111
11211221
00211022
00121122
00002222
00002200
25
10000211
21222211
02121111
11112221
01111222
00121222
00002222
00002200
47
10000211
21222211
02122111
12122221
02211222
02222222
00012222
00002200
78
10000211
21222211
02122111
12122211
02211212
02221212
00222112
00002210
51
10001111
21211111
02121111
12121211
02211212
02221212
00222122
00002222
17
10001111
21211111
02121111
12111211
02111212
02221212
12222122
00002222
28
10001111
21211111
01121111
11111211
22222212
01211212
11122122
01002222
41
10011111
21111111
22221111
22111211
22222212
01211212
11122122
01002222
48
10211111
22221111
22222111
22111211
22222212
22211112
11111122
01012222
21
