00000000
00000000
00000000
00222000
00021000
00000000
00000000
00000000
53
00000000
00000200
00002000
00221000
00021000
00000000
00000000
00000000
24
00000000
00000200
00002200
01112000
00021000
00000000
00000000
00000000
71
00000010
00000100
00001200
01112000
00022000
00002000
00000000
00000000
57
00000010
00000100
00022200
01121000
00021000
00001000
00001000
00000000
33
00000010
00000100
00122200
01112000
00022000
00002000
00002000
00002000
64
00000010
00000100
00122100
01112100
00022200
00002000
00002000
00002000
36
00000010
00000100
00122100
01111200
00012220
00102000
00002000
00002000
52
00000010
00001100
02111100
01211200
00022220
00102000
00002000
00002000
74
00000010
00001100
02111100
01211110
00022220
00202000
02002000
00002000
47
00000010
00201100
02211100
01211110
00022120
00201000
02012000
00002000
22
00002010
01202100
01112100
01212110
00022120
00201000
02012000
00002000
42
00002010
01111100
01111100
01212110
00022120
00201000
02222000
00002000
86
02002010
01211100
01121100
01212110
00022110
00201001
02222000
00002000
18
02002010
22211100
02121100
01211110
00012110
00101001
01222000
10002000
38
02002010
22222220
02121100
01211110
00012110
00101001
01112000
10102000
31
02102010
22112220
02121100
01212110
00012210
00101021
01112000
10102000
87
02222010
22212220
02111100
01211110
00012110
00101011
01112001
10102000
11
12222010
21212220
02222220
01211210
00012110
00101011
01112001
10102000
66
12222010
21212220
02222220
01211220
00011112
00101111
01112001
10102000
13
12222010
11212220
12222220
01211220
00011112
00101111
22222001
10102000
48
12222010
11212220
12222220
01211220
00011112
00101111
22221001
12222000
83
12222010
11222220
11121111
01221210
00022112
00121111
22221001
12222000
35
12222010
12222220
12121111
02211210
02222222
00211111
22221001
12222000
61
11111110
12222222
12121121
02211210
02222222
00211111
22221001
12222000
68
11111110
12222222
12121122
02211222
02222222
00211111
22221001
11111100
81
11111111
12222211
12121121
02211221
02222221
00211221
22221021
11111100
14
11111111
12122211
11121121
11211221
02222221
20111221
22211021
11111100
26
11111111
12122211
11121121
11211221
01122221
21112221
22222221
11111100
88
11111111
12122211
11121121
11211221
01121221
21112121
22222221
11111121
15
