00000000
00000000
00000000
00012000
00022000
00002000
00000000
00000000
64
00000000
00000000
00200000
00021100
00022000
00002000
00000000
00000000
46
00000000
00000000
00200200
00022100
00021000
00012000
00000000
00000000
34
00000000
00000000
02200200
00211100
00021000
00012000
00000000
00000000
66
00000000
00000000
02200200
00211100
00021000
00021100
00020000
00000000
22
00000000
01000000
02100200
00222220
00021000
00021100
00020000
00000000
35
00000000
01000000
02100200
00122220
00111200
00022100
00020000
00000000
43
02000000
02000000
02110200
00112220
00111200
00022100
00020000
00000000
72
02000000
02200010
02120100
00112220
00111200
00022100
00020000
00000000
48
02000000
02202010
02120200
00112220
00111200
00012100
00010000
00010000
62
02000002
02202120
02120200
00112120
00111100
00012100
00010000
00010000
11
12000002
01202120
02120200
00212120
02111100
00012100
00010000
00010000
15
12000002
01202120
02120200
00212120
11111100
00012100
00020000
00210000
28
12000202
01202220
02120200
00212120
11111100
00012100
00020000
01110000
42
12000202
01112220
02110200
00212120
12111100
20012100
00020000
01110000
57
12000202
01112220
02110200
00212220
12121200
20012200
00022200
01110000
83
12000202
01112220
02110201
00212222
12121100
20011200
00012200
01110000
14
12000202
01112220
01110201
10212222
12122220
20011200
00012200
01110000
53
12020202
01122220
01121201
10221222
12121220
20011200
00012200
01110000
36
12220202
01222220
01221201
10221222
11111220
20111200
00012200
01110000
82
12220202
01111111
01221201
10221222
11212220
20221200
00222200
01110000
17
12220202
21111111
02221201
10221222
11212220
10221200
10222200
01110000
77
12220222
21111211
02122201
10221222
11211220
10221100
10222210
01110000
58
12220222
21111211
02122201
10222222
11221220
10221100
12211210
01111000
51
11111222
21111211
02122201
10222222
11221220
10222220
12211210
01111000
18
11111222
21111221
02122221
10221222
11211220
10122220
11211210
11111000
26
11111222
21111221
02122221
10221222
11211220
11122220
11111220
11111020
88
11111222
21111221
02122221
10221222
11211220
11122120
11112210
11111221
13
11111222
11111221
11122221
10221222
11211220
11122120
11112222
11111221
85
11111222
11111222
11122122
10221212
11211122
11122222
11112122
11111221
24
