00000000
00000000
00000000
00012000
00022000
00002000
00000000
00000000
66
00000000
00000000
00000000
00012000
00022200
00002100
00000000
00000000
46
00000000
00000000
00200000
00022000
00012200
00011100
00000000
00000000
75
00000000
00000000
00200000
00022000
00012110
00012100
00002000
00000000
63
00000000
00000000
00200100
00021000
00022110
00022100
00022000
00000000
22
00000000
01000000
00100100
00011000
00022222
00022100
00022000
00000000
84
00000000
01000000
00100102
00011002
00022212
00022100
00022000
00000000
48
00000000
01000000
00102102
00012002
00012212
00012100
00011000
00010000
52
00000000
01001000
00101102
00011002
00222212
00011100
00011000
00010000
24
00000000
01001000
00101102
01011002
00122212
00021100
00211000
00010000
76
00000000
01001000
00121102
01021002
00122112
00021110
00211000
00010000
26
00000000
01001000
00121102
01022002
00122212
01021120
00111002
00010000
74
00000000
01001000
00122222
01022022
00122122
01021120
00111002
00010000
32
00000000
01101000
00112222
01021022
00222122
02021120
20111002
00010000
72
00002000
01102010
00112122
01021022
00222122
02021120
20111002
00010000
77
20002000
02102010
00212112
01021012
00222112
02021110
20111012
00010000
25
20002000
02102010
00212112
01021012
01111112
02021120
20111222
00010000
36
20002020
02102020
00212122
01021022
01111122
02111120
20111222
00010000
15
20002020
02222020
00222122
01021022
11111122
01111120
20111222
00010000
78
20002020
02222020
00222222
01022022
11121122
01211120
22222222
00010010
62
20002020
02222120
00221222
01012022
11121122
22211120
22222222
00010010
41
20222020
02212120
00211222
01012022
11121122
22211120
22222222
00010010
86
20222020
02212120
20211222
02012022
11221122
22221111
22222222
00010010
58
20222020
02222120
20212222
02012222
11222122
22121111
22211122
00011010
88
20222020
02222120
20212222
02012222
11222222
22122111
22221111
00211011
21
21222220
02122220
20212222
02012222
11222222
22122111
22221111
00211011
34
21222220
02222220
22222222
02112222
11112222
22121111
22221111
00211011
81
21111111
02222210
22222122
22111222
22112222
22221111
22221111
00211011
12
21111111
11111110
21222122
22111222
22112222
22221211
22222211
00222211
28
21111111
11111110
21222122
21111222
21112222
21221211
22222211
21111111
82
