00000000
00000000
00020000
00022000
00021000
00000000
00000000
00000000
33
00000000
00000000
00120000
00222000
00021000
00000000
00000000
00000000
53
00000000
00200000
00211000
00221000
00021000
00000000
00000000
00000000
36
00000000
00202000
00221000
00221000
00011000
00100000
00000000
00000000
21
01000000
00102000
00211000
00221000
00012000
00100200
00000000
00000000
51
01001000
00101000
00211000
00221000
00022000
00102200
00000000
00000000
24
01001000
00101000
02211000
01211000
00022000
00102200
00000000
00000000
57
01001000
00101000
02211000
02211000
20021000
00101200
00001000
00000000
12
01001000
10101000
01222200
02111000
20011000
00101200
00001000
00000000
75
01001000
10101000
01222200
02222200
20011010
00101100
00001000
00000000
72
01001000
10101010
01222220
02221200
20011010
00101100
00001000
00000000
42
01001002
10111020
01211220
02211100
20011010
00101100
00001000
00000000
35
01001002
12111020
02111220
02111100
20111010
00101100
00001000
00000000
11
11001002
11111020
02111220
02222220
20111010
00101100
00001000
00000000
71
11001012
11111010
02111210
02222210
20112010
00101200
00001020
00000000
46
11001012
11111010
02111210
02222110
20112010
00112200
00002020
00002000
14
11001012
11111010
01111210
11112110
20122010
00212200
02002020
00002000
68
11001012
11111010
01111210
11112110
20122010
00212200
02002020
00022100
88
11001012
11111010
01111222
11112110
20121010
00212100
02002010
00022101
67
11001012
11111010
01111222
11112110
20111010
00211100
02002110
00022221
18
11001012
11111010
01111222
11112210
20112010
00121100
01202110
10022221
16
11001012
11111010
01111222
11112210
10112010
12221100
01202110
10022221
17
11001012
11111010
01111222
11112220
10112020
11222220
11202220
10022221
84
11201012
11221010
01212222
11211211
10212020
11222220
11202220
10022221
86
11201012
11222210
01212222
11211211
10212020
11111111
11202220
10022221
38
11201012
11222210
01212222
11211222
10212022
11111121
11102220
10111111
25
11201012
11222222
01212222
11111222
11112022
11111121
11102220
10111111
65
11201222
11222222
01212222
11111222
11111122
11111121
11102220
10111111
41
11111222
11112222
01212222
11111222
11112122
11121122
11202222
12111111
47
