00000000
00000000
00000000
00021000
00012000
00000000
00000000
00000000
56
00000000
00000000
00000000
00021000
00012000
00001200
00000000
00000000
76
00000000
00000000
00000000
00021000
00012000
00002110
00002000
00000000
67
00000000
00000000
00002000
00022000
00012000
00001110
00002100
00000000
43
00000000
00000000
00012000
00012000
00012020
00001210
00002100
00000000
58
00000000
00000000
00012000
00012000
00012020
00001210
00001200
00001200
52
00000000
00001000
00011000
00011000
00011022
00001220
00001200
00001200
77
00000000
00001000
00011000
00011000
00011022
00022220
00002110
00001200
37
00000000
00001000
00011000
00011000
00011022
00012220
00102110
00022200
47
00000000
00001000
00011000
00011000
00011022
00012222
00111120
00022200
84
00000000
00001000
00011000
00011001
00011012
02012122
00211120
00022200
27
00000000
00001000
00211000
00021001
00012012
02012222
01111120
00022200
64
00000000
00001000
00211000
00021101
00011012
02012222
01121120
00222200
23
00000000
00001000
01111000
00021101
00011012
02012222
02121120
02222200
65
00000000
00201000
01121000
00022101
00011212
02012122
02121120
02222200
31
00100000
00101000
01122200
00022201
00011212
02012122
02121120
02222200
73
00100000
00101200
01112210
00022201
00011212
02012122
02121120
02222200
42
00100000
00111200
01111210
00022101
00222212
02022122
02122120
02222200
74
00100000
00111200
01111112
00022122
00222212
02022122
02122120
02222200
78
00100000
00111200
22222222
00022122
00222212
02022112
02122110
02222210
14
00100000
00111200
21222222
10022122
00222212
02222112
02222110
02222210
25
00100000
00111200
21222222
10222122
01221112
02222112
02222110
02222210
12
00120000
10122200
11222222
10222122
01221112
02222112
02222110
02222210
51
00111000
10121200
11221222
12221122
02221112
02222112
02222110
02222210
82
00111002
10121202
11221212
12221122
02221112
02222112
02222110
02222210
72
00111002
10121112
11221112
12222122
02221212
02222122
02222222
02222210
18
00111002
10121112
11221112
12221122
02211212
02122122
22222222
11111110
88
00111002
12221112
12221112
12221122
02211212
02122122
22222212
11111111
15
00111002
12211112
12121112
11221122
12111212
22222122
22122212
11111111
11
12222202
12212222
12121212
11221222
12111212
22222122
22122212
11111111
71
