00000000
00000000
00000000
00021000
00012000
00000000
00000000
00000000
34
00000000
00000000
00002000
00112000
00012000
00000000
00000000
00000000
65
00000000
00000000
00002000
00112000
00021100
00200000
00000000
00000000
35
00000000
00000000
00002000
00112000
00111200
00200020
00000000
00000000
37
00000000
00000000
00002000
00112000
02222200
00100020
00100000
00000000
64
00000000
00000000
00002200
00112200
02222200
00100020
00100000
00000000
26
00000000
00000000
00002200
00122200
02222200
02100020
20100000
00000000
74
00000000
00000000
00002200
00111110
02222200
02200020
20120000
00000000
15
00000000
00000000
00202200
00221110
12222200
01200020
20120000
00000000
72
00000000
00000010
00202100
00222222
12222200
01200020
20120000
00000000
62
00000000
00002110
00202200
00212222
12122200
01200020
20120000
00000000
32
00000200
00102210
00102200
00112222
12122200
01200020
20120000
00000000
24
00000200
00102210
00102200
01112222
11122200
22200020
20120000
00000000
46
00000200
00102210
00102200
01112222
11112200
22210020
20220000
00200000
66
00000200
00102210
00122200
01222222
12121200
22220120
20220000
00200000
57
00000202
00102220
00122200
01222222
12121200
22210120
20221000
00200000
73
00000202
00102220
00111110
01222122
12122200
22222220
20221000
00200000
71
00000212
02102110
00211110
01222122
12122200
22222220
20221000
00200000
18
00000212
02102110
00211110
01222122
12122200
12222220
10222200
10200000
41
00210212
02201110
00211110
01222122
12122200
12222220
10222200
10200000
58
00210212
02201120
00222222
01221122
12121200
12221220
10221200
10201000
82
00210212
02201111
00222212
22221122
12121200
12221220
10221200
10201000
27
00210212
02201111
00222212
22221222
12111220
12121220
11111200
10201000
86
00210212
02201111
00222212
22221222
12111220
12121111
11112200
10201200
51
00211112
02201111
00222212
22221222
12111220
12121121
11112202
10201200
13
00211112
02201111
12222212
12221222
12111220
12121121
11112202
10201200
78
00211112
02201111
12222212
12221222
12111222
12121122
11112102
10201110
12
00211112
12201111
11222212
12121222
12111222
12121122
12212102
12201110
88
00211112
12201111
11222211
12121221
12111221
12121121
12222101
12221111
21
01111112
11101111
11212211
12121221
12112221
12121221
12222221
12221111
42
