00000000
00000000
00000000
00021000
00012000
00000000
00000000
00000000
56
00000000
00000000
00000000
00021000
00021000
00021000
00000000
00000000
34
00000000
00000000
00000000
00111200
00012000
00021000
00000000
00000000
65
00000000
00000000
00000000
02222200
00011100
00021000
00000000
00000000
73
00000000
00000000
00000010
02222100
00011200
00021020
00000000
00000000
14
00000000
00000000
00020010
11122100
00021200
00021020
00000000
00000000
66
00000000
00000000
02020010
11222100
00021100
00021120
00000000
00000000
12
00000000
10000002
01020020
11122200
00012100
00021120
00000000
00000000
52
00000000
10001002
01010020
11122200
00012100
00021220
00000020
00000000
63
00000000
10201002
01020120
11122100
00012200
00021220
00000020
00000000
47
00000000
10201002
01020120
11122100
00012200
00012220
00020020
00200000
75
00000200
10202002
01020120
11122100
00011110
00012220
00020020
00200000
88
00000200
10202002
01020120
11122100
00021110
00222120
00020010
00200001
35
00000200
10202002
01020120
11222100
02111110
00222120
00020010
00200001
33
00000200
10202022
01120220
11112100
02111110
00222120
00020010
00200001
16
00000200
10202022
01120220
11112220
01111220
10222120
00020010
00200001
85
00000200
10202022
22220220
12112220
01211111
10222120
00020010
00200001
62
00000200
10202222
22220220
12112220
01211211
10222220
00020210
00200001
31
00100200
10102222
22120220
12112220
01211211
10222220
00020220
00200021
53
00100200
10102222
22111220
22111120
22211211
10222220
00020220
00200021
81
00100201
10122212
22221120
22121120
22221211
10222220
00020220
00200021
57
00100201
10122212
22221120
22121120
22221211
20221120
20021220
00200021
68
02100201
10222212
22221120
22121120
22221211
20221120
20021120
00200111
18
02100201
10222222
12221122
12121120
12221211
10221120
10021120
10200111
58
02100201
10222222
12221122
12121120
11221211
10221120
10222220
10201111
26
02220201
10222222
12221122
12111120
11121211
11111120
10222220
10201111
28
02220201
10222222
12221122
12111120
12121211
12211120
12222220
11201111
71
02220211
10222112
12222112
12111210
12121221
12211122
12222220
11201111
84
02220211
10222111
12222111
12111211
12121211
12211122
12222220
11201111
48
02220211
10222111
12222111
12111211
12121211
11211122
12111220
11111111
22
02222211
11112111
11122111
11111211
11121211
11211122
12111220
11111111
11
11111111
11112111
11122111
11111211
11121211
11211122
12111220
11111111
87
