00000000
00000000
00000000
00021000
00012000
00000000
00000000
00000000
65
00000000
00000000
00000000
00022200
00011100
00000000
00000000
00000000
33
00000000
00000000
00100000
00012200
00012100
00020000
00000000
00000000
43
00000000
00000000
00112000
00012200
00012100
00020000
00000000
00000000
74
00000000
00000000
00112020
00011210
00012100
00020000
00000000
00000000
63
00000000
00000000
00111120
00011120
00012220
00020000
00000000
00000000
84
00000000
00000000
02222220
00011111
00012220
00020000
00000000
00000000
22
00000000
01000000
02122220
00021111
00222220
00020000
00000000
00000000
52
00000200
01002000
02121120
00021111
00222220
00020000
00000000
00000000
37
00000200
01022000
02122120
00021211
00221220
00010000
00100000
00000000
24
00000200
01022000
01122120
01021211
00122220
00020000
00200000
02000000
62
00000200
01022220
01121220
01012221
00122220
00020000
00200000
02000000
86
00000200
01022220
01121220
01222121
00122210
00020001
00200000
02000000
56
00000200
01022220
01121220
22221121
00111210
00021001
00200000
02000000
66
00000200
01022220
01121220
22221121
00112110
00021201
00200020
02000000
36
00000200
01022220
01121220
22221121
00112222
00111201
00200020
02000000
32
00000200
22222220
02111220
22221121
00112222
00111201
00200020
02000000
25
00000200
22222220
02111220
22121121
01212222
00122201
00202020
02000000
81
00000201
22222210
02111120
22121121
01212222
00122202
00202022
02000000
76
00000201
22222210
02121110
22221111
02212112
20111112
00202022
02000000
51
00022201
22222110
02121210
22221121
02212112
20111112
00202022
02000000
38
00022201
22222110
02121210
22221121
02212112
22222222
00102022
02100000
67
00022221
22222220
02122220
22221121
02212112
22221122
00102122
02100000
58
00022221
22222220
02122222
22221122
02212112
22221122
00101122
02101000
82
00022221
22222221
02122212
22221122
02222112
22222122
00101222
02101020
13
00022221
22222221
11122212
21221122
02122122
22212222
00202222
02221020
31
00111111
21112221
11121212
21221122
02122122
22222222
00222222
02221020
11
12111111
12212221
12121212
22221122
02122122
22222222
00222222
02221020
88
12111111
12212221
12121211
22211121
02121121
22222121
00222211
02222221
18
12111111
12212221
12121211
22211121
02121121
22222121
00222211
11111111
15
12111111
12212221
12122211
11221121
11221121
22222121
20122211
11111111
27
