00000000
00000000
00020000
00022000
00021000
00000000
00000000
00000000
35
00000000
00000000
00020000
00022000
00121000
00200000
00000000
00000000
33
00000000
00000000
00120000
00222000
00221000
00200000
00000000
00000000
53
00000000
00200000
00211000
00221000
00221000
00200000
00000000
00000000
26
00000000
00200000
00222200
00212000
00121000
01200000
00000000
00000000
42
00000000
00210000
00212200
00222000
00122000
01200200
00000000
00000000
64
00000000
00210200
00212200
00222100
00122000
01200200
00000000
00000000
22
00000000
01112200
00222200
00222100
00122000
01200200
00000000
00000000
24
00000000
01112200
00122220
01111200
00122000
01200200
00000000
00000000
56
00200000
01222200
00222220
01211200
00211000
01201200
00000000
00000000
41
00210000
01212200
00212220
02211200
20211000
01201200
00000000
00000000
25
00210000
01212200
00222220
02112200
22222200
01201200
00000000
00000000
76
00222000
01222200
00222220
02112200
22222200
01201110
00000000
00000000
46
00222000
01222200
00222220
02112200
22212200
01122110
00002000
00000000
16
00222000
02222200
20222220
02112200
21212200
11122110
00002000
00000000
67
00222000
02222200
20222220
02112200
21212200
11121120
00002102
00000000
74
00222000
02222200
20222220
02222222
21212100
11121120
00002102
00000000
14
00222000
02222200
20222220
12222222
11212100
11221120
00202102
00000000
47
00222000
02222200
20222220
22222222
21212100
22111120
20211102
00000000
85
00222000
02222200
20222220
22222222
21212221
22111110
20211102
00000000
28
00222000
02222200
20222220
22222222
21222221
22211110
22111102
01000000
21
01222000
02222200
22212220
22221222
21222121
22211110
22111102
01000000
18
01222000
02222200
22212220
22221222
21212221
22121210
21112202
11000200
58
22222000
02222200
22212220
22221222
21212221
22121210
21111102
11001200
83
22222000
02222202
22211121
22221211
21212121
22121210
21111102
11001200
12
22222000
12222202
11211122
12121212
11212122
12121222
11111102
11001200
77
22222000
12222202
11211122
12121222
11212212
12222212
11221112
11201200
48
22222000
12222202
11211122
12121222
11212212
11212212
11111122
11111202
78
22222000
12222222
11211222
12122222
11222212
11212212
11111112
11111112
71
22222210
12222222
11211212
12122212
11222212
11212212
11111112
11111112
81
