00000000
00000000
00000000
00021000
00012000
00000000
00000000
00000000
43
00000000
00000000
00210000
00021000
00012000
00000000
00000000
00000000
65
00000000
00020000
00220000
00021000
00011100
00000000
00000000
00000000
34
00000000
00020000
00220000
00112000
00011200
00000020
00000000
00000000
32
00000000
00120000
00120000
00112000
00012200
00002020
00000000
00000000
41
00010000
00110000
00110000
02222000
00012200
00002020
00000000
00000000
66
00010000
00110000
00110000
02212000
00011200
00002220
00000200
00000000
75
02010000
00210000
00120000
02212000
00011110
00002220
00000200
00000000
53
02010000
00210000
00111000
02222200
00011210
00002220
00000200
00000000
57
02012000
00220000
00211000
02222200
00011210
00001120
00001200
00000000
25
02012000
00220000
00211000
02122200
01012210
00001220
00001220
00000000
35
02012000
00220000
00211000
02112200
01112220
00001222
00001220
00000000
61
02011100
00220000
00211000
02112200
22222220
00001222
00001220
00000000
84
02011100
00220000
00211000
02112201
22222222
00001122
00001220
00000000
14
02011100
00220000
00211000
11112201
22222222
00022222
00001220
00000000
31
02111100
00110000
20111000
22112201
22222222
00022222
00001220
00000000
87
02111100
00110000
20111000
22111201
22222121
00022211
00001121
00000002
74
02111100
00110000
20111000
22111111
22222111
00022211
00002121
00002002
47
02111100
00110000
20111002
22111112
22212112
00011212
00011122
00002002
26
02111100
00110000
20111002
22111112
22112112
01222212
00021122
00002002
16
02111100
00110000
20111202
22112222
21122212
11222212
00021122
00002002
23
02222220
00110000
21111202
21112222
21122212
11222212
00021122
00002002
73
02222220
00110000
21111112
21112212
21122212
12222212
00221122
00002002
28
02222220
00110000
21111112
22112112
21221212
12222212
00122222
01002202
12
02222220
12110000
12211112
12122112
11222212
12222212
00122222
01002202
27
02222220
12110000
12211112
12121112
11212212
12122212
22222222
01002202
48
02222220
12222000
12212212
12122122
11212212
11112112
22111222
01012202
11
12222220
11222000
12112212
12112122
11211212
11212112
22221222
01222202
81
11111111
11222200
12112222
12112122
11211212
11212112
22221222
01222202
72
11111111
11111112
12112122
12111212
11212212
11222112
22221222
01222202
18
11111111
11111112
12112122
12111212
11212212
11122112
11221222
11222202
78
