00000000
00000000
00000000
00222000
00021000
00000000
00000000
00000000
53
00000000
00000000
00001000
00222200
00021000
00000000
00000000
00000000
75
00000000
00000000
00001000
00222100
00022010
00000200
00000000
00000000
57
00000000
00000200
00002000
00222100
00022010
00000100
00001000
00000000
42
00000000
00010200
00001000
00222220
00022010
00000100
00001000
00000000
33
00000000
00010200
00101000
00212220
00021020
00000102
00001000
00000000
24
00000000
00010200
00101000
01112220
00022220
00000102
00001000
00000000
71
00200010
00020100
00102000
01112220
00022220
00000102
00001000
00000000
46
00200010
00020100
00202000
02112220
20012220
00010102
00001000
00000000
14
00200010
00020100
00202000
11112220
20012220
00020102
00201000
00000000
35
00200010
00020100
00202000
11112220
22222220
00010102
00201000
00000000
73
00200010
00020100
00222010
11222120
22221220
00010102
00201000
00000000
36
00200010
00020100
00222010
11222120
21221220
00110202
00202000
00020000
51
00201010
00010100
00122010
11222120
22221220
20110202
00202000
00020000
77
00201010
00010120
00122020
11222120
22221220
20110102
00202010
00020000
52
00201010
00011120
02221020
12221120
22221220
20110102
00202010
00020000
32
00201010
02222220
02211020
12121120
22121220
20110102
00202010
00020000
11
10201010
01222220
02112020
12121120
22221220
22110102
00202010
00020000
84
10201010
01222120
02112010
12121111
22221210
22220102
00222010
00020000
17
10201010
22222120
02111010
12111111
12121210
11220102
10222010
00020000
68
10201010
22222120
02111010
12111111
12121210
12210102
12221010
00020100
61
10201110
22221120
02222210
12112211
12121210
12210102
12221010
00020100
82
10201110
22221111
02222210
12112221
12121222
12210102
12221010
00020100
58
10201110
22221111
02222210
12112221
11122222
12222102
12211010
00021100
87
10201112
22221121
02222210
12112221
11122221
12222101
12211011
00021100
76
10201112
22221121
02222210
12112211
11122211
12222211
12211021
00021102
21
11201112
21121121
01212210
11111211
11122111
12222211
12211021
00022222
41
11111112
21111121
01212210
11111211
11122111
12222211
12221021
00222222
67
11111112
21111122
01212222
11111222
11112212
12222112
12221112
00222222
18
11111112
21111122
01212222
11111222
11112212
12122112
12221112
12222222
13
