00000000
00000000
00000000
00021000
00012000
00000000
00000000
00000000
43
00000000
00000000
00010000
00011000
00222000
00000000
00000000
00000000
66
00000000
00000000
00012000
00021000
00221000
00000100
00000000
00000000
36
00000000
00000000
00222000
00021000
00211000
00100100
00000000
00000000
32
00000000
00100000
00212000
00021000
00211000
00200100
00200000
00000000
27
00000000
00120000
00222000
00021000
00211000
00100100
01200000
00000000
41
00010000
00110000
00212000
00011000
00222200
00100100
01200000
00000000
34
00210000
00220000
00212000
00211000
00222200
00200100
01200000
00000000
25
00210000
00220000
00212200
00112000
01222200
00200100
01200000
00000000
72
00210000
00220010
00222100
00121000
01222200
00120100
01200000
00000000
38
00210000
00220010
00222220
00121000
01222200
00120100
01100000
00100000
52
00210020
00221020
00211220
00121000
01222200
00120100
01100000
00100000
22
00210020
01111020
00111220
00111000
01221200
00120100
01200000
02100000
74
00210020
01111020
00111120
00111010
01221200
00120100
01200000
02220000
76
00210020
01111020
00111120
00111020
01222220
00120110
01200000
02220000
83
00210020
01111020
02111111
00211020
01222220
00120110
01200000
02220000
85
00210020
02111020
22111111
00211010
01111111
00120110
01200000
02220000
14
00210020
02111020
21111111
10211010
01121111
00122110
01200000
02220000
47
00210020
02111020
21211121
10221020
01112121
00111220
01110020
02220000
67
00210020
02222220
21212121
10221020
01112121
00111110
01110120
02220000
11
10210020
01222220
21112121
10211020
01121121
00112110
01110220
02220020
24
10210020
22222220
22112121
11211020
01121121
00112110
01110220
02220020
57
10210020
22222220
22112121
11211020
01121121
00111110
22222220
02220020
61
10210120
22221110
22112121
12221020
02221121
02111110
22222220
02220020
68
10210120
22222222
22112121
12221020
02221121
02111110
22221120
02220120
81
10210111
22222211
22112121
22221020
22221121
02111110
22221120
02220120
51
10211111
22211211
22121121
22222020
22221221
02111120
22221122
02220120
64
10211111
22211211
22121121
22222122
22221121
02111120
22221122
02220120
58
10211111
22211211
22121121
22222122
22221122
02111122
22211122
02221120
18
10211111
22211211
22121121
22222122
22221122
02111122
21211122
11111120
21
11111111
21111211
21111121
21221122
22221122
22222222
21211122
11111120
88
