00000000
00000000
00000000
00021000
00012000
00000000
00000000
00000000
34
00000000
00000000
00002000
00112000
00012000
00000000
00000000
00000000
63
00000000
00000000
00002100
00121000
00222000
00000000
00000000
00000000
56
00000000
00000000
00002100
02221000
00211000
00001000
00000000
00000000
25
00000000
00000000
00002100
02221000
02211000
02001000
00000000
00000000
52
00000000
00001000
00001100
02221000
02221000
02002000
00000200
00000000
15
00000000
00001000
00001100
02221000
12111000
22002000
00000200
00000000
43
00000000
00001000
00011100
02211000
12211000
22022000
00000200
00000000
33
00000000
00001000
02111100
02211000
12211000
22022000
00000200
00000000
14
00002000
00002000
02112100
11112000
12212000
22022000
00000200
00000000
62
00002000
00002220
02111200
11112000
12212000
22022000
00000200
00000000
81
00002001
00002210
22111100
22111000
22212000
22022000
00000200
00000000
57
00002001
00202210
22211100
22211000
22211000
22021000
00001200
00000000
21
01002001
00102210
22211100
22221000
22212000
22022200
00001200
00000000
78
01022001
00202210
22211100
22221000
22212000
22021200
00001100
00000010
75
01022001
00202210
22211200
22222200
22212010
22021100
00001100
00000010
47
01022001
00202210
22211200
22222200
22212010
22021100
00012100
00000210
17
01022001
00202210
22211200
22212200
22112010
21021100
20012100
20000210
61
01022101
00201222
22211200
22212200
22112010
21021100
20012100
20000210
36
01022101
00201222
22211200
22212200
22112020
21111102
20012100
20000210
12
01022101
10201222
21211200
22112200
22112220
21111202
20012200
20000210
77
01022101
10201222
21211200
22212200
22212220
22221102
20211110
20000210
71
01022111
12201122
22211200
22212200
22212220
22221102
20211110
20000210
58
01022111
12201122
22211200
22212200
22212220
22221202
20222110
20021110
38
01022111
12201122
22211200
22212200
22212220
22221202
20212222
20111110
11
11022111
11201222
22111220
22212200
22212220
22221202
20212222
20111110
88
11022111
11201222
22111220
22212200
22211220
22222222
20212212
20111111
42
11222111
12221222
22212220
22212200
22211220
22222222
20212212
20111111
83
11222111
12221211
22211121
22212202
22211220
22222222
20212212
20111111
28
11222111
12222211
22211221
22212222
22211220
22212222
20112212
21111111
27
11222111
11222211
21211221
21212222
21211220
21112222
21112212
21111111
85
