00000000
00000000
00000000
00021000
00012000
00000000
00000000
00000000
34
00000000
00000000
00002000
00112000
00012000
00000000
00000000
00000000
65
00000000
00000000
00002000
02222000
00011100
00000000
00000000
00000000
43
00000000
00000000
00012000
02221000
00211100
00000000
00000000
00000000
33
00000000
00000000
00112000
02212000
00222100
00002000
00000000
00000000
26
00000000
00000000
00112000
02212000
00222100
01022000
00000000
00000000
64
00000000
00020000
00222000
02221100
00222100
01022000
00000000
00000000
37
00000000
00020000
00222000
02222220
00221200
01012000
00100000
00000000
25
00000000
00020000
00222000
02222220
01211200
01022000
00102000
00000000
63
00000000
00020000
00222100
02221220
01211200
02022000
20102000
00000000
27
00000000
00020000
00222100
02221220
01211200
01022000
22222000
00000000
73
00000000
00020020
00222120
02221120
01211200
01022000
22222000
00000000
83
00000000
00020020
00222111
02221120
22211200
02022000
22222000
00000000
76
00000000
00022020
00222211
02221120
22211100
02022010
22222000
00000000
71
00000012
00022020
00222211
02221120
22211100
02022010
22222000
00000000
48
00000012
00022020
00222211
02221120
22211100
02012010
22222000
00210000
51
00001012
00021022
00221221
02221220
22212100
02022010
22222000
00210000
58
00001012
00021022
00221221
02221220
22221100
02022010
22222200
00211000
31
00101012
00011022
00221221
02221220
22222220
02022010
22222200
00211000
85
00101012
00011022
00221121
02221210
22222221
02022010
22222200
00222200
32
00121012
00121022
00221121
02221210
22222221
02022010
22222200
00222200
23
00121012
02221022
02211121
02221210
22222221
02022010
22222200
00222200
36
02221012
02221022
02121121
02122210
22112221
02122010
22222200
00222200
14
02221012
02222222
02122221
11122210
21112221
02122010
22222200
00222200
16
02221012
02222222
22122221
22122210
21212221
21122010
22222200
00222200
11
11111012
22222222
22122221
22122210
21212221
21122010
22222200
00222200
86
11111222
22212222
22121221
22122110
21212211
21122011
22222200
00222200
18
11111222
12212222
12121221
12122120
11212221
11122021
11222220
10222200
78
11111222
12212222
12121221
12122120
11212221
11122221
11222220
10222210
87
11111222
12112222
12111221
12121120
11212121
11122211
11111121
10222222
84
