00000000
00000000
00000000
00222000
00021000
00000000
00000000
00000000
35
00000000
00000000
00000000
00222000
00122000
00002000
00000000
00000000
65
00000000
00000000
00000000
00222000
00121100
00022000
00000000
00000000
57
00000000
00000000
00000000
00222000
00121100
00021000
00021000
00000000
37
00000000
00000000
00000000
00222000
00221100
00211000
00111000
00000000
33
00000000
00000000
00100000
00112000
00122220
00111000
00111000
00000000
64
00000000
00000000
00100000
00111100
02221220
00111000
00111000
00000000
15
00000000
00000000
00100200
00111200
11111220
00111000
00111000
00000000
73
00000000
00000000
00120210
00112100
11111220
00111000
00111000
00000000
62
00000000
00000100
00120110
00112100
11121220
00211000
02111000
00000000
42
00000000
00010100
00110110
00112100
11121220
00222200
02111000
00000000
84
00000000
00010100
00110110
00112101
11121210
00222100
02121000
00020000
26
00020000
00020100
00120110
00122101
11121210
01111100
02121000
00020000
17
00020000
00020100
00120110
00122101
11121222
01111100
11121000
00020000
53
00020000
00020100
00111110
20111101
12121222
01211100
11121000
00020000
74
00020000
00020100
00111110
20111111
12121122
01222220
11121000
00020000
24
00020000
00020100
00111110
21111111
11121122
01222220
11221000
00220000
87
00020000
00020102
00111120
21111211
11122122
01222210
11221001
00220000
86
00020000
00022102
00112120
21112111
11122111
01222211
11221001
00220000
51
00021000
00011102
00111120
21111111
11121111
01221211
12221001
20220000
28
00021000
00011102
00111120
21111111
11121111
01212211
11122201
21220000
78
00021000
00011102
00111120
21111111
11111111
01211211
11122201
21220210
77
00021000
00011102
02222220
21111111
11111111
01211111
11111111
21220210
31
00111000
00011102
02222222
21111121
11111211
01212111
11121111
21220210
81
00111021
00011201
02222221
21111121
11111211
01212111
11121111
21220210
58
00111221
00012201
02222221
21111121
11111211
01112111
11111111
21111110
13
00111221
00012201
11111111
11111121
11111211
01112111
11111111
22222222
72
00111221
00012111
11121111
11211121
12111211
22222111
22111111
22222222
32
02222221
00212111
11121111
11212121
12111211
22222111
22111111
22222222
11
11111111
02212111
12221111
12222121
12112211
22222211
22111121
22222222
12
