00000000
00000000
00000000
00021000
00012000
00000000
00000000
00000000
43
00000000
00000000
00210000
00021000
00012000
00000000
00000000
00000000
34
00000000
00000000
00210000
00211000
00222000
00000000
00000000
00000000
26
00000000
00000000
00210000
00211000
00222000
01200000
00000000
00000000
27
00000000
00000000
00210000
00222200
00212000
01100000
01000000
00000000
32
00000000
00100000
00110000
00122200
00122000
01200000
02000000
20000000
37
00000000
00100000
00110000
00122200
00122000
01100000
02220000
20000000
38
00000000
00100000
00110000
00122200
00222000
02100000
22120000
20100000
56
00000000
00100000
00110000
00122200
00212000
02101000
22210000
20120000
58
00000000
00120000
00120000
00122200
00212000
02101000
22210000
20111000
63
00000000
00120000
00220100
02221200
00212000
02101000
22210000
20111000
41
00010000
00110000
00210100
02211200
00212000
02102000
22222000
20111000
67
00010000
00110000
00222100
02222200
00212000
02101000
22222100
20111000
52
00010000
00111000
00221100
02221200
00222000
02221000
22222100
20111000
14
00012000
00122000
00222100
11112200
00222000
02221000
22222100
20111000
62
00012000
00111100
00221100
11112200
00222000
02221000
22222220
20111000
25
00012000
00111100
20221100
12112200
01222000
02121000
22212220
20111000
23
00012000
02111100
22211100
12122200
02222000
02121000
22212220
20111000
75
00012000
02111100
22211100
12122100
02222010
02122200
22212220
20111000
65
00012200
02112200
22221200
12221200
02222210
02121200
22212220
20111000
74
00012200
02111200
22222220
12221210
02222110
02121200
22212220
20111000
12
00012200
11111200
11222220
12121210
02212120
02121202
22212220
20111000
85
02012200
12211200
12222220
12121210
02212111
02121202
22212220
20111000
76
02012200
12211200
12222220
12121222
02212122
02121212
22212120
20111000
83
02012200
12211202
11111122
12121212
02212122
02121212
22212120
20111000
78
02012200
12211202
11111122
12121212
02212122
02121212
22212120
20111012
11
12222200
11221202
11112122
12121212
02212122
02121212
22212120
20111012
28
12222200
11221202
11212122
12121212
22212122
02121212
21212120
21111012
71
11111110
11221222
11212222
12122212
22222122
02221212
22212120
21111012
87
11111110
11221222
11212222
12122212
22222122
02221212
22212221
22222222
81
11111111
11221221
11212221
12122211
22222121
02221211
22212221
22222222
16
