00000000
00000000
00000000
00021000
00012000
00000000
00000000
00000000
65
00000000
00000000
00000000
00021000
00021100
00020000
00000000
00000000
34
00000000
00000000
00000000
00111000
00022220
00020000
00000000
00000000
56
00000000
00000000
00000000
00111000
00222220
00021000
00000000
00000000
36
00000000
00000000
00200000
00121000
00112220
00111000
00000000
00000000
32
00000000
00100000
00100000
00122200
00112220
00111000
00000000
00000000
66
00000000
00100000
00100000
00112200
00112220
00112200
00002000
00000000
73
00000000
00100000
00100010
02222100
00211220
00122200
00002000
00000000
15
00200000
00200000
00200010
01222100
10211220
00122200
00002000
00000000
67
00200000
00200000
00200010
22222100
10211120
00121100
00002100
00000000
48
00200000
00200000
00200010
22222100
10211120
00121100
00002100
00010200
13
00200000
00200002
10200020
12222200
10212120
00121100
00002100
00010200
63
00200000
00200002
10200120
12221100
10212120
02221100
00002100
00010200
43
00200000
00200002
10210120
12211100
10222120
02222100
00002200
00010220
16
00200000
00200202
10210220
12211200
10222220
11111200
00002200
00010220
25
00200000
00200202
10210220
12111200
11222220
11122200
00022200
00010220
21
01200000
00100202
12210220
12211200
11222220
11122200
00022200
00010220
76
01200000
00100202
12210220
12211200
12222120
12211110
02022200
00010220
74
01200000
00120202
12220220
12221110
12222110
12211110
02022200
00010220
18
01200000
00120202
12220220
12221110
12212110
12221110
01222200
10010220
77
01200000
00120202
12220220
12221110
12212110
12221110
02211110
12010220
12
01200000
10120202
11220220
12122222
12212110
12221110
02211110
12010220
72
01200000
12220212
12220110
12121212
12212110
12221110
02211110
12010220
38
01200020
12220222
12220120
12121222
12112120
12121120
01111120
11110220
53
01200020
12220222
11111120
12111222
12112120
12222120
01122220
11112220
85
01200020
12220222
11111122
12111222
12112211
12222120
01122220
11112220
81
01200021
12220211
11111121
12111221
12112211
12222120
22222220
11112220
86
01200021
12222211
11122221
12212221
12112211
12222111
22222220
11112220
61
01220111
12222111
11112221
12112121
11112111
12222111
22222220
11112220
88
01222111
12222211
11112221
12112121
11112111
12222111
22222210
11111111
11
