00000000
00000000
00000000
00222000
00021000
00000000
00000000
00000000
33
00000000
00000000
00120000
00222000
00021000
00000000
00000000
00000000
35
00000000
00000000
00120000
02222000
00111000
00000000
00000000
00000000
15
00000000
00000000
00120000
01222000
10211000
02000000
00000000
00000000
42
00000000
00210000
00220000
01212000
10211000
02000000
00000000
00000000
25
00000000
00210000
00222000
01222000
11211000
02000000
00000000
00000000
46
00000000
00222000
00222000
01222000
11111000
02010000
00000000
00000000
37
00000000
00222000
00222000
22222000
11111000
01010000
00100000
00000000
22
00000000
01222000
00122000
22212000
11211000
01020000
00102000
00000000
51
00001000
01211000
00122200
22211000
11211000
01020000
00102000
00000000
13
00001000
01211000
12222200
12211000
11211000
01020000
00102000
00000000
64
00001000
01211000
12221200
12211100
12211000
21020000
00102000
00000000
72
00001000
01211010
12221100
12211100
12221000
21022000
00102000
00000000
41
00011200
01112010
11221100
12211100
12221000
21022000
00102000
00000000
71
00011110
01112210
11222100
12221100
12221000
21022000
00102000
00000000
47
00011110
01112210
11212200
12211200
12222200
21012000
00112000
00000000
74
00011110
01111210
11212220
12211210
12222100
21011000
00112000
00000000
66
00011110
01111210
11212220
12221210
12222100
21011200
00112020
00000000
82
00011110
01111211
11212210
12221110
12221100
22222200
00112020
00000000
17
20011110
02111111
11211210
12211110
12121100
11222200
10112020
00000000
27
20011110
02111111
11211210
12211120
12111102
11122200
11112020
00000000
58
20011110
02111111
11211222
12211120
12111102
11121200
11111020
00001000
31
20111110
01111111
11211222
12211120
12222222
11121200
11111020
00001000
76
20111110
01111111
11211212
12211210
12222212
11122220
11111220
00001000
84
22111110
02211111
12221211
12212211
12222212
11122220
11111220
00001000
87
22111110
02211111
12221211
12212211
12222212
11122220
11111221
00001020
88
22111110
02211111
12221211
12212211
12221212
11122120
11112211
00001221
12
22111110
11111111
12221211
12212211
12221212
11222120
11222211
00201221
48
22111110
11111111
12221211
12212211
12212212
12222120
12211211
02211221
86
22222222
11111121
12221211
12212211
12212211
12222111
12211211
02211221
18
