00000000
00000000
00000000
00012000
00022000
00002000
00000000
00000000
64
00000000
00000000
00000200
00012100
00022000
00002000
00000000
00000000
62
00000000
00000120
00000200
00012100
00022000
00002000
00000000
00000000
46
00000000
00000120
00000200
00012200
00011200
00012000
00000000
00000000
75
00000000
00000120
00000200
00012200
00011210
00012200
00000000
00000000
81
00000001
00000110
00000100
00011200
00011220
00012202
00000000
00000000
73
00000001
00000110
00002110
00012200
00012220
00012202
00000000
00000000
85
00000001
00000110
00002110
00012200
00012111
00022202
00200000
00000000
77
00000201
00000210
00002210
00012200
00011111
00022102
00200010
00000000
36
00000201
00000210
00002210
00022200
00211111
00211102
00200010
00000000
28
00000201
00000210
00002210
00022200
00211211
00211202
00100210
01000000
76
00000201
00000222
00002220
00022200
00211211
00211112
00100210
01000000
58
00000201
00000222
00002220
00022202
00211212
00211112
00100110
01001000
34
00000201
00000222
00002220
00122202
00111212
00111212
00100220
01001200
42
00200201
00020222
00002220
00122202
00111222
00111212
00100220
01001200
88
00200201
00020222
00002220
02222202
00111222
00111112
00100210
01001201
71
00200211
00020122
00001220
02212202
00111222
02222222
00100210
01001201
74
00200211
00022222
00002210
02212112
00112212
02222212
00100210
01001201
83
00200211
00022221
00002211
02212112
00112212
02222212
00200210
01022201
33
00200211
00022221
00102211
02112112
02222212
02222212
00200210
01022201
16
00200211
00022221
00102211
02112112
01222212
11111122
00200222
01022201
32
00220211
00112111
00102211
02112112
01222212
11111122
00200222
01022201
13
00220211
02222111
10202211
01122112
01122212
11111122
00200222
01022201
11
10220211
01222111
10102211
01112112
01121212
11211122
02200222
01022201
51
10221111
01211111
12101211
02211112
02121212
12211122
02200222
01022201
12
10221111
11211111
11101211
02111112
02211222
12221222
02202222
01022201
78
10221111
11211111
12101211
22111112
02211212
12221212
02202112
01022211
15
12221111
12211111
12101211
11111112
11111212
12221212
02202112
01022211
18
12221111
12211111
12101211
11111112
11111212
12121212
22202112
11022211
38
