00000000
00000000
00020000
00022000
00021000
00000000
00000000
00000000
53
00000000
00000000
00021000
00022000
00022200
00000000
00000000
00000000
56
00000000
00000200
00022000
00021000
00021200
00001000
00000000
00000000
74
00000000
00000200
00022200
00022010
00021100
00001000
00000000
00000000
34
00000000
00000200
00022200
00122010
00012100
00001200
00000000
00000000
32
00000000
00100200
00012200
02221010
00012100
00001200
00000000
00000000
67
00000000
00100200
00012200
02221010
00022100
00021100
00000100
00000000
33
00000000
00100200
00112200
02211010
00021100
00022220
00000100
00000000
72
02000000
00200210
00122100
02212010
00021200
00022220
00000100
00000000
35
02000000
00220210
00222100
02112010
00111200
00022220
00000100
00000000
31
02100000
00120210
00122100
02112010
00111200
00022220
00000200
00000200
61
02100100
00120110
00122100
02112210
00112200
00022220
00000200
00000200
52
02100100
00111110
00112100
02112222
00112200
00022220
00000200
00000200
14
02100100
00111110
20112100
12112222
00212200
00022220
00000200
00000200
47
02100100
02111110
20212100
12122222
00212200
00012220
00010200
00000200
86
02100100
02111110
20212100
12122222
00212200
00012111
00020200
00200200
11
11100100
01111110
20112100
12112222
00211200
00012121
00020202
00200200
57
11100100
01111110
22222100
12212222
00221200
00012121
00021202
00200200
36
11100120
01111210
22122100
12111222
00111200
00112121
00021202
00200200
15
11100120
01111210
22122100
11121222
10211200
02222121
00021202
00200200
27
11100120
01111210
22122100
21121222
20211200
22122121
02021202
00200200
85
11100120
01111210
22122100
21121212
20211201
22222121
02221202
00200200
88
11100120
01111220
22122220
21121212
20211201
22222121
02221201
00200201
18
11120120
01222220
22122220
21121212
20211201
22122121
01221201
10200201
25
11122220
01222220
22122220
21121212
21111201
21122121
01221201
10200201
78
11122220
01222220
22122220
21121212
21112201
21121221
01222221
10200211
81
11111111
01222210
22122120
21121222
21112221
21121221
01222221
10200211
12
11111111
11222222
21122120
21121222
21112221
21121221
01222221
10200211
83
11111111
11222211
21122111
21121211
21212121
22121221
22222221
10200211
58
11111111
11222211
21122111
21121211
21212121
22121211
22222121
10221111
28
