00000000
00000000
00020000
00022000
00021000
00000000
00000000
00000000
53
00000000
00000000
00022200
00022000
00021000
00000000
00000000
00000000
35
00000000
00000000
00022200
00022000
00112000
00002000
00000000
00000000
42
00000000
00010000
00222200
00022000
00112000
00002000
00000000
00000000
24
00000000
00010000
00122200
01222000
00122000
00002000
00000000
00000000
64
00000000
00012000
00122200
01112100
00122000
00002000
00000000
00000000
73
00000000
00012020
00111210
01112100
00122000
00002000
00000000
00000000
46
00000000
00012020
00111220
01112220
00111000
00012000
00000000
00000000
67
00000000
00012020
00111220
22222220
00111000
00011000
00000100
00000000
13
00000000
00012020
10111220
21222220
00112000
00021000
00200100
00000000
65
00000000
00012020
10111220
21222220
00221100
00221000
00200100
00000000
47
00000000
00012020
10111220
21212220
00222220
00211000
00210100
00000000
82
00000000
00012021
10111210
21212120
00221220
00212000
00210200
00000020
38
00000000
00222021
10121210
21112120
00121220
00112000
00110200
00100020
61
00000100
20221021
20111210
21112120
00121220
00112000
00110200
00100020
31
02100100
20211021
20121210
21112120
00121220
00112000
00110200
00100020
86
02100100
20211021
20121210
21112120
00121220
00112021
00110200
00100020
81
02100101
20211011
20121110
22111120
00211220
00122021
00112200
00100020
22
02220101
21122011
20121210
22111120
00211220
00122021
00112200
00100020
51
02221101
21111011
20121210
22211120
02211220
00122021
00112200
00100020
85
02221101
21111011
20121110
22211110
02211111
00122021
02222200
00100020
15
02222221
21111021
20121120
21211120
11111121
00122021
02222200
00100020
28
02222221
21111021
20121120
21211120
22111121
20112021
02122200
01100020
48
02222221
22211021
22221120
22211120
22111121
20112021
02112200
01110020
84
02222221
22211021
22221120
22221111
22112121
20112221
02112200
01110020
11
11111111
22222221
22222220
22221211
22112221
20112221
02112200
01110020
83
11111111
22222211
22222221
22221211
22212221
22222221
02112200
01110020
17
11111111
12222111
12221221
12211211
12112221
11222221
12112200
21110020
87
11111111
12222111
12221221
12211211
12112121
11222221
12112221
21110020
58
11111111
12222111
12221221
12211211
12111121
11221211
12112221
22222220
88
