00000000
00000000
00000000
00021000
00012000
00000000
00000000
00000000
43
00000000
00000000
00012000
00012000
00012000
00000000
00000000
00000000
65
00000000
00000000
00012000
00012000
00012100
00002000
00000000
00000000
66
00000000
00000000
00012000
00012000
00011200
00002220
00000000
00000000
75
00000000
00000000
00012000
00012020
00011220
00002220
00000000
00000000
85
00000000
00000000
00012000
00022020
00211111
00002220
00000000
00000000
63
00000000
00000000
00011100
00021010
00221111
00022220
00000000
00000000
57
00000000
00200000
00021100
00022010
00221211
00021120
00001000
00000000
24
00000000
00200000
00021100
01022010
00122211
00011220
00001020
00000000
86
00000000
00200200
00022100
01022010
00122211
00011111
00001020
00000000
61
00000100
00200100
00022100
01022010
00222211
02011111
00001020
00000000
25
00000100
00200100
00022100
01022010
01112111
02012111
00002020
00002000
64
00000100
00200100
00022100
01022222
01111121
02012211
00002020
00002000
88
00000100
00200100
00022100
01022222
01111221
02012211
00002210
00002001
68
00000100
00200100
00022220
01022122
01111121
02012111
00001110
00002101
34
00000100
00200100
00022220
01111122
01111121
02012121
00001220
00002221
47
00000100
00200100
00022220
22222222
01111121
02011121
00011220
00002221
72
00000120
00200220
00022120
22221222
01111121
02011121
00011220
00002221
52
00000120
00201220
00011120
22121222
01121121
02021221
00022220
00022221
81
00000111
00201210
00011120
22121222
02121121
02221221
00022220
00022221
13
00000111
00201210
12011120
22221222
02121121
02221221
00022220
00022221
37
00020111
00202210
12011220
22221222
02121121
02111221
00122220
00022221
38
00020111
20202210
22011220
22221222
02121121
02111221
00112220
00111111
17
00020111
20202210
22011220
22221222
02121121
22222221
10112220
00111111
82
00020111
20202211
22011210
22221122
02121121
22222221
10212220
02111111
83
00020111
20202211
22222211
22221111
02121121
22222221
10212220
02111111
15
00020111
20202211
22222211
22221111
12121121
12222221
12222220
02111111
87
00020111
20202211
22222211
22221111
22121121
22222211
22111111
22111111
22
00220111
22202211
22122211
22211111
22121121
22222211
22111111
22111111
42
00222111
22222111
22212211
22212111
22122121
22222211
22111111
22111111
21
01111111
22122111
22212211
22212111
22122121
22222211
22111111
22111111
11
