00000000
00000000
00020000
00022000
00021000
00000000
00000000
00000000
35
00000000
00000000
00020000
00022000
00211000
02000000
00000000
00000000
63
00000000
00000000
00020100
00021000
00221000
02020000
00000000
00000000
34
00000000
00000000
00220100
00211000
00221000
02020000
00000000
00000000
22
00000000
01000000
00122100
00221000
00221000
02020000
00000000
00000000
32
00000000
01100000
00112220
00221000
00221000
02020000
00000000
00000000
72
00000000
01100010
00112120
00222000
00222000
02022000
00000000
00000000
65
00000020
01100020
00112120
00221000
00222100
02022000
00000000
00000000
57
00000020
01102020
00122120
00221000
00221100
02021000
00001000
00000000
23
00000020
01102020
22222120
00121000
00211100
02021000
00001000
00000000
47
00000020
01102020
22222120
00121000
00212100
02011200
00011000
00000000
81
00000021
01102010
22222120
02221000
00212100
02011200
00011000
00000000
75
00000021
01102010
22222120
02221000
00212110
02021100
00012000
00000200
48
20000021
02102010
22222120
02221000
00212110
02021100
00011000
00010200
74
20200021
02202010
22222110
02221010
00212110
02021100
00011000
00010200
61
20200111
02202010
22222110
02221010
00222110
02022100
00011200
00010200
51
20201111
02201010
22221110
02221010
00222110
02022100
00222200
00010200
21
21201111
02101010
22211110
02221010
00222110
02022220
00222200
00010200
15
21201111
02101010
22211110
02221010
10222110
02022220
20122200
00010200
38
21201111
02101010
22222222
02221010
10222110
02021220
20112200
00110200
12
21201111
11101010
21222222
02121020
10212222
02021220
20112200
00110200
25
21201111
11101010
21222222
01121020
11112222
02021220
20212200
02110200
84
21201111
11101010
21222222
01222021
11222212
02221120
20211200
02110200
86
21201111
11101010
21222222
22222021
12222211
02221111
20211200
02110200
82
21201111
11101011
21222221
22222021
12222221
02221221
20211220
02110200
41
21111111
11101011
21222221
22222021
22222221
22221221
20211220
02110200
88
21111111
11121011
21222221
22212021
22221221
22221121
20211210
02110201
18
21111111
11122211
11222221
12212021
12221221
12221121
10211210
11110201
64
21111111
11112111
11221111
12211111
12221111
12221121
10211222
11110201
27
21111111
11112111
11222111
11212111
11212111
11122121
11112222
11112201
78
