00000000
00000000
00000000
00012000
00022000
00002000
00000000
00000000
46
00000000
00000000
00200000
00022000
00012000
00012000
00000000
00000000
43
00000000
00000000
00210000
00222000
00022000
00012000
00000000
00000000
66
00000000
00000000
00210000
00222000
00022000
00012100
00002000
00000000
23
00000000
00000000
01110000
00222000
00022020
00012200
00002000
00000000
65
00000000
20000000
02110000
00221000
00022120
00012200
00002000
00000000
67
00000000
20000000
02222000
00222000
00022120
00012100
00002100
00000000
42
00000000
20010000
02212000
00212000
00012120
00012200
00002220
00000000
68
00000000
20010000
02212000
00212000
00012220
00012220
00001120
00000100
85
00000000
20210000
02222000
00212000
00011111
00012210
00001120
00000100
87
00000000
20210000
02222000
00212000
00011111
00012210
00001121
00000102
21
01000000
20112000
02222000
00211000
00011111
00012210
00001121
00000102
86
01000000
20112000
02222000
00221000
00211111
00012211
00001111
00000102
51
01001000
20111000
02221000
00221000
00211111
00222211
00001111
00000102
27
01001200
20112000
02221000
00221000
00211111
00122211
01001111
00000102
13
01001200
20112000
11111000
00221000
00211111
00122211
01001211
00000122
37
01001200
20112000
11111000
00221020
00211221
00112221
01101221
00000122
64
01001200
20112000
11111000
00221120
00211111
00112121
01102221
00002222
11
11001200
10112000
11111000
00221120
00221111
00122121
01122221
00002222
62
11001200
10111100
11111000
00221120
00221111
00122121
22222221
00002222
24
11201200
10211100
11211000
01211120
00221111
00122121
22222221
00002222
22
11201200
11111100
11111020
01211220
00222111
00122121
22222221
00002222
83
11201200
11111200
11111221
01212210
00222111
00122121
22222221
00002222
38
11201200
11111200
11111221
01212210
00222111
02221121
22112221
00102222
25
11201200
11111200
11111221
22222210
02111111
02221121
22122221
00102222
72
11201200
11111112
11111121
22221210
02111111
02221121
22122221
00102222
15
11201200
11111112
11111122
11221222
11111122
01221222
22122222
00102222
41
11111200
11111112
11111122
11221222
11111122
01221222
22222222
02102222
18
11111200
11111112
11111122
11221222
12111122
22221222
21222222
11102222
48
11111202
11111122
11111222
11222222
12121122
21211222
21112222
11112222
71
