00000000
00000000
00000000
00021000
00012000
00000000
00000000
00000000
65
00000000
00000000
00000000
00021000
00012100
00000200
00000000
00000000
34
00000000
00000000
00000000
00111000
00222100
00000200
00000000
00000000
46
00000000
00000000
00002000
00122000
00212100
00010200
00000000
00000000
64
00000000
00000000
00002000
00111100
00211100
00020200
00002000
00000000
67
00000000
00000000
00002000
00111200
00222220
00020200
00002100
00000000
76
00000000
00000000
00002000
00111200
00222120
00020210
00002200
00000200
58
00000000
00000000
00002200
00112200
00222120
00020210
00002100
00001200
78
00000000
00000000
02002200
00212200
00222120
00020210
00002100
00001110
74
00000000
00000000
02002200
00211120
00222222
00020210
00002100
00001110
52
00000000
00001000
02201200
00221120
00222222
00020210
00002100
00001110
72
00000000
00001010
02201100
00221120
00222222
00020222
00002100
00001110
26
00000002
00001020
02201200
00212120
00122222
01020222
00002100
00001110
77
00000002
00001020
02222200
00222120
00121222
01020122
00002110
00001110
25
00000002
00021020
02222200
00122120
01121222
01020122
00002110
00001110
62
00000002
00021120
02221100
00122120
01122222
01020222
00002120
00001112
87
00000002
00021120
02221100
00222120
01222222
01220222
00002111
00001112
32
00000002
00111120
02211100
00221120
01222122
01220212
00002111
00022222
14
00002002
00122120
01212100
10222120
01222122
01220212
00002111
00022222
37
00002002
00122120
22222100
10122120
01121122
01110212
00102111
00022222
83
00002002
00122120
22222101
10222110
01221122
01210212
00202111
00222222
47
00022002
00222120
22222101
10222110
01221122
01110212
00211111
00222222
12
00022202
10222220
12222201
10222210
01221222
01110212
00211111
00222222
56
00022202
10222220
11222201
10122210
22211122
02111112
00211111
00222222
31
00122202
10122220
11122201
10122222
22211122
02111112
00211111
00222222
16
00122202
12222220
11222201
10122222
11211122
11111112
00211111
00222222
28
00122202
12222220
11222201
10122222
11211122
11111112
00111111
22222222
11
10122202
11222220
11122201
10112222
11211122
12111112
20111111
22222222
82
10122202
11111111
11122201
10112222
11221122
12211112
22111111
22222222
24
10122222
11111211
11122201
11112222
11121122
12211112
22111111
22222222
73
