00000000
00000000
00000000
00021000
00012000
00000000
00000000
00000000
34
00000000
00000000
00000000
00111000
00222000
00000000
00000000
00000000
56
00000000
00000000
00200000
00211000
00211000
00001000
00000000
00000000
25
00000000
00000000
00200000
00221000
01112000
00001200
00000000
00000000
24
00000000
00000000
00202000
01112000
01112000
00001200
00000000
00000000
52
00000000
00001000
00201000
02111000
21111000
00001200
00000000
00000000
32
00000000
00101000
00101000
02111000
22222200
00001200
00000000
00000000
77
00200000
00201000
00201000
02211000
22221200
00001100
00000010
00000000
64
00200000
00201000
00201000
02211100
22221100
00002100
00000210
00000000
26
00200000
00201000
00201000
02211100
22121100
01002220
00000210
00000000
75
00200000
00201000
00201000
02211100
22121110
02002210
00200210
00000000
47
00200000
00201000
00201000
02211102
22121120
02001210
00210210
00000000
22
00200000
01201000
00101000
02211102
22221120
02022210
00210210
00000000
68
00200000
01201000
00101000
02211102
22221120
02022210
00222110
00000100
74
00200000
01201000
00101020
02211212
22222110
02022210
00222110
00000100
58
00200000
01201000
00101220
02212212
22221110
02021210
00221110
00001100
48
00220000
01202000
00101220
02212212
22211110
02011210
00211110
00011100
13
00220000
01202000
10101220
01212212
22111210
02011220
00222222
00011100
72
00220000
01202210
10102220
01221212
22211210
02011220
00222222
00011100
82
00220000
01202211
12102210
02221112
22211210
02011220
00222222
00011100
42
00220002
01111121
12101210
02221112
22211210
02011220
00222222
00011100
88
00220002
22222221
12101210
02221112
22211210
02011120
00222212
00011101
11
10220002
11222221
12101210
02222112
22221210
02222220
00222212
00011101
38
10220002
11222221
12101210
02122112
22121110
02121220
00112222
00111121
85
10220002
11222221
12222210
02222112
22121111
02121210
00112122
00111121
16
12220002
12222221
12222210
02222112
22121111
11121210
00112122
00111121
71
12220012
12222111
12221210
02212112
22121111
11121210
00212122
02222221
86
12222012
12222211
12221220
02212112
22121111
11121211
00212121
02222221
83
12222012
12222211
12221111
02212111
22121111
12221211
02212121
02222221
17
12222222
12222211
12221111
02212111
22121111
11221211
11112121
02222221
18
12222222
12222211
12221111
02212111
22121111
11221211
11112121
11111111
14
