00000000
00000000
00000000
00222000
00021000
00000000
00000000
00000000
35
00000000
00000000
00000000
00222000
00112000
00000200
00000000
00000000
63
00000000
00000000
00000100
00221000
00122000
00020200
00000000
00000000
53
00000000
00000020
00001200
00212000
00122000
00020200
00000000
00000000
33
00000000
02000020
00201200
00122000
00122000
00020200
00000000
00000000
56
00000000
02000020
00201200
00121000
00211000
02021200
00000000
00000000
47
00000000
02000020
00201200
00122200
00211000
02011200
00010000
00000000
75
00000000
02000020
00201200
00122100
00221010
02021200
00020000
00020000
36
00000000
02000020
00201200
00122100
00122010
02112200
00022000
00020000
67
00000000
02002020
00202200
00122100
00112010
02111200
00022100
00020000
65
00000000
02002020
00202200
00122100
00111210
02222220
00022100
00020000
77
00000000
02002020
00202200
00122100
00112210
02222210
00022120
00020002
17
00000000
02002020
00202200
00122100
00112210
01222220
10022122
00020002
27
00000000
02002020
02202200
00222100
00122210
01122220
11022122
00020002
58
00000000
02002020
02202200
00222100
00122222
01122220
11012122
00021002
62
00000000
02002120
02201100
00212100
02222222
01122220
11012122
00021002
12
00000000
12002120
01201100
00112100
02222222
01221220
12012122
20021002
11
10000000
11002120
01101200
00112220
02222222
01221220
12012122
20021002
86
10000000
11002120
01101200
00112120
02222212
01221211
12012222
20022202
73
10000020
11002220
01102110
00122110
02222212
01221211
12012222
20022202
14
10000020
11002220
01102110
12222110
02222212
02121211
12012222
20022202
81
12000021
12002210
02102110
12222110
02222212
02121211
12012222
20022202
32
12000021
11102210
01102120
12222222
02222222
02121211
12012222
20022202
78
12000021
11122210
01202120
12222222
02222222
02121211
12012112
20022212
31
11100021
11112210
22201120
12222122
02222212
02121211
12012112
20022212
28
11100021
11112210
21201120
11222122
01222212
01122211
11022112
22222212
51
11101021
11111210
21201120
11222122
02222212
22222211
22022112
22222212
82
11121021
11112211
21201210
11222122
02222212
22222211
22022112
22222212
61
11121111
11122111
21221110
11222122
02222212
22222211
22022112
22222212
37
11121111
11122111
21221110
22122122
22121212
22112211
22111112
22222212
83
