00000000
00000000
00000000
00021000
00012000
00000000
00000000
00000000
65
00000000
00000000
00000000
00022200
00011100
00000000
00000000
00000000
53
00000000
00000000
00001000
00021200
00022100
00020000
00000000
00000000
63
00000000
00000000
00001120
00021200
00022100
00020000
00000000
00000000
34
00000000
00002000
00002120
00112200
00022100
00020000
00000000
00000000
66
00000000
00002000
00002120
00112200
00022220
00020100
00000000
00000000
62
00000000
00002100
00201120
00122200
00022220
00020100
00000000
00000000
42
00000000
00011120
00201220
00122200
00022220
00020100
00000000
00000000
86
00000000
00011120
02201220
00222100
00022210
00020101
00000000
00000000
24
00000000
02011120
02201220
01121100
00022210
00020101
00000000
00000000
76
00000000
02011120
02201220
02121100
02022110
00020111
00000000
00000000
35
00000000
02011120
02201220
02111100
02222222
00020111
00000000
00000000
15
00000000
02011120
02101220
01111100
12222222
00020122
00000002
00000000
16
00000000
02011120
22101220
02111100
11222222
10020122
00000002
00000000
82
00000000
02011111
22101210
02222220
11222222
10020122
00000002
00000000
56
00000000
02011111
22101210
02221220
11222222
10021222
00000022
00000000
11
10000000
01011111
22222210
02222220
11222222
10021222
00000022
00000000
88
10002000
01022111
22222210
02212220
11221222
10021122
00000012
00000001
47
10002000
01022111
22222210
02212220
12211222
12011122
00010012
00000001
32
10202000
02221111
22222210
02212220
12211222
12011122
00010012
00000001
41
10212002
02211121
22212210
02212220
12211222
12011122
00010012
00000001
84
10212002
02211121
22212210
02212111
12212211
12022121
00012011
00000001
21
11112002
02111121
22212210
02212111
12212211
12022121
00022011
00020001
67
11112002
02111121
22212220
02212121
12222221
12022121
00022221
00020021
36
11112002
02111121
22112220
02112121
12122221
11121121
00222221
00020021
14
11112022
02111221
21112220
11112121
11122221
11121121
00222221
00020021
68
11112022
02111222
21112222
11112121
11122221
11111121
00221111
00020111
27
11112022
02111222
21112222
11112121
11122221
11112121
01121111
00220111
58
11112022
02111222
22112222
12112121
12122221
12122121
02211111
02221111
12
11112222
11112222
11122222
12212121
12122221
12122121
02211111
02221111
18
