00000000
00000000
00000000
00012000
00022200
00000000
00000000
00000000
66
00000000
00000000
00000000
00222000
00021200
00000100
00000000
00000000
33
00000000
00000000
00120000
00222000
00021200
00000100
00000000
00000000
75
00000000
00000000
02220000
00222000
00021110
00000100
00000000
00000000
32
00000000
00120000
02220000
00221000
00021110
00000100
00000000
00000000
52
00000000
00111000
02220200
00222000
00021110
00000100
00000000
00000000
24
00000000
02111000
02220200
01222000
00021110
00000100
00000000
00000000
46
00000000
02111000
02210200
02212000
02011110
00010100
00000000
00000000
64
00000000
02111000
02210200
02211100
02021110
00012100
00000000
00000000
16
00000000
02111000
02210200
02121100
01022110
10012200
00000020
00000000
15
00000000
02111000
02110200
02121100
12022110
12012200
00000020
00000000
67
00000000
02222200
02110200
02121100
12012110
12011100
00000120
00000000
36
00000000
02222200
02110200
02122220
12012110
11111100
00000120
00000000
13
00000000
02222200
11110200
02122220
12012222
11111100
00000120
00000000
51
00021000
02222200
11120200
02122220
12012222
11111100
00000120
00000000
83
00021000
02222200
11220201
02222210
12222122
11111100
00000120
00000000
31
00111000
01122200
11120201
02122210
12122122
11112100
00000220
00000020
53
00111000
01111200
11111201
02112222
12122122
11112100
00000220
00000020
47
00111000
01111200
11111201
02112222
12122222
11111120
00010220
00000020
72
00111000
21111110
12111101
02211222
12122222
11112120
00010220
00000020
73
00111000
21111110
12111111
02211122
12121222
12212120
02010220
00000020
18
00111000
21111110
12111111
02211122
12111222
12212120
01020220
10002020
17
00111000
22222222
12111112
02211122
12111222
11212120
11020220
10002020
48
00111000
22222222
12111112
02211122
12211222
11222220
11012220
10012020
14
00111000
22122222
12111112
12111122
12211222
12122220
12012220
12012020
38
02111000
22222222
12121112
12112122
12211222
12122220
11012220
11112020
11
11111000
11222222
12121112
12112122
12211222
12222220
11222220
11112020
87
11111000
11122222
12111112
12111122
12211122
12222210
11111121
11112022
71
11111012
11122122
12111212
12112122
12221122
12222210
11111121
11112022
86
11111012
11122122
12111212
12112122
12221112
12222211
11112221
11112222
61
