00000000
00000000
00000000
00021000
00012000
00000000
00000000
00000000
65
00000000
00000000
00000000
00022200
00011100
00000000
00000000
00000000
43
00000000
00000000
00010000
00011200
00011200
00000200
00000000
00000000
77
00000000
00000000
00010000
00011200
00011200
00000200
00000210
00000000
57
00000000
00000000
00010000
00011200
00011200
00000200
00002110
00020000
47
00000000
00000000
00010000
00011200
00012200
00020200
00021110
00020000
74
00000000
00000000
00010000
00011110
00012200
00020200
00022210
00020200
75
00000000
00000000
00210000
00021110
00012110
00020200
00022210
00020200
37
00000000
00000000
00222000
00021110
00011110
00010200
00111110
00020200
34
00000000
00000000
00222000
00211110
02011110
00010200
00111110
00020200
23
00000000
00000000
01222000
00111110
02011110
00010200
00111120
00020202
32
00000000
00100000
22222000
00111110
02011110
00010200
00111120
00020202
16
00000000
00100000
22222000
00112110
01011210
10010220
00111120
00020202
42
00000000
00110000
22211000
00112110
01011210
10010220
00111220
00022202
56
00200000
00210000
22211000
00112110
01011110
10011220
00111220
00022202
86
00200000
00222000
22212000
00112110
01011110
10011111
00111220
00022202
62
00200000
00222100
22211020
00112120
01011120
10011121
00111220
00022202
87
00200000
00222100
22211020
00112120
01011120
12011111
00211111
00022202
63
00202000
00222200
22211120
00111120
01011120
12011111
00211111
00022202
41
00212000
00211200
22211120
00111120
01011120
12211111
00221111
00022202
24
00212000
00211200
22111120
01111120
01011122
12211122
00221212
00022202
22
20212000
02111200
21211120
01121120
01012122
12211222
00221222
00022202
83
20212000
02111202
21211121
01121210
01012122
12211222
00221222
00022202
35
20212000
02111202
21211121
02111210
22222122
12211222
00221222
00022202
84
20212000
22111202
22211121
02211211
22222112
12211122
00221222
00022202
21
21112200
22112202
22221121
02211211
22222112
12211122
00221222
00022202
17
21112200
22112222
22221221
02212211
22122112
11211122
10221222
00022202
71
21111110
22112112
22221211
02212211
22122112
12211122
12221222
00022202
38
21111110
22112112
22221211
02212211
22122112
12121122
12211222
02222202
81
21111111
22112111
22221211
02212211
22122112
22121122
22211222
22222202
78
21111111
22112111
22221211
02212211
22122112
22121112
22211112
22222212
14
