00000000
00000000
00000000
00012000
00022200
00000000
00000000
00000000
64
00000000
00000000
00002000
00012100
00022200
00000000
00000000
00000000
62
00000000
00000100
00001200
00012200
00022200
00000000
00000000
00000000
56
00000000
00000100
00022200
00022200
00021200
00001000
00000000
00000000
73
00000000
00000100
00022222
00022100
00021200
00001000
00000000
00000000
33
00000000
00000100
00122222
00012100
00022200
00002000
00002000
00000000
42
00020000
00020100
00121222
00022100
00022200
00002000
00002000
00000000
84
00020000
00020100
02221212
00022101
00022200
00002000
00002000
00000000
66
00020000
00022100
02222212
00022101
00022100
00002100
00002000
00000000
22
00020000
01022100
02122212
00012201
00021200
00002200
00002200
00000000
51
20021000
02011100
02221212
00021201
00022200
00002200
00002200
00000000
46
20021000
02021100
02221212
00021101
00021200
00022200
00022200
00000000
75
20021000
02021100
02221212
00022101
00021210
00022220
00022200
00000000
48
20021000
02021100
02221212
00022101
00022210
00022220
00021220
00010000
37
20021000
02021100
02221212
00022101
00021210
00012220
00112220
00012000
88
20021000
02021100
02221212
00022101
00021210
00012120
02222210
00012001
32
20021000
02111100
02221212
00022101
00021210
00012120
02222220
00012021
87
20021000
02111100
02211212
00021101
00021110
00012110
02222221
00222021
82
20021000
02111101
02211211
00022221
00021220
00012120
02222221
00222021
13
20021000
02111101
12111211
02022221
00021220
00012120
02222221
00222021
17
20221000
02121101
12112211
02022221
00021220
00012120
11111111
00222021
34
20221020
02121201
12112211
02111111
00011220
00011120
11111111
00222021
86
20221020
02121221
12112221
02111121
00011220
00011121
11111121
00222021
81
20221021
02121211
12112121
02111221
00012220
00021121
11211121
02222021
14
20221021
02121211
11112121
11111221
00012220
00021221
11212221
02222221
18
20221021
22121211
12112121
11211221
00022220
00022221
11212221
11111111
61
20221111
22121111
22212121
22211221
20022220
00022221
11212221
11111111
25
20221111
22121111
22212121
22221221
22222220
00022221
11212221
11111111
21
21111111
22121111
22212121
22221221
22222220
00022221
11212221
11111111
85
21111111
22121111
22212121
22221211
22222221
00022211
11212121
11111111
36
21111111
22121111
22112121
22121211
22212221
02111111
11112121
11111111
16
