00000000
00000000
00000000
00222000
00021000
00000000
00000000
00000000
35
00000000
00000000
00000000
00222000
00121000
00020000
00000000
00000000
33
00000000
00000000
00100000
00112000
00122000
00022000
00000000
00000000
65
00000000
00000000
00100000
00112000
00121100
00222000
00000000
00000000
57
00000000
00000000
00100000
02222000
00121100
00211000
00001000
00000000
15
00000000
00000000
00100000
01222000
10121200
00211020
00001000
00000000
26
00000000
00000000
00100000
01222000
10121200
01211020
02001000
00000000
37
00000000
02000000
00200000
01222000
10121200
01111020
02101000
00000000
17
00000000
02000000
00200000
22222000
10121200
01111020
11101000
00000000
43
00000000
02000000
00210000
22212000
10121200
01211020
12101000
20000000
11
10000000
01002000
00120000
22212000
10121200
01211020
12101000
20000000
42
10000000
01012000
00110000
22212000
12221200
02211020
12101000
20000000
74
10000000
01012000
00110000
22212010
12222100
02212020
12102000
20002000
66
10000000
01012000
00110000
22212010
12221100
02211120
12202000
20202000
64
10000000
01012000
00110000
22211110
12221100
02221120
12222000
20202000
23
10000000
01012000
01110020
22111210
12212100
02221120
12222000
20202000
61
10000100
01011000
01110020
22111210
12212100
02221220
12222020
20202000
16
12000100
02011000
02110020
22111210
11212100
11111220
12222020
20202000
28
12000100
02211000
02220020
22212210
11212200
11111220
11122020
21202000
53
12002100
02222000
02222020
22212210
11212200
11112220
11122020
21202000
82
12002220
02222001
02222010
22212110
11211200
11112220
11122020
21202000
88
12002220
02222001
02222010
22212110
11211200
11112220
11122210
21202001
68
12002220
02222001
02222010
22212110
11211100
11112120
11121220
21202221
48
12002220
02222001
02222010
22212210
11222220
11112120
11111220
21111111
31
11102220
02122021
02122020
22112220
11122220
11112120
11111220
21111111
86
11122220
02222021
02121020
22112120
11122210
11112111
11111210
21111111
62
11122220
02222111
02121020
22112120
11122210
11112121
11111222
21111111
12
11122220
11111111
22221020
22112120
11122210
11112121
11111222
21111111
85
11122220
11112211
22222220
22112220
11122211
11112111
11111122
21111111
84
11122220
11112221
22222222
22111122
11122212
11112112
11111122
21111111
81
