00000000
00000000
00000000
00021000
00012000
00000000
00000000
00000000
56
00000000
00000000
00000000
00021000
00012000
00001200
00000000
00000000
76
00000000
00000000
00000000
00021000
00222000
00001110
00000000
00000000
33
00000000
00000000
00102000
00021000
00221000
00001110
00000000
00000000
52
00000000
00001200
00102000
00021000
00221000
00001110
00000000
00000000
72
00000000
00001110
00102000
00022200
00221000
00001110
00000000
00000000
34
00000000
00201110
00202000
00222200
00211000
00001110
00000000
00000000
63
00002000
00202110
00202100
00221200
00211000
00001110
00000000
00000000
43
00002000
00202110
00221100
00212200
00222200
00001110
00000000
00000000
23
00002000
00202110
01121100
00212200
02212200
00001110
00000000
00000000
42
00002000
00211110
01111100
00212200
02222200
00201110
00000000
00000000
46
00002000
00211210
01111120
00212200
02212200
00211110
00000000
00000000
83
00002000
00211222
01111121
00212200
02212200
00211110
00000000
00000000
24
00002000
00211222
01111121
01112200
02112200
00211120
00000002
00000000
61
00002100
00221112
01211121
02112200
22112200
00211120
00000002
00000000
21
01002220
00121122
01211121
02112200
22112200
00211120
00000002
00000000
13
01002220
00121122
11221121
01122200
22122200
00222120
00020002
00000000
27
01002220
00121122
11221121
22221200
22112200
00122120
01020002
00000000
81
01002221
00121111
11221121
22221200
22212200
00222120
01220002
00000000
86
01002221
00121111
11221121
22221200
22212200
00222211
01220022
00000000
26
01022221
00221111
12221121
21211200
21112200
01111111
01220022
00000000
58
01022221
00221111
12221121
21211200
21112200
01112111
01220022
00201000
12
01022221
10221111
11221121
21111200
21112200
01112211
01220222
00201000
28
01022221
10221111
11221121
21111200
21112220
01112221
01120222
01201000
48
01022221
10221211
11222121
21121200
21212220
02112221
21110222
01111000
57
01022221
12221211
12222121
22121200
22211220
02111221
21111222
01111000
11
11022221
11222211
12122221
22111220
22211220
02111221
21111222
01111000
31
11111111
11112211
12121221
22111120
22211222
02111222
21111222
01111000
16
11111111
11112211
12121221
12112120
11221222
11211222
22111222
21111000
84
11111111
11112111
12121211
12112111
11221212
11221122
22112222
22222200
88
