00000000
00000000
00000000
00021000
00012000
00000000
00000000
00000000
65
00000000
00000000
00000000
00021000
00012100
00000200
00000000
00000000
56
00000000
00000000
00000000
00021000
00021100
00022200
00000000
00000000
35
00000000
00000000
00000000
00022200
00112200
00022200
00000000
00000000
67
00000000
00000000
00000000
02022200
00212200
00021200
00000100
00000000
75
00000000
00000000
00000000
02022200
00211210
00021220
00000100
00000000
47
00000000
00000000
00000000
02022200
00212210
00022220
00012100
00000000
63
00000000
00000000
00000100
02021100
00212222
00022120
00012100
00000000
33
00000000
00000000
00100120
02011200
00212222
00022120
00012100
00000000
58
00000000
00020000
00200120
02011200
00211222
00021120
00011100
00001000
83
00000000
00020000
00200111
02011200
00211222
00022120
00021100
00201000
25
00000000
00020000
00200111
02011200
22222222
00022120
00021100
00201000
26
00000000
00020000
00200111
02011200
22122222
01022220
00022220
00201000
88
00000000
00020200
00200211
02011200
22121222
01022120
00022210
00201001
22
00000000
01020200
00100211
02222200
22121222
01022120
00022210
00201001
37
00000000
01020202
00100221
02222200
22121222
01012120
00111110
00201001
13
00000000
01020202
10100221
01222200
22122222
01022120
00211110
02201001
51
00001000
01010202
10100222
01222202
22122222
01022120
00211110
02201001
27
00001000
01010202
10100222
22222202
22122222
01022120
01111110
02201001
23
00001000
01010202
11100222
21122202
22122222
01221120
01211110
02201001
43
02001000
02010202
12110222
22112202
22112222
01211120
01211110
02201001
16
02001000
02210202
12220222
12212202
11212222
11211120
01211110
02201001
52
02001000
02211202
12210222
12212202
11222222
11212120
01211220
02201021
87
02001000
02211202
12210222
12211202
11222122
12212110
22211111
02201021
18
02001000
02211202
12210222
12211202
11212122
12112210
11212111
12221021
31
02101000
01111202
12110222
12111202
11112122
12112210
11212211
12222221
72
02101000
01111112
12110122
12111202
11112122
12112222
11212221
12222221
11
11101000
22222222
12110122
12111202
11112122
12112222
11212221
12222221
81
11101001
22222211
12110221
12111221
11112221
12112221
11212221
12222221
61
11101101
22221211
12222221
12122221
11212221
12112221
11212221
12222221
41
