00000000
00000000
00000000
00021000
00012000
00000000
00000000
00000000
56
00000000
00000000
00000000
00021000
00012000
00001200
00000000
00000000
65
00000000
00000000
00000000
00022200
00011200
00001200
00000000
00000000
74
00000000
00000000
00000000
00022210
00021100
00201200
00000000
00000000
33
00000000
00000000
00100000
00012210
00021100
00202200
00000200
00000000
53
00000000
00000000
00101000
00011222
00021100
00202200
00000200
00000000
63
00000000
00000000
00101100
00222222
00021100
00202200
00000200
00000000
27
00000000
00000200
00102200
00221222
00011100
00102200
01000200
00000000
23
00000000
02000200
01202200
00121222
00011100
00102200
01000200
00000000
32
00000000
02220200
01102200
00121222
00011100
00102200
01000200
00000000
57
00000000
02220200
01102200
00121222
00022100
00122200
01001200
00000000
41
00010000
02120200
02202200
02221222
00022100
00122200
01001200
00000000
61
00010100
02120100
02202100
02221222
00022220
00122200
01001200
00000000
14
00010100
02120100
01202100
11111222
00022220
00122200
01022200
00000000
43
02010100
02210100
01121100
11112222
00022220
00122200
01022200
00000000
11
12010100
01210100
22221100
11112222
00022220
00122200
01022200
00000000
78
12010100
01210100
22221100
22112222
20012220
00121200
01022100
00000010
52
12010100
01211100
22211100
22112222
20022220
00221200
02022100
20000010
76
12010100
01211100
22211100
22111222
20022120
00222222
02022100
20000010
77
12010100
22211100
22211100
22111222
20021120
00222122
02022110
20000010
16
12010100
12211100
12211100
12111222
10021120
10222122
02022222
20000010
68
12010100
12211100
12222220
12111222
10021120
10222122
02022122
20000110
38
12010120
12211200
12222220
12111222
10021120
10221122
01012122
20100110
26
12010120
12211200
12222220
12111222
10021120
11121122
01022122
20120110
31
11110120
11111200
12122220
12111222
10021120
11121122
01022122
22220110
72
11110120
11111110
12122110
12121212
10221110
11121112
01022112
22220110
25
11110120
11111110
11122222
11121222
11111210
11122112
01022112
22220110
37
11110120
11111110
11122222
11121222
11211210
12112112
22222222
22220110
81
11110111
11111110
11122222
11121222
11211222
12112122
22222222
22220110
58
11112111
11112210
11122222
11121222
11211222
12111122
22211222
22221110
82
