00000000
00000000
00000000
00012000
00022200
00000000
00000000
00000000
64
00000000
00000000
00200000
00021100
00022200
00000000
00000000
00000000
56
00000000
00000000
00200000
00021100
00021200
00002000
00000200
00000000
66
00000000
00000000
00200000
00021100
00022220
00002100
00000200
00000000
46
00000000
00000000
00200000
00022220
00021220
00011100
00000200
00000000
73
00000000
00000000
00200010
00022120
00021220
00022100
00020200
00000000
68
00000000
00000000
00200210
00022220
00021220
00022100
00020100
00000100
35
00000000
00000000
00200210
00022220
00112220
00022200
00020120
00000100
76
00000000
00000000
00200210
00022222
00112220
00022210
00020120
00000100
57
00000000
00000200
00200220
00022222
00112220
00012210
00021120
00000100
78
00000000
00000200
00200220
00022222
00112220
00012222
00021110
00000110
82
00000000
00000201
00200210
00022122
00211220
02012222
00021110
00000110
24
00000000
00000201
00200210
01022122
00111220
02012222
00021120
00000112
85
00000000
00000201
00200210
01222122
00121111
02012212
00021120
00000112
37
00000000
00000201
00200210
01222122
00121111
02012212
02222220
00000112
38
00000000
00000201
00200210
01222122
00221111
02222212
02212220
00100112
52
00000000
00001201
00200110
01222112
00221211
02222222
02212222
00100112
42
00000000
00011201
00102110
01222212
00221221
02222222
02212222
00100112
25
00000000
00011201
00102110
01222212
02111221
22122222
02212222
00100112
61
00000100
02011101
00202110
01222212
02111221
22122222
02212222
00100112
28
00000100
02011101
20202110
02222212
01211221
21122222
01112222
01100112
11
10000100
01011101
20102110
02212212
01221221
21222222
02112222
21100112
15
10000100
01011101
20102110
01212212
11221221
21222222
02122222
21102222
17
10000100
01011101
20122110
01222212
11221221
11222222
11122222
21102222
48
10000100
01211101
20222110
01212212
11211221
11212222
11112222
21112222
31
10120100
01121101
20122110
01112212
11111221
11112222
11112222
21112222
51
10111100
01111101
22222110
01212212
11121221
11112222
11112222
21112222
14
12111100
01211101
21222110
11212212
11121221
11112222
11112222
21112222
83
12222220
01211201
21222111
11212211
11121221
11112222
11112222
21112222
81
11111111
01211221
21222221
11212221
11121221
11112222
11112222
21112222
12
