00000000
00000000
00000000
00012000
00022200
00000000
00000000
00000000
46
00000000
00000000
00200000
00022000
00012200
00010000
00000000
00000000
64
00000000
00000000
00200000
00022100
00012200
00012000
00000000
00000000
67
00000000
00000000
00200000
00022100
00222200
00011000
00000100
00000000
24
00000000
00000000
00200020
01022200
00122200
00011000
00000100
00000000
82
00000000
00000001
00200010
01022100
02221200
00011000
00000100
00000000
15
00000000
00000001
00200210
01022200
11111200
00011000
00000100
00000000
22
00000000
01000001
00100210
01012200
11112200
00021000
00200100
00000000
66
00000000
01000001
00100210
01012200
11112200
00022100
00202100
00000000
36
00000000
01000001
00100210
01012200
11112220
00111200
00202100
00000000
72
00000000
01000011
20100110
02011200
11212220
00121200
00202100
00000000
28
00000000
01000011
20100110
02011100
11211220
00111200
00102220
01000000
88
00000000
01000011
20102110
02022200
11212220
00112100
00102210
01000001
47
00000000
01020011
20202110
02022200
11212220
00112100
00111110
01000001
84
00000000
01020011
20202110
02022201
11212210
00212100
00221110
01200001
58
00000000
01020011
20202222
02022201
11212210
00112100
00211110
01201001
31
00100000
01010211
20202222
02022101
11212210
00112100
00211110
01201001
51
00101200
01010221
20202212
02022101
11212210
00112100
00211110
01201001
27
00101200
01010221
20202212
02022101
11212210
20112100
02111110
01201001
71
00101110
01010211
20202212
02022101
11212210
20112220
02111110
01201001
18
00101110
01010211
20202212
02022102
11212222
20112220
01111110
11201001
48
00101110
01010211
20202212
02022102
11212222
20122220
01112210
11111201
52
00101110
01011111
20201212
02221102
12221222
20122220
01111210
11111201
74
00101110
01011111
20222222
02221112
12221112
20121210
01111210
11111201
78
20101110
02011111
20222222
02221112
12221112
20121210
01111110
11111111
17
20121110
02022111
20222222
02221112
12221112
10121210
11111110
11111111
86
20122222
02022121
20222221
02221111
12221111
10121211
11111110
11111111
26
22222222
02022121
20221221
02211111
12121111
11121211
11111110
11111111
14
22222222
02022121
22221221
11211111
11121111
11121211
11111110
11111111
12
22222222
12022122
11221222
11112112
11111212
11121222
11111112
11111111
32
