00000000
00000000
00000000
00021000
00012000
00000000
00000000
00000000
34
00000000
00000000
00200000
00121000
00012000
00000000
00000000
00000000
56
00000000
00000000
00200000
00121000
00012000
00001200
00000000
00000000
65
00000000
00000000
00200000
02221000
00011100
00001200
00000000
00000000
23
00000000
00000000
01200000
02221000
00211100
00001200
00000000
00000000
67
00000000
00000000
01200000
02221000
00221100
00002100
00000200
00000020
22
00000000
01020000
01200000
02211000
00221100
00002100
00000200
00000020
43
00000000
01020000
01112000
02222000
00222100
00002100
00000200
00000020
25
00000000
01020000
01212000
02122000
21111100
00002100
00000200
00000020
14
00000000
01020000
22212000
21122000
21111100
00002100
00000200
00000020
12
20000000
22020000
21212000
21122000
21111100
00002100
00000200
00000020
51
20001000
22210000
22122000
21122000
21111100
00002100
00000200
00000020
62
20001000
22210100
22122200
21112000
21111100
00002100
00000200
00000020
68
20001000
22210100
22122200
21112020
21111200
00002100
00000100
00000120
73
20001000
22210100
22111110
22112020
21211200
00022100
00000100
00000120
64
20001000
22210100
22111110
22111120
22211100
00222100
00000100
00000120
83
20001000
22210100
22121111
22112110
22211200
00222220
00000100
00000120
88
20001000
22222100
22122111
22112110
22211200
00222220
00000100
00000111
75
20001000
22222220
22122221
22112120
22211120
00222220
00000100
00000111
82
20001000
22222221
22122211
22112120
22211120
00222220
00000200
00002111
84
20001000
22222221
22122211
22112121
22211122
00222220
00000200
00002111
87
20001000
22222221
22122211
22112121
22211122
00222222
00000201
00002111
77
20001002
22222222
22122212
22112112
22211112
00222112
00000211
00002111
41
20011202
22212222
22122112
22212112
22211112
00222112
00000211
00002111
27
20011202
22212222
22122112
22212112
22211112
02222112
01000211
00002111
37
20222202
22222222
22122112
22112112
22111112
02112112
01100211
00002111
47
20222202
22222222
22122112
22112112
22121112
02211112
02110211
20002111
21
21222202
22122222
22112112
22111112
22121112
02221112
02220211
20022111
38
21222202
22122222
22112112
22112112
22122122
02122212
02222211
20111111
71
21111112
22122112
22111112
22112112
22122122
02122212
02222211
20111111
17
21111112
22122112
22111112
22112112
22122122
02122212
12211111
22111111
16
