00000000
00000000
00000000
00021000
00012000
00000000
00000000
00000000
43
00000000
00000000
00012000
00012000
00012000
00000000
00000000
00000000
66
00000000
00000000
00012000
00222000
00011000
00000100
00000000
00000000
65
00000000
00000000
00012000
00222000
00022100
00002100
00000000
00000000
63
00000000
00020000
00021100
00222000
00022100
00002100
00000000
00000000
33
00000000
00020000
00211100
02212000
00021100
00002100
00000000
00000000
47
00000000
00022000
00222100
02212000
00021100
00001100
00010000
00000000
51
00001000
00021000
00222100
02222200
00021100
00001100
00010000
00000000
35
00001000
00021020
00222200
02222200
00111100
00001100
00010000
00000000
41
00011000
00211020
00222200
02212200
00111100
00001100
00010000
00000000
25
00011000
00211020
00212200
02112200
01212100
00021100
00010000
00000000
23
00011000
00111020
01112200
01112200
22212100
00021100
00010000
00000000
57
00011000
00111020
01112200
01112200
22112100
00021100
00211000
00000000
27
00011000
00111020
01112200
01112200
22112220
00021100
01111000
00000000
16
02011000
00211020
01122200
01112200
21112220
10021100
01111000
00000000
84
02011200
00212020
01122200
01112201
21112210
10021100
01111000
00000000
14
02011200
00212020
01122200
11112201
11112210
10022100
01121000
00200000
71
02011110
00212020
01122200
11112201
11112210
10022100
01221000
02200000
73
02011110
00212010
01111210
11112221
11112210
10022100
01221000
02200000
67
02211110
00222010
01112210
11112221
11112210
10021100
01221100
02200000
11
11111110
00222010
01112210
11112221
11112220
10021102
01221100
02200000
85
11111110
00221010
01112110
11112211
11111111
10021102
01222220
02200000
36
11111110
02221010
01212110
11122211
11112111
10111202
01222220
02200000
87
11111110
02221010
01212110
11122211
11122111
10211201
02111111
22200000
12
11111110
11111010
01212110
11122211
11122111
10221201
02122111
22220000
26
11111110
11111010
01212110
11122211
11122211
11111221
02122111
22220000
68
11111110
11111012
01212120
11122211
11122211
11111221
02121111
22220100
83
11111110
11111012
01212111
11122211
11122211
11112221
02122211
22222100
62
11111110
11111112
22211111
12112211
11222211
11122221
02122211
22222100
78
11111110
11111112
22211111
22112211
21212211
22121221
22122111
22222110
81
