00000000
00000000
00020000
00022000
00021000
00000000
00000000
00000000
53
00000000
00000000
00022200
00022000
00021000
00000000
00000000
00000000
35
00000000
00000000
00022200
00022000
00112000
00002000
00000000
00000000
67
00000000
00000000
00022200
00022000
00112000
00002000
00002100
00000000
47
00000000
00000000
00022200
00022000
02222000
00002000
00011100
00000000
34
00000000
00000000
00022200
00122000
02222000
00201000
00011100
00000000
16
00000000
00000000
00222200
00222000
01222000
10201000
00011100
00000000
65
00000000
00000000
00222200
20222000
02111100
10201000
00011100
00000000
52
00020000
00002000
00211200
20121000
01111100
10201000
00011100
00000000
51
00021000
00001000
00211200
20121000
01121100
10221000
00011100
00000000
23
00021000
02001000
01211200
20121000
01121100
10221000
00011100
00000000
74
00021000
02201000
02211100
20121010
01121100
10221000
00011100
00000000
13
00021000
02201000
12111100
22221010
01221100
10221000
00011100
00000000
27
00021000
02202000
12111200
22221020
01211102
10121000
01011100
00000000
83
00021000
02202000
12111201
22221010
01222222
10121000
01011100
00000000
15
00021000
02202000
12111201
11222210
11222222
10121000
01011100
00000000
61
00021100
02201000
12111201
11222210
11222222
10121000
01021100
00020000
76
00021100
02221000
12122201
11221210
11222112
10121010
01021100
00020000
58
00021100
02221000
12122201
11221222
11222112
10121010
01011100
00021000
72
00021100
02221010
12122101
12221222
12222112
12221010
01011100
00021000
37
00021100
02221010
12122101
12121222
12122112
12121010
02211100
02021000
21
01021100
02121010
12112221
12121222
12122112
12121010
02211100
02021000
11
11021100
01121010
12112221
12121222
12122112
12121010
02212100
02022200
18
11021102
01121020
12112221
12121222
12122112
12121010
01212100
12022200
12
11021102
11121020
11112221
12121222
12122122
12121020
01212220
12022200
17
11022222
11121020
11112221
12121222
12122122
11121020
11212220
12022200
38
11022222
11121022
11112222
12121222
12122122
11121020
11112220
11122200
62
11022222
11121222
11111222
12111222
12122222
11122220
11112220
11122200
78
11022222
11121222
11111222
12111222
12112222
11121220
11112120
11111110
86
11022222
11121222
11111222
12111122
12112212
11121211
11112120
11111112
87
11022222
11121222
11111222
12111122
12112212
11121211
11112111
11111112
31
