00000000
00000000
00000000
00012000
00022200
00000000
00000000
00000000
46
00000000
00000000
00000000
00012000
00012200
00020000
00200000
00000000
63
00000000
00000000
00020100
00022000
00022200
00020000
00200000
00000000
36
00000000
00000000
00020100
00021000
00012200
02220000
00200000
00000000
32
00000000
00100000
00010100
00021000
00222200
02220000
00200000
00000000
34
00000000
00100000
00210100
00221000
00222200
02220000
00200000
00000000
24
00000000
00100000
00210100
02111000
20222200
02220000
00200000
00000000
22
00200000
01200000
00210100
02211000
20222200
02220000
00200000
00000000
76
00200000
22200000
00210100
02211000
20222100
02220010
00200000
00000000
56
00200000
22202000
00220100
02211000
20221100
02221010
00200000
00000000
47
00200000
22202000
00220100
02211000
20211100
02211010
00220000
00002000
21
01200000
22222000
00220100
02221000
20221100
02221010
00220000
00002000
28
01200000
22222000
00220100
02221000
20221100
02211010
02220000
01002000
48
01200000
22222000
00220100
02222200
20222100
02221010
02210000
01012000
73
01200000
22222000
00220110
02222100
20221100
02212010
02110200
01012000
18
01200000
22222000
00220110
02221100
20211100
02212010
01220200
11222000
25
01200000
22222000
00220110
02221100
21112100
01212210
01220200
11222000
13
01200000
22222000
10222110
01222100
21112100
01212210
01220200
11222000
57
01200000
22222000
10222110
01222100
21212100
02212210
22222200
11222000
23
01200000
21222000
11112110
01122200
21212220
02212210
22222200
11222000
85
01200000
21222000
11112110
01122200
21211121
02212222
22222200
11222000
78
01200000
21222000
11112210
01122220
21211221
02212222
22222100
11222010
68
01200000
21222020
11112220
01122220
21211221
02212222
22221100
11111110
51
01201000
21211020
11111220
01121220
21211221
02212222
22222220
11111110
81
01201021
21211020
11111120
01121220
21211221
02212222
22222220
11111110
83
01201021
21211022
11111121
01121210
21211121
02211222
22212220
11111110
11
11201021
11211022
12111121
22221210
22211121
02211222
22212220
11111110
61
11201111
11211012
12111122
22221222
22211122
02211222
22212220
11111110
41
11111111
11222222
12112222
22221222
22211122
02211222
22212220
11111110
88
11111111
11222222
12112222
22221222
22211122
02211122
22212222
11111111
16
