00000000
00000000
00000000
00021000
00012000
00000000
00000000
00000000
43
00000000
00000000
00210000
00021000
00012000
00000000
00000000
00000000
56
00000000
00000000
00210000
00021000
00012000
00001200
00000000
00000000
65
00000000
00000000
00210000
00022200
00011200
00001200
00000000
00000000
63
00000000
00000000
00210100
00021200
00011200
00002200
00020000
00000000
23
00000000
00020000
01120100
00021200
00011200
00002200
00020000
00000000
74
00000000
00020000
01120102
00021120
00011200
00002200
00020000
00000000
53
00000000
02020000
01211102
00021120
00011200
00002200
00020000
00000000
57
00000000
02020000
02211102
02021120
00011200
00001200
00021000
00000000
11
10000000
01022000
02111202
02011120
00011200
00001200
00021000
00000000
73
10000000
01022020
02111122
02011120
00011200
00001200
00021000
00000000
75
10000000
01022020
02121122
02021220
00022110
00021100
00021000
00000000
41
10010000
01021020
02121122
02022220
00022220
00022220
00021000
00000000
15
10010200
01022020
02121122
01022220
10022220
00022220
00021000
00000000
86
10010200
01022020
02121122
01022120
10022222
00022221
00021000
00000000
31
10110200
01012020
02121122
01022120
10022222
00022221
00022000
00020000
77
10110200
01012020
02121122
02012120
12021222
00022121
00022010
00020000
62
12110200
02011120
02121122
02012120
12021222
00022121
00022010
00020000
13
12110200
01011120
11121122
02012120
12021222
00022122
00022012
00020000
26
12110200
02011120
12121122
02012120
12021222
02022122
02022012
00020000
81
12110201
02011110
12121122
02012120
12021222
02022222
02022222
00020000
34
12222201
02022210
12212122
02112120
12021222
02022222
02022222
00020000
88
12222201
02022210
12212122
02222120
12221222
02022122
02022212
00020001
16
12222201
02022210
12212122
02122120
11221222
12022122
02022222
00020021
28
12222201
02022210
12212122
02122120
11221222
12022122
21022222
01020021
14
12222201
22022210
22212122
21122120
21221222
22022122
21022222
01020021
84
12222201
22022210
22212122
21122111
21221211
22022121
22022221
01220021
36
12222221
22022220
22212122
21121111
21111211
22111121
22022221
01220021
68
12222221
22022220
22212122
21221211
21212211
22221121
22221111
01220111
18
12222221
12222220
12222122
11222211
11212211
12121121
11221111
11220111
82
