00000000
00000000
00000000
00012000
00022000
00002000
00000000
00000000
66
00000000
00000000
00020000
00022000
00021000
00002100
00000000
00000000
57
00000000
00000000
00020000
00022000
00022000
00001200
00001020
00000000
53
00000000
00000000
00021000
00022200
00021000
00001200
00001020
00000000
88
00000000
00000000
00021000
00022200
00021000
00002100
00001210
00000001
46
00000000
00002000
00022000
00022200
00021000
00011100
00001210
00000001
73
00000000
00002000
00022010
00022200
00021020
00011100
00001210
00000001
34
00000000
00002000
00022010
00122200
00012020
00021100
00201210
00000001
65
00000000
00002000
00022010
00122200
00011120
00021100
00202210
00000201
74
00000000
00002000
02022010
00211110
00021120
00022100
00202210
00000201
58
00000000
00002020
02022020
00211120
00021120
00021100
00201210
00001201
35
00000000
00002020
02022020
00211120
00111120
00011200
00202210
00022201
32
00000000
00102020
02012220
00211220
00111220
00011200
00202210
00022201
51
00001000
00121020
02012220
00211220
00111220
00011200
00202210
00022201
62
00001000
00121120
02011220
00211220
02222220
00011200
00202210
00022201
81
00001201
00122210
02021220
00211220
02222220
00011200
00202210
00022201
33
00201201
00222210
02212220
00211220
02222220
00011200
00202210
00022201
21
01201201
02222210
02212220
00211220
02222220
00011200
00202210
00022201
12
01222201
11112110
01212220
00111220
02212220
00011200
00202210
00022201
47
01222201
11112222
01212220
00111220
02212220
00011200
00211110
00022201
71
01111111
11112122
01211220
00111220
02212220
00011220
00211210
00022201
27
01111111
11112122
01211220
00111220
02212220
00011220
01111222
00022201
24
01111111
11112122
01111220
01112220
02122220
00222220
01121222
00022201
15
01111111
11112122
01111220
01112220
11122220
00222220
22221222
00022201
78
01111111
11112112
01111222
01112220
11112210
00221210
22221112
00022211
18
01111111
11112112
01111222
22222220
12112210
00221210
21221112
10022211
86
01111111
11112112
01111222
22222220
12112222
00221221
21221211
10022211
84
01111111
11112111
22222211
22222221
12112211
00221121
21221211
10022211
16
21111111
22111111
22212211
22122221
11112211
10221121
11221211
10022211
28
21111111
22111111
22212211
22122121
11111211
10211121
11221211
11222211
26
