00000000
00000000
00020000
00022000
00021000
00000000
00000000
00000000
33
00000000
00000000
00120000
00012000
00022000
00002000
00000000
00000000
53
00000000
00002000
00112000
00012000
00022000
00002000
00000000
00000000
46
00000000
00002000
02222000
00012000
00012000
00012000
00000000
00000000
63
00000000
00002000
02222100
00021000
00222000
00012000
00000000
00000000
24
00000000
00002000
02222100
01021000
00222000
02012000
00000000
00000000
51
00001000
00001000
02221100
01022200
00222000
02012000
00000000
00000000
13
00001000
00001020
11111200
01022200
00222000
02012000
00000000
00000000
57
00001000
00001020
11111200
01021200
00221000
02012000
00001200
00000000
81
00001001
02001010
11211100
01021200
00221000
02012000
00001200
00000000
73
00001001
02001010
11211110
01021100
00221000
02222000
00001200
00000000
37
00001001
02001210
11212110
01021100
00221000
02212000
00101200
00000000
16
00001001
02001210
11212120
01021102
00221000
11112000
00101200
00000000
83
00001001
02001210
11212111
01021102
00221000
11212000
00201200
00200000
27
00001001
02001210
11212111
01021202
00211020
11112000
01201200
00200000
42
00001001
02011210
11112111
01021202
00211020
11122000
01202200
00200200
65
00001001
02011210
11112111
01221102
00221120
11122000
01202200
00200200
47
00001201
02012210
11122111
01211102
00211120
11111000
01112200
00200200
31
00101201
01012210
11122111
01212102
00211220
11111020
01112200
00200200
74
00122201
01022210
11122111
01212112
00211120
11111020
01112200
00200200
25
00122201
21022210
12122111
01212112
01111120
11111020
01112200
00200200
86
00122201
21022210
12122111
02212112
02111110
12111021
02112200
02200200
78
00122201
21022210
12122111
02212112
02111110
12111021
02112220
02200210
58
00122201
21022210
12122211
02212122
02222222
12111021
02111220
02201110
32
00122221
21111220
12122221
02212122
02222222
12111021
02111220
02201110
18
00122221
21111220
12122221
02212122
02222222
12111021
22222220
12201110
66
00122221
21111220
22122221
22212122
02221122
12111111
22222120
12201110
87
00122221
21111220
22122221
22212122
22221122
22111111
22222111
12201110
82
02222221
22211111
22122211
22212122
22221122
22111111
22222111
12201110
48
02222221
22211111
22222211
22222122
22222122
22111212
22211122
11111112
11
