00000000
00000000
00000000
00021000
00012000
00000000
00000000
00000000
34
00000000
00000000
00002000
00112000
00012000
00000000
00000000
00000000
65
00000000
00000000
00002000
02222000
00011100
00000000
00000000
00000000
23
00000000
00000000
01002000
02122000
00011200
00000020
00000000
00000000
75
00000000
00000000
01002000
02122000
00021110
00020020
00000000
00000000
37
00000000
20000000
02002000
02222000
00021110
00010020
00100000
00000000
52
00000000
20001000
02001000
02221000
00022222
00010020
00100000
00000000
64
00000000
20001000
02001000
02222220
00021222
00010020
00100000
00000000
43
00000000
20001000
02011000
02212220
00021222
00210020
00100000
00000000
73
00000000
20001000
02011010
02212120
00022222
00222020
00100000
00000000
66
00000000
20021000
02022010
02222220
00021122
00222120
00100000
00000000
84
00000000
20022200
02022010
02222221
00021112
00222120
00100000
00000000
33
00000000
20022200
02122010
02212221
00021212
00222220
00100200
00000000
35
00000000
20022200
02122010
02212221
02222212
00122220
00100200
00000000
15
00000000
20022220
02122020
01212221
11111112
00122220
00100200
00000000
31
00100000
20012220
02121020
01212121
11211112
00222220
00200200
00200000
71
00100010
20012110
22121010
02212111
11211112
00222220
00200200
00200000
51
00101010
22011110
22221010
02222111
11212112
00222220
00200200
00200000
68
00101010
22011112
22221020
02222211
11212112
00222120
00200100
00200100
11
10101010
21011112
22121020
02212211
11211112
00222120
00200200
00202100
63
10101010
21011112
22121120
02211111
12211112
20222120
00200200
00202100
47
10101010
21011112
22121120
22211111
22211112
20211120
00210200
00202100
77
10101010
22222222
22221120
22211111
22211112
20211110
00210210
00202100
27
10101010
22222222
22221120
22211211
22212112
20121110
01210210
02202100
21
11101010
22122222
22211120
22211211
22212112
20121110
01210222
02202100
83
11101010
22122222
22211111
22211211
22212112
20121110
22210222
02202100
61
11101110
22121112
22211111
22211211
22212112
20121110
22210222
02202220
86
11101110
22121112
22211111
22211211
22212111
20122111
22222222
02202220
48
11101110
22121112
22211111
22211211
22212111
22222111
22211222
02212220
88
11101112
22121122
22211211
22212211
22222111
22222111
22211211
02211111
41
11111112
22111122
22211211
22212211
22222111
22222111
22211211
02211111
18
