00000000
00000000
00000000
00222000
00021000
00000000
00000000
00000000
33
00000000
00000000
00100000
00212000
00022000
00002000
00000000
00000000
66
00000000
00200000
00200000
00212000
00021000
00002100
00000000
00000000
35
00000000
00200000
00200000
00212000
00111000
00002220
00000000
00000000
64
00000000
00200000
00202000
00212100
00112000
00002220
00000000
00000000
77
00000000
00200000
00202000
00212200
00111020
00002120
00000010
00000000
73
00000000
00200000
00202010
00212100
00221020
00202120
00000010
00000000
22
00000000
01200000
00102010
00212220
00221020
00202120
00000010
00000000
25
00000000
01200002
00102020
00212220
01111020
00202120
00000010
00000000
27
00000000
01200002
00102020
00212220
02111020
20102120
01000010
00000000
62
00000000
01200102
00101020
00212220
02111020
20202120
01020010
00000000
37
00000000
01200102
00101020
00212220
02111020
20102220
01122010
00000000
67
00000000
01200102
00101020
00212220
02121020
20201220
02111110
20000000
46
00000000
01200102
00101020
00212220
02121020
20212220
02111220
20000020
84
00000000
01202102
00102010
00212111
02122010
20212120
02111220
20000020
31
00100000
01102102
00102010
00222111
02222010
22212120
02111220
20000020
17
00100000
01102102
00101010
00212111
02122010
22222120
12211220
22000020
42
00100000
01111102
00101010
00212111
02122010
22222120
12221220
22200020
65
00100000
01111102
00101210
00212211
02111210
22222220
12221220
22200020
24
00100000
01111102
00101210
01112211
02111220
22222222
12221220
22200020
48
00120000
01112102
00101210
01112211
02111220
22212222
12211220
22210020
51
20111000
02111102
00201210
01122211
02112220
22212222
12211220
22210020
14
20111200
02111202
00201210
11122211
01112220
22112222
12211220
22210020
15
20111200
02111202
02201210
12222211
12122220
12112222
12111220
22210020
12
22222200
12111202
02201210
12222211
12122220
12112222
12111220
22210020
13
22222200
12111202
12201222
11222221
12122220
12112222
12111220
22210020
72
22222200
12111112
12201122
11221222
12112222
12112222
12111220
22210020
43
22222220
12111222
11112122
11121222
11212222
12112222
12111220
22210020
81
22222221
12111212
11112122
11121222
11212222
12112222
12112220
22222020
68
22222221
12111212
11112122
11121122
11212122
12112122
12111120
22222120
87
