00000000
00000000
00020000
00022000
00021000
00000000
00000000
00000000
35
00000000
00000000
00020000
00022000
00112000
00002000
00000000
00000000
42
00000000
00010000
00010000
00012000
02222000
00002000
00000000
00000000
46
00000000
00010000
00010000
00012000
02222000
00222000
00000000
00000000
65
00000000
00010000
00010000
00011020
02222200
00222000
00000000
00000000
66
00020000
00020000
00020000
00021020
02221200
00222100
00000000
00000000
57
00020000
00020000
00020000
00021020
02221200
00221100
00002000
00000200
76
00020000
00020000
00022000
00022020
02222100
00222110
00002000
00000200
47
00020000
00020000
00022000
00022020
02222200
00222110
00022000
00200200
32
00020000
00120000
00012000
00022220
02222100
00222110
00022000
00200200
48
00020000
00120000
00012000
00012220
02212220
00212110
00011000
00210200
52
00020000
00112000
00011200
00012220
02221220
00211110
00011000
00210200
51
00021000
00111000
00011200
00012220
02222220
00221110
00211000
00210200
34
00221000
00121000
00012200
00112220
02212220
00221110
00211000
00210200
14
00221000
00121000
00012200
10112220
01212220
00122222
00211000
00210200
21
01111000
00121000
00222200
10222220
01212220
00122222
00211000
00210200
85
01111000
00121000
00222100
10222210
01211111
00122222
00212000
00222200
27
01111200
00122000
00222100
10222210
01211111
00122222
01112000
00222200
23
01111200
00122000
01111100
10122222
01211122
00122222
01112000
00222200
83
01111200
00122000
01111101
10122212
01211122
00122222
01212000
02222200
26
01111200
00122000
01121101
10212212
02111122
22222222
02212000
02222200
17
01111200
00122002
01121102
10212212
02111122
21222222
11112000
02222200
87
01111200
02222002
01221102
10222212
02112122
21222212
11112001
02222200
13
01111200
01222022
11221202
10222212
02112122
21222212
11112001
02222200
15
01111200
01222022
11221202
10222212
11112122
11222222
11112021
02222200
67
01111200
01222022
11221202
12222212
12212122
12221122
12111111
02222200
71
01111110
01222022
11221222
12222222
12212122
12221122
12111111
02222200
81
21111111
02222011
11221121
12221221
12212121
12221121
12111111
02222200
62
21111111
22222111
12221111
12221221
12212121
12221121
12111111
02222200
18
21111111
22222111
12221111
12221221
12212121
12121221
11111121
12222202
78
