00000000
00000000
00020000
00022000
00021000
00000000
00000000
00000000
53
00000000
00000200
00022000
00021000
00021000
00000000
00000000
00000000
52
00000000
00001200
00022200
00022000
00021000
00000000
00000000
00000000
74
00000000
00001200
00022200
00022210
00021000
00000000
00000000
00000000
34
00000000
00001200
00222200
00111110
00021000
00000000
00000000
00000000
35
00000000
00001200
00222200
00111210
00111020
00000000
00000000
00000000
32
00000000
00101200
00112200
00111222
00111020
00000000
00000000
00000000
72
00000000
00101110
00112220
00111222
00111020
00000000
00000000
00000000
76
00000000
00101110
00112210
00112212
00112010
00002010
00000000
00000000
67
02000000
00201110
00122210
00112212
00112010
00001010
00000100
00000000
31
02100000
00101110
00122210
00112212
00122010
00201010
00000100
00000000
27
02102000
00102210
00122120
00111212
00112010
00101010
01000100
00000000
66
02102020
00102220
00122120
00111212
00111010
00101110
01000100
00000000
61
02102120
00101120
00112220
00112212
00121010
00201110
02000100
20000000
83
02102120
00101110
00111111
00112212
00121010
00202110
02000200
20000020
85
02102120
00101112
00111121
00112211
00121011
00202110
02000200
20000020
81
02102111
00121111
00122121
00122211
00121011
00202110
02000200
20000020
68
02102111
00121111
02222121
00222211
00121011
00202110
02000100
20000120
46
02102111
00121111
02222121
00222211
00221011
02211110
02000100
20000120
16
02222111
00221111
02222121
00222211
00221011
11111110
02000100
20000120
13
02222111
00221111
11111121
00222211
00221011
12111110
22000100
20000120
88
02222111
00221111
11111121
00222211
00222011
12221110
22200100
20000111
65
02222111
00221111
11111121
00221111
00222111
12222110
22202100
20000111
25
02222111
00221111
11121121
00122111
01111211
12222120
22202102
20000111
86
02222111
00221111
11121121
00122121
01112221
12222221
22202221
20000111
58
02222111
00221111
11121121
00121121
01111221
12222211
22222221
20001111
38
02222111
00221111
11121121
00121111
22222221
22121211
21112221
20101111
11
11111111
00221111
11221121
02221111
22222221
22121211
21112221
20101111
14
11111111
00221111
11221121
11111111
21222221
22121211
22212221
22101111
48
11111111
02221111
12221121
12111111
22222211
22121111
22211221
22111111
12
