00000000
00000000
00000000
00222000
00021000
00000000
00000000
00000000
35
00000000
00000000
00000000
00222000
00211000
02000000
00000000
00000000
23
00000000
00000000
01000000
00122000
00222200
02000000
00000000
00000000
56
00000000
00000000
01000000
00122000
00212200
02002000
00002000
00000000
36
00000000
00000000
01000000
00122000
02222200
02102000
00002000
00000000
63
00000000
00000000
01000100
00121000
02212200
02202000
00202000
00000000
76
00000000
00000000
01020100
00221000
02212100
02202010
00202000
00000000
42
00000000
00010000
01012100
00222000
02212100
02202010
00202000
00000000
64
00020000
00020000
01021100
00222100
02212100
02202010
00202000
00000000
58
00020000
00020000
01022220
00221100
02211100
02201010
00201000
00001000
31
00120000
00010000
01021220
00222220
02211100
02201010
00201000
00001000
17
00120000
00010000
01021220
00212220
22111100
02201010
10201000
00001000
75
00120000
00010000
01021220
00212220
22111210
02201210
10201000
00001000
84
00120000
20010000
02021220
00211111
22111210
02201210
10201000
00001000
77
00120000
20010000
02021220
00211111
22121210
02202210
10201210
00001000
83
00120000
20010020
02021211
00212111
22121210
02202210
10201210
00001000
38
00120000
20010020
02021211
00212111
22121210
02202210
12101210
00101000
33
00120000
20010020
02111221
00112121
22121220
02202220
12101220
00101020
82
02220000
20010021
02111211
00112121
22121220
02202220
12101220
00101020
86
02220000
20010021
02111211
00112121
22121222
02202221
12101220
00101020
13
02220000
22010021
11211211
00122121
22122222
02202221
12101220
00101020
71
02220010
22010011
11211211
00122121
22122222
02202221
12222220
00101020
68
02220010
22010011
21211211
20122121
22122122
02202121
12222110
00101120
18
02220010
22010011
21211111
20121121
22122122
02222121
11222110
10101120
28
02220012
22010022
21211212
20122122
22121122
02212121
11122110
11101120
32
02220222
22110022
21111212
20122122
22121122
02212121
11122110
11101120
88
02220222
22110022
22111212
22222122
22221122
02222121
11122110
11101111
62
02222222
22120222
22211122
22222122
22221122
02222121
11122110
11101111
48
02222222
22120222
22211122
22212122
22211122
02212122
11111112
11111111
16
02222222
22122222
22212222
22112122
21211122
11112122
11111112
11111111
11
