00000000
00000000
00000000
00021000
00012000
00000000
00000000
00000000
43
00000000
00000000
00012000
00012000
00012000
00000000
00000000
00000000
64
00000000
00000000
00012020
00011200
00012000
00000000
00000000
00000000
56
00000000
00000000
00012020
00021200
00211000
00001000
00000000
00000000
74
00000000
00000000
00012020
00022110
00212000
00002000
00002000
00000000
63
00000000
00000000
00222220
00021110
00212000
00002000
00002000
00000000
67
00000000
00000000
00222220
00021110
00222000
00021000
00002100
00000000
52
00000000
00001000
00221120
00021110
00222000
00022200
00002100
00000000
23
00000000
00021000
01121120
00021110
00222000
00022200
00002100
00000000
72
00000000
00021010
01121110
00022222
00222000
00022200
00002100
00000000
65
00000000
00021010
01221110
02022122
00222100
00022100
00002100
00000000
26
00000020
00021020
01221120
02012122
00122100
01022100
00002100
00000000
31
00100020
00011020
01221120
02012122
00122200
01022220
00002100
00000000
58
00120020
00022020
01221220
02011122
00121200
01021220
00001100
00001000
25
00120020
00022020
01222220
01011222
01121220
01021220
00001100
00001000
62
00120020
00022120
01221120
01011122
01121120
01022120
00001200
00001020
47
00120020
00022220
01222120
01021122
01211120
02011120
20011200
00001020
61
00120120
00022120
01222120
02021122
22211120
02011120
20011200
00001020
82
00120120
02022111
02222110
02021122
22211120
02011120
20011200
00001020
13
00120120
01022111
11111110
01021122
22111120
02011120
20222200
00001020
28
02220120
02022111
12111110
02021122
22111120
02011120
20122200
01001020
38
02222220
02022211
12111120
02021122
22111120
02011120
20112200
01101020
85
02222220
02022211
12111120
02021122
22112121
02011220
20112220
01101020
87
02222220
02022211
12111120
02021122
22112122
02011222
20111111
01101020
83
02222220
02022211
12111111
02021111
22112121
02222221
20111111
01101020
14
02222220
02222211
12121111
12022111
21112221
02122221
20111111
01101020
11
12222220
01222211
12121111
12022111
21112221
02122221
20111121
01101022
81
11111111
22222211
22121111
22022111
21112221
02122221
20111121
01101022
68
11111111
22222211
22121111
22022111
21122221
02222221
22111111
01101122
34
11111111
22221211
22111111
22111111
21112221
02221221
22222111
01122222
16
