00000000
00000000
00000000
00021000
00012000
00000000
00000000
00000000
34
00000000
00000000
00200000
00121000
00012000
00000000
00000000
00000000
43
00000000
00000000
00210000
00211000
00222000
00000000
00000000
00000000
25
00000000
00000000
00210000
00111000
22222000
00000000
00000000
00000000
66
00000000
00000000
00222000
00121000
22221000
00000100
00000000
00000000
36
00000000
00000000
00222000
00221000
22211000
00200100
00200000
00000000
27
00000000
00000000
00222000
00221000
22211000
00100100
22200000
00000000
23
00000000
00000000
22222000
00121000
22211000
00100100
22200000
00000000
42
00200000
00020000
22212000
00111000
22211000
00100100
22200000
00000000
18
00200000
00020000
22222000
00121000
22221000
00120100
21200000
10000000
28
00200000
00020000
22222000
00121000
22221000
00210100
21200000
11200000
47
00200000
00020000
22222000
00121000
22221000
20210100
22110000
11200000
24
00200000
00020000
22222000
01121000
22122000
20210200
22110020
11200000
51
00201000
00010000
22122000
01121000
22122000
20210200
22120020
11202000
56
00201000
00010000
22122200
01122000
22121000
20211200
22120020
11202000
62
00201000
02010100
22221200
01122000
22122000
20211200
22120020
11202000
52
00201000
02011100
22211200
01122000
22222000
22211200
22120020
11202000
21
01201000
01011100
21211200
22222000
22222000
22211200
22120020
11202000
64
01201000
01011100
21211100
22222220
22221000
22211200
22120020
11202000
88
22201000
02011100
21211100
22222220
22221000
22211100
22120010
11202001
32
22201000
02111100
21111100
22122220
22122200
22112100
22120010
11202001
12
22221000
11122100
11121200
12122220
12122200
12112100
12120010
11202001
76
22221000
11122100
11111200
12121220
12122200
12112210
12120210
11202001
78
22221000
11122220
11111200
12121220
12112200
12111210
12120110
11202011
83
22222200
11122220
11111201
12121210
12112100
12111210
12120110
11202011
71
22222210
11122120
11111201
12121210
12112100
12111222
12120110
11202011
75
22222210
11122120
11111201
12121110
12112110
12111212
12120220
11202211
82
22222210
11122211
11111221
12121220
12112120
12111222
12120220
11202211
87
22222210
11122211
11111221
12121220
12112122
12111222
12120221
11202211
57
22222222
11122221
11111221
12121220
12112122
12111222
12111111
11202211
84
