00000000
00000000
00020000
00022000
00021000
00000000
00000000
00000000
53
00000000
00000000
00021000
00021000
00022000
00000200
00000000
00000000
32
00000000
00100200
00012000
00021000
00022000
00000200
00000000
00000000
46
00000000
00100200
00012000
00021000
00222000
00010200
00000000
00000000
63
00000000
00100220
00011200
00022000
00222000
00010200
00000000
00000000
56
00000000
00100220
00011200
00021000
00221000
00021200
00002000
00000000
34
00000000
00120220
00021200
00121000
00221000
00021200
00002000
00000000
33
00000000
00120220
00111200
00111000
00222200
00021200
00002000
00000000
26
00000000
00122220
00112200
00112000
00122200
01021200
00002000
00000000
82
00000020
00111211
00112200
00112000
00122200
01021200
00002000
00000000
64
00000020
00111211
00112200
00121100
00222200
02021200
20002000
00000000
58
00000022
00111221
00112200
00121100
00222200
02021200
20001000
00001000
37
00000022
00111221
00112200
02221100
00221200
02011200
20101000
00001000
25
00000022
00111221
00112200
02121100
01111200
02011200
20202000
00021000
28
00000022
00111221
00112200
02121100
22222200
02011200
20102000
01021000
13
00000022
00111221
10112200
01121100
22122200
02011200
20102000
01022200
61
00000122
00111122
10112102
01121100
22122200
02011200
20102000
01022200
74
00200122
00121122
10112102
01121110
22122100
02011200
20102000
01022200
76
00200122
00121122
10112102
22221110
22122100
02011110
20102000
01022200
23
00200122
00121122
11112102
22121110
22112100
02011210
20102020
01022200
27
00200122
00221122
11212202
21222110
22222100
01222210
21102020
01022200
16
00200122
20221122
22212202
21222110
21222100
21222210
21102020
01022200
73
00200122
20221122
22211112
21222110
21222100
21222210
22202020
01222200
47
00200122
20221122
22211112
21212110
21222100
21112210
22212220
01222200
78
00202222
20222122
22212112
21212110
21222100
21112210
22212210
01111110
18
00202222
20222122
22212112
21212110
21222200
21112220
21212222
11111110
88
00202222
20222122
22212122
21212220
21221220
21112220
21212212
11111111
11
10202222
10222122
12212122
11212220
11221220
11112220
11212212
11111111
21
11202222
12222122
12212122
11212220
11221220
11112220
11212212
11111111
86
11202222
12222122
12212122
11212220
11221222
11111121
11212211
11111111
84
11202222
12222122
12212112
11211111
11221211
11111121
11212211
11111111
41
