00000000
00000000
00000000
00021000
00012000
00000000
00000000
00000000
34
00000000
00000000
00002000
00112000
00012000
00000000
00000000
00000000
66
00000000
00000000
00002000
00122000
00211000
00000100
00000000
00000000
36
00000000
00000000
00002000
00122000
00121000
00120100
00000000
00000000
37
00000000
00000000
00002000
00122000
00122200
00110100
00100000
00000000
64
00000000
00000000
00002000
00111100
00121100
00210100
02100000
00000000
18
00000000
00000000
00002000
00121100
00211100
02110100
01100000
10000000
24
00000000
00000000
00002000
01121100
00111100
02110100
02100000
12000000
16
00000000
00000000
00002020
01121200
00112100
11120100
02200000
12000000
47
00000000
00000000
00002020
01121200
00112200
11110200
02210200
12000000
38
00000000
00000000
00002020
01121200
00122200
11120200
01120200
11120000
75
00000000
00000000
00002020
01121200
02111110
11220200
01120200
11120000
77
00000000
00000000
00202020
01221200
02211110
11220100
01120210
11120000
52
00000000
00001000
00201020
01221200
02221110
11222100
01120210
11120000
57
00000000
00001000
00201020
01221202
02121120
11211200
01112110
11120000
15
00000000
00001000
20201020
02221202
11221120
11221200
01112110
11120000
76
00000000
00001000
20201020
22221202
12221120
11221110
01112110
11120000
85
00000000
00001000
20201020
22221202
12221111
11221110
01112222
11120000
82
00002000
00002001
20202010
22222102
12222111
11222110
01112222
11120000
22
20002000
02002001
20202010
22222102
12222111
11222210
01112222
11120000
58
20002000
02002001
20202010
22222102
22222111
22222210
22222122
11111000
12
20002000
12002001
10202010
12222102
12222111
12222210
12222222
11111200
31
20102000
11002001
10202010
12222222
12222221
12222220
12222222
11111200
63
20102000
11002001
10202110
12221212
12212222
12122222
11222222
11111200
78
20102000
11002001
10202110
12221212
12212212
12121212
11222122
11111112
62
20102000
11002101
10221110
12222212
12122212
11121212
11222122
11111112
61
20102100
11001121
10211220
12122222
11122222
11121222
11222122
11111112
42
20102100
11011121
12222220
11222222
11122222
11121222
11222122
11111112
41
20111120
11011221
12222220
11222222
11122222
11121222
11222122
11111112
83
20111122
11222222
11221212
11222212
11122122
11121222
11222122
11111112
21
