00000000
00000000
00000000
00021000
00012000
00000000
00000000
00000000
43
00000000
00000000
00010000
00011000
00222000
00000000
00000000
00000000
46
00000000
00000000
00210000
00021000
00212000
00010000
00000000
00000000
24
00000000
00000000
00210000
01021000
02222000
00010000
00000000
00000000
36
00000000
00000000
02210000
02021000
02212000
00110000
00000000
00000000
64
00000000
00000000
02222000
02021100
02211000
00110000
00000000
00000000
22
00000000
01000000
02122000
02012100
02212000
00112000
00000000
00000000
15
00000000
01000000
02122000
01022100
11122000
00122000
00020000
00000000
62
00000000
01000100
02121000
01012100
11122000
00222000
02020000
00000000
42
00000000
01210100
02121000
01012100
11122000
00222000
02020000
00000000
65
00000000
01210100
02121000
02012100
12111100
02222000
02020000
00000000
31
00100000
01112100
02122000
02012100
12111100
02222000
02020000
00000000
14
02100000
02212100
02122000
12012100
12111100
02222000
02020000
00000000
11
11100020
01212200
02122000
12012100
12111100
02222000
02020000
00000000
48
11100020
01212200
02222000
12222100
12221100
02212000
02010000
00010000
72
11100020
01211120
02222020
12222100
12221100
02212000
02010000
00010000
41
11110020
01111120
01222020
12222200
12222100
02222000
02210000
00010000
63
11112020
01122220
01212120
12222100
12222100
02222000
02210000
00010000
28
11112020
01122220
01212120
11222100
11221100
01212000
02110000
21010000
17
11112020
01122220
01212120
11222100
11221100
01212000
11220000
22210000
82
11112022
01111121
01212210
11222100
11221100
01212000
11220000
22210000
57
11112022
22222221
02212210
11222100
11221100
01211000
11111000
22210000
61
11111122
22221121
02212110
11222200
11222220
01211000
11111000
22210000
74
11111122
22221121
02212110
11111110
11222120
01221000
11112000
22210200
58
11111122
22221122
02212222
11111120
11222220
01222000
11121000
22211200
13
11111122
11221122
11112222
11111120
11222220
22222000
22121000
22211200
66
11111122
11221122
11112222
11111220
11221220
22222200
22122200
22211200
77
11111122
11221122
11112222
11111220
11221220
22222102
22111120
22211200
78
11111122
11221122
11112222
11111220
11221220
22222222
22111120
22211110
88
11111122
11221122
11112222
11111220
11221220
22222122
22222222
22211111
85
