00000000
00000000
00000000
00012000
00022000
00002000
00000000
00000000
46
00000000
00000000
00000000
00012000
00222000
00012000
00000000
00000000
66
00000000
00000000
00000000
00012000
00222000
00022100
00002000
00000000
48
00000000
00000000
00002000
00022000
00222000
00022100
00001000
00010000
36
00000000
00000000
00002000
00022000
00222000
00112100
00001200
00010000
63
00000000
00000000
00002100
00021000
00212000
00112200
00001220
00010000
78
00000000
00000000
00002100
00021000
00212000
00121200
00002220
00010210
43
00000000
00000000
00011100
00211000
00222000
00122200
00002220
00010210
47
00000000
00000000
00011100
00211000
00212000
00112200
00012220
00010222
65
00000000
00000000
00011100
00211000
00211100
00211200
00222220
00010222
75
00000000
00020000
00021100
00221000
00221110
00221100
00221220
00010222
41
00010000
00010000
00211100
00221000
00212110
00211200
00211220
00010222
26
00010000
00012000
00222100
00212000
00112110
01111200
00111220
00010222
32
00210000
00122000
00112100
00111000
00112110
01111200
00111220
00010222
76
00210000
00122000
00112100
00111000
00112110
01121110
00211220
02010222
62
00210000
02111100
00211100
00121000
00112110
01121110
00211220
02010222
12
00210000
11111100
00211100
00121000
00112110
01122110
00212220
02012222
27
00210000
11111100
00211100
00121000
02222110
02222110
02122220
02012222
18
00210020
11111200
00212100
00121000
02212110
02122110
01122220
12012222
23
00210020
11111200
01112100
00121000
02212110
02122110
22222220
12012222
61
00210120
11111100
01112100
00122200
02212210
02122210
22222220
12012222
81
00210111
11111100
01112100
00122220
02212220
02122220
22222220
12012222
14
20210111
12111100
01212100
10122220
01212220
02122220
22222220
12012222
86
20222111
12122100
01212100
10122120
01212210
02111111
22222220
12012222
21
21111111
11122100
01212100
10122120
01212222
02111121
22222220
12012222
15
21111111
11122100
01212100
12222120
12212222
02111121
22122220
12012222
87
21111111
21122100
22212100
12221120
12212122
02111111
22111111
12012222
83
21111111
21122100
22212101
22221110
22212122
22111111
22111111
12012222
84
21111111
21122220
22212201
22222111
22222111
22211111
22111111
12012222
38
21111111
21122220
22212221
22222221
22222121
22211121
22111121
11112222
82
