00000000
00000000
00000000
00021000
00012000
00000000
00000000
00000000
65
00000000
00000000
00000000
00021000
00012100
00000200
00000000
00000000
34
00000000
00000000
00002000
00112000
00012100
00000200
00000000
00000000
77
00000000
00000000
00002000
00112000
00011200
00000120
00000010
00000000
62
00000000
00000100
00001000
00112000
00222200
00000120
00000010
00000000
36
00000000
00000100
00001000
00112000
00122200
00100220
00000210
00000000
46
00000000
00000100
00001000
00112000
00112200
00110220
00000220
00000002
63
00000000
00000100
00001100
00111000
02222200
00110220
00000220
00000002
14
00000000
00000120
00001200
10112000
01222200
00110220
00000220
00000002
81
00000001
00002110
00002100
10112000
01212200
00110220
00000220
00000002
24
00000001
00002110
00002100
11122000
01212200
02110220
00000220
00000002
41
00010001
00001110
00002220
11122000
01212200
02110220
00000220
00000002
56
00010001
00001110
00022220
11122000
01211200
02111220
00000220
00000002
64
00010001
00001110
00022120
11112100
01212200
02122220
00002220
00000002
82
00010001
00001111
00022110
11112100
01212200
02222220
00202220
00000002
17
00010001
00001111
00022110
11112200
01112220
01222220
10202220
00000002
58
00010001
00021111
00022110
11111200
01111220
01221220
10201220
00001002
27
00010001
00021111
20022110
12111200
01211220
01121220
11201220
00001002
74
00012001
00022111
20022110
12111110
01211120
01121220
11201220
00001002
84
00012001
00022111
20022110
12111111
01211110
01121120
11202220
00001202
47
00012001
00022111
20022110
12111211
01211120
01111122
11112220
00001202
33
00012021
00022221
20112120
12121221
01211120
01111122
11112220
00001202
15
00012021
00022221
20112120
11121221
11212120
01121122
11212220
02001202
78
00012021
00022221
20122120
21221221
22212120
22221122
11212120
02001112
12
00012021
12022221
10222120
11221221
12212120
12221122
11212120
02001112
61
00011111
12021121
10212120
11121221
11212120
12221122
11222120
02022222
38
00011111
12021121
12212120
12221221
12122120
12122122
11112220
02122222
32
20011111
12111121
11212120
12121221
12122120
12122122
11112220
02122222
21
22211111
11221121
11212120
12121221
12122120
12122122
11112220
02122222
18
22211111
11221121
11212120
12121221
12122120
12122122
11112220
11122222
83
22211111
11221111
11212111
12121211
12122120
12122122
11112220
11122222
85
22211111
11221111
11212111
12121211
12122111
12122122
11112220
11122222
87
