00000000
00000000
00020000
00022000
00021000
00000000
00000000
00000000
35
00000000
00000000
00020000
00022000
00211000
02000000
00000000
00000000
63
00000000
00000000
00020100
00021000
00221000
02020000
00000000
00000000
37
00000000
00000000
00020100
00021000
00222000
02010200
00100000
00000000
15
00000000
00000000
00020100
00022000
10222200
01010200
00100000
00000000
53
00000000
00000000
00021100
00012000
10122200
01020200
00120000
00000000
57
00000000
00000000
00021100
00012000
12222200
01010200
00111000
00000000
33
00000000
00000000
00111100
00012000
12222200
01020200
00122000
00020000
36
00000000
02000000
00211100
00021000
12212200
01120200
00122000
00020000
67
00000000
02000000
00211100
00021000
12212200
02120200
02111100
00020000
18
00000000
02000000
00222220
00021000
12212200
02120200
01111100
10020000
64
00000000
02000000
00222220
00021200
12212100
02120100
02211100
12020000
34
00000000
02000000
00222220
00112200
12112200
02120120
02211100
12020000
75
00000000
02000000
00222220
02222200
12211110
02120120
02211100
12020000
32
00000000
02100000
02222220
02121200
12111110
02120120
02211100
12020000
87
00020000
02200000
02222220
02121200
12111110
02120110
02211101
12020000
56
00020000
02200000
02222220
02121200
12211210
02121210
02212201
12020200
52
00022000
02202000
02212220
02122200
12212210
02122210
02212201
12020200
61
00022100
02201000
02212220
02122200
12212220
02122222
02212201
12020200
42
00022100
02211000
02112220
01122200
12212220
02122222
02212202
12020202
14
00022100
02211000
22112220
12122200
11212220
02122222
02212202
12020202
31
00111100
02111000
22112220
12122200
11212220
02122222
02222202
12220202
77
00111100
02222200
22112220
12112200
11211220
02122122
02222212
12220202
11
10111100
01222200
22122220
22212200
22211220
22122122
02222212
12220202
12
12111100
12222200
22122220
22112200
22211220
22122122
02222212
12220202
58
12111100
12222200
22122220
22112200
22211220
22121122
02211222
11111222
84
12111100
12222220
22122210
22112201
22211210
22121122
02211222
11111222
74
12222220
12221220
22122110
22111111
22211110
22121122
02211222
11111222
85
12222220
12221220
22122222
22111112
22211112
22121112
02211122
11111222
82
12222222
12221122
22122212
22111112
22211112
22121112
02211122
11111222
17
