00000000
00000000
00020000
00022000
00021000
00000000
00000000
00000000
35
00000000
00000000
00020000
00022000
00211000
02000000
00000000
00000000
33
00000000
00000000
00120000
00012000
00221000
02200000
00000000
00000000
64
00000000
00000000
02220000
00011100
00221000
02200000
00000000
00000000
42
00000000
00010000
02210000
00021100
00222000
02200200
00000000
00000000
34
00002000
00020000
02210000
00111100
00222000
02200200
00000000
00000000
27
00002000
00020000
02210020
00111200
00212000
02100200
01000000
00000000
74
00002000
00020000
02210020
00211110
00222000
02102200
01000000
00000000
16
00002000
00020000
02222020
00222110
00222000
11102200
01000000
00000000
82
00002000
00020001
02222010
00222110
00222000
11202200
01200000
00000000
48
00002000
00020001
02222010
00222110
00222000
11202200
01200000
00210000
47
00002000
00020001
02222010
00222222
00222000
11202200
01110000
00210000
25
00002000
00020001
02222010
00222222
01222000
12102200
21110000
00210000
32
00002000
00120001
02122010
00122222
01122000
12102200
21110000
00222000
63
00002000
00120001
02111110
00121222
01112000
12102200
22110000
02222000
18
00002000
00120001
02211110
02221222
02112000
12102200
11110000
12222000
31
00102000
00110001
02211110
02221222
02222000
12222200
11220000
12222000
68
00102000
00110021
02211220
02222222
02222000
12222200
11220000
11111100
57
00102000
00110021
02211220
02221222
02221000
12222200
11111200
11111100
81
00102001
00110211
02212220
02221222
02221000
12222200
11111200
11111100
75
00102001
00110211
02211210
02221112
02222010
12222200
11111220
11111100
71
00122011
00220111
02221210
02221112
02222010
12222200
11111220
11111100
61
00111111
00220111
02222210
02221212
02222020
12222202
11111220
11111100
87
00111111
00220111
02222210
02222212
02222220
12222202
11111111
11111100
12
00111111
10220111
01222210
02122212
02212220
12221202
11111122
11111102
14
00111111
10220111
22222210
12122212
01212220
12121202
11111122
11111102
76
00111111
10220111
22222210
12222212
01222210
12122112
11111222
11111122
15
00111111
10210111
22122210
11222222
11222222
11122122
11111222
11111122
83
00111111
12210111
22222211
11222212
11222122
11121122
11111222
11111122
21
21111111
22110111
21212211
11221212
11222122
11121122
11111222
11111122
52
