00000000
00000000
00000000
00012000
00022000
00002000
00000000
00000000
46
00000000
00000000
00200000
00022000
00012000
00012000
00000000
00000000
43
00000000
00000000
00210000
00012000
00012000
00022000
00200000
00000000
67
00000000
00000000
00210000
00012000
00012000
00022000
00202100
00000000
65
00000000
00000000
00210000
00021000
00012100
00022200
00202100
00000000
23
00000000
00000000
01110000
00021000
00012100
00022200
00202200
00000020
68
00000000
02000000
01210000
00021000
00012100
00022100
00202100
00000120
47
00000000
02000000
01210000
00022200
00012100
00011100
00211100
00000120
73
00000000
02200000
01220010
00022100
00011100
00011100
00211100
00000120
88
00000000
02200000
02220010
02022100
00011100
00011100
00211100
00000111
21
01200000
02200000
02210010
02021100
00011100
00011100
00211100
00000111
27
01200000
02200000
02210010
02021100
00021100
00021100
01121100
00020111
25
01200000
01200000
01222010
01021100
01021100
00021100
01121100
00020111
35
01200000
01200000
01222010
01021100
01111100
00011100
22221100
00020111
38
01200000
22200000
01222010
01021100
01111100
00011100
22211100
00120111
11
11200000
21200000
01122010
01011100
01111100
00011100
22222220
00120111
86
11200000
21200000
01122210
01011200
01111200
00011201
22222210
00120111
52
11200000
21201000
01121210
01011200
22222200
00011201
22222210
00120111
41
11110000
21101000
01121210
01011200
22222200
00011201
22222210
02220111
34
11110000
21101000
22222210
02111200
22212200
00011201
22222210
02220111
62
11110000
21101100
22221110
02111100
22212220
00011201
22222110
02220111
36
11110000
21101100
22221110
02111100
22112220
02222201
22222110
02220111
14
11110200
11102200
11221210
11111200
22112220
02222201
22222110
02220111
16
11110200
11102200
11221220
11111202
11112220
12222201
22222110
02220111
76
11110200
11102200
11221220
11111222
11112220
11112111
22222110
02220111
71
11110222
11102100
11221220
11111222
11112220
11112111
22222110
02220111
58
11110222
11122100
11222220
11111222
11111220
11111111
22211110
02221111
85
11110222
11121100
11222120
11112212
11111212
11111122
22222222
02221111
51
11111222
11111100
11122122
11112222
11111212
11111122
22222222
02221111
72
11111222
11111112
11122122
11112212
11111212
11111122
22222222
02221111
18
