00000000
00000000
00000000
00222000
00021000
00000000
00000000
00000000
53
00000000
00000000
00001000
00221000
00022200
00000000
00000000
00000000
56
00000000
00000000
00001000
00221000
00021200
00002000
00000200
00000000
76
00000000
00000000
00001000
00221000
00021102
00002020
00000200
00000000
36
00000000
00000000
00001000
00221020
00011202
00102020
00000200
00000000
78
00000000
00000000
00001000
00221020
00222202
00101020
00000100
00000010
87
00000000
00000000
00001000
00221020
00222102
00201010
02000101
00000010
25
00000000
00000000
00001000
20221020
02111102
00201010
02000101
00000010
37
00000000
00000000
00001000
20221020
02211102
00201010
02200101
00200010
43
00000000
00000200
00012000
20221020
02211102
00201010
02200101
00200010
24
00000000
00000200
00222000
21211020
02211102
00201010
02200101
00200010
52
00000200
00002200
00221000
21211020
02211102
00201010
02200101
00200010
46
00000200
00002200
00221000
21211020
02222222
00211010
02200101
00200010
26
00000200
00002200
00221000
22211020
22222222
02111010
02200101
00200010
83
00000200
00002200
00221001
22211010
22222122
02111020
02200201
00202010
66
00000200
00002200
00221001
22222210
22222222
02121220
02200201
00202010
63
00000200
00002200
00221101
22221210
22212222
02222220
02220201
00202010
18
00000200
00022200
00222101
22221210
22212222
02122220
01220201
10202010
68
00000200
00022200
00222101
22221110
22212122
02122220
01220121
10202110
57
00000200
00022200
00222221
22221220
22212122
02121220
01111121
10202110
16
00000200
00022200
00222221
22221220
22212122
12121220
01222121
10222110
86
00000200
00022200
00222221
22221220
22212122
12121111
02222111
12222110
13
00000200
00022200
12222221
12221220
12112122
12111111
02221111
12222110
12
00000200
12022200
12222221
12121220
12112122
12111111
02221111
12222110
72
00000200
12022210
12222121
12121222
12112122
12111211
02222111
12222110
17
00000200
12022222
12222122
12121222
12112122
11111211
11111111
12222110
31
00102200
11022222
12221122
12121122
12112112
11111211
11111111
12222110
32
00102200
11122222
11111122
12121122
12112112
11111212
11111122
12222222
71
00102222
11122112
11111112
12121112
12112112
11111212
11111122
12222222
41
20112222
12111112
11211112
12121112
12112112
11111212
11111122
12222222
21
