00000000
00000000
00000000
00021000
00012000
00000000
00000000
00000000
43
00000000
00000000
00010000
00011000
00222000
00000000
00000000
00000000
66
00000000
00020000
00020000
00021000
00221000
00000100
00000000
00000000
36
00000000
00020000
00020000
00021000
00211000
00200100
00200000
00000000
32
00000000
00120000
00010000
00021000
00212000
00200200
00200020
00000000
65
00000000
00120000
00010200
00022000
00221100
00200200
00200020
00000000
41
00010000
00110000
00010200
00022000
00222220
00200200
00200020
00000000
76
00010000
00110000
00012200
00022000
00222120
00200210
00200020
00000000
73
00010000
00110000
00011110
00022000
00222120
00200222
00200020
00000000
26
00010000
00110000
00011110
00222000
00222120
01200222
00200020
00000000
48
00010000
00110000
00011110
00222000
00222120
02200222
20100020
00010000
25
00010000
00110000
00011110
00122000
01111120
02200222
20200020
00210000
88
00010000
00110000
00011110
20122000
02111120
02200122
20200010
00210001
74
00010000
00110000
00011110
20122010
02222222
02200112
20200010
00210001
84
00010000
00110000
00011110
20122011
02222212
02200112
20200010
00222001
33
00010000
00110000
00111110
20112011
02221212
02200222
20200210
00222001
46
00010000
00110000
00111110
20112011
02211212
02210222
20200220
00222201
78
02010000
00210000
00121110
20112011
02211212
02210212
20200210
00222211
87
02010000
00210000
02221110
20112011
02211211
02210211
20200211
00222211
56
02010000
00210000
02221110
20112011
02212111
02222111
20202111
00222211
64
02010000
00210002
02221120
20111211
02212111
02222111
20202111
00222211
13
02010000
00210202
11112220
20121211
02212111
02222111
20202111
00222211
15
02010000
00222202
11112220
10121211
11112111
02222111
20202111
00222211
31
02222000
00112202
11111220
10121111
11112111
02222111
20202111
00222211
28
02222000
00112202
11111220
10121111
11121111
02222111
20122111
01111111
71
02222010
02222102
11211220
10121111
11121111
02222111
20122111
01111111
83
02222010
02222222
11211211
10122111
11121111
02222111
20122111
01111111
61
02222110
22221112
12211111
10222111
11121111
02222111
20122111
01111111
27
02222110
22221112
22211111
20221111
22111111
22222111
21122111
01111111
81
02222111
22221111
22211111
22221111
22211111
22222111
21122111
01111111
11
