00000000
00000000
00000000
00021000
00012000
00000000
00000000
00000000
34
00000000
00000000
00002000
00112000
00012000
00000000
00000000
00000000
62
00000000
00000100
00001000
00112000
00222000
00000000
00000000
00000000
64
00000020
00000200
00002000
00121100
00222000
00000000
00000000
00000000
36
00000020
00000200
00002020
00121200
00112000
00100000
00000000
00000000
43
00000020
00000200
00012020
00121200
00212000
02100000
00000000
00000000
63
00000020
00002200
00012120
00122200
00212000
02100000
00000000
00000000
74
00000020
00002200
00012120
00111220
00212020
02100000
00000000
00000000
65
00000020
00002200
00012120
00111120
00211120
02200000
00200000
00000000
51
00001020
00001200
00011120
00111220
00212120
02220000
00200000
00000000
72
00001020
00001110
00011120
00111220
00212220
02222000
00200000
00000000
25
00001020
00001110
02011120
00211220
01122220
02222000
00200000
00000000
38
00001020
00001110
02011120
00211220
01122220
02222000
02100000
00100000
15
00021020
00002110
02011220
00211220
11122220
01222000
02100000
00100000
31
00111020
00002222
02011220
00211220
11122220
01222000
02100000
00100000
16
00111020
00002222
02011220
20211220
12122220
11222000
01100000
00100000
47
00111020
00002222
02012220
20221220
22212220
22212000
21110000
00100000
67
00111020
00002222
02012220
20221220
22212220
22222200
21110100
00100000
81
00111021
00002212
02012120
20221220
22212220
22222200
21110200
00100200
83
00111021
00002211
02012121
20221222
22212120
22221200
21110200
00100200
61
00111111
00001111
02012121
20221222
22212120
22221200
21220200
00120200
58
00111111
00001111
02222121
20221222
22212120
22221200
21220200
00111200
85
00111111
00001111
02222121
20222221
22212221
22221220
21220200
00111200
77
00111111
00001111
02222111
20222211
22212221
22221222
21220220
00111200
87
00111111
00001111
02222111
20222211
22212221
22222221
21222221
00111200
78
00111111
00001111
02222111
20222211
22212211
22221211
21222121
00111112
32
00111111
00121111
02122111
20121211
22112111
22121211
21122121
00111112
13
00111111
00121111
11122111
20121211
22112111
22121211
22222121
02222222
18
00111111
20121111
12122111
10221211
12122111
12122211
11222221
12222222
11
12111111
10221111
12122111
10221211
12122111
12122211
11222221
12222222
24
