00000000
00000000
00000000
00222000
00021000
00000000
00000000
00000000
35
00000000
00000000
00000000
00222000
00221000
00200000
00000000
00000000
53
00000000
00000000
00001000
00222200
00221000
00200000
00000000
00000000
26
00000000
00000000
00001000
00212200
00122200
01200000
00000000
00000000
33
00000000
00002000
00102000
00112200
00122200
01200000
00000000
00000000
46
00000000
00002000
00102000
02222200
00112200
01110000
00000000
00000000
63
00000000
00002000
00102100
02221200
00122200
01112000
00000000
00000000
41
00010000
00001000
00102100
02221200
00222200
01122000
00002000
00000000
14
00010000
00001000
00102220
11111200
00222200
01122000
00002000
00000000
76
00010000
00201000
00202220
11211200
00222100
01122010
00002000
00000000
62
00010000
00201120
00201220
11212100
00222100
01122010
00002000
00000000
81
00012001
00202210
00202120
11212100
00212100
01122010
00002000
00000000
25
00012001
00202210
00222120
11222100
01122100
01122010
00002000
00000000
82
00012001
00202211
00222110
11222100
01122200
01122020
00002002
00000000
42
00012001
00211111
00121110
11222220
01122200
01122020
00002002
00000000
61
00011101
00211111
00122222
11222220
01122200
01122020
00002002
00000000
68
00011101
00211111
00122222
11222220
01222200
01222020
00201002
00000100
85
00011101
02211111
00222122
11222210
01222201
01222020
00201002
00000100
67
00011101
02211111
00222122
11222222
01222201
01222010
00201102
00000100
28
00011101
02211111
00222112
11222122
01221202
01212012
00101102
01000100
47
00011101
02211111
00222112
11222122
01221202
01212012
02111102
01000100
88
00011101
02211111
02222111
12222121
02221201
02212011
02111101
01000101
75
00011101
02211111
02222111
12222111
02221111
02212011
02222221
01000101
13
00011101
22211111
12111111
11222111
02121111
02212011
02222221
01000101
78
00011101
22211111
22111111
21222111
22121111
02212011
02222211
01000111
16
00011121
22211211
22112111
21122111
21121111
11112011
02222211
01000111
48
00011121
22211211
22112211
21122211
21122211
11112211
02112211
01010111
58
00222221
22221211
22112211
21121211
21121211
11111211
02111111
01011111
11
12222221
12221211
12112211
11121211
11121211
11111211
02111111
01011111
17
