00000000
00000000
00000000
00021000
00012000
00000000
00000000
00000000
56
00000000
00000000
00000000
00021000
00021000
00021000
00000000
00000000
33
00000000
00000000
00100000
00011000
00022200
00021000
00000000
00000000
36
00000000
00000000
00100000
00011000
00222200
00111000
00000000
00000000
76
00000000
00000000
00100000
00011000
00222100
00121010
00020000
00000000
58
00000000
00000000
00100000
00011000
00222100
00221010
00210000
00001000
25
00000000
00000000
00100000
00211000
01211100
00221010
00210000
00001000
28
00000000
00000000
00100000
00211000
01211100
00222210
00110000
01001000
26
00000000
00000000
00100000
00222200
01111100
01111110
00110000
01001000
23
00000000
00000000
01100000
00122200
01121100
01211110
02110000
01001000
17
00000000
00000000
01100000
00122200
01121100
01211110
12110000
21001000
43
00000000
00000000
01110000
00111200
01111100
22211110
22110000
21001000
15
00000000
00002000
01120000
00211200
12111100
21211110
22110000
21001000
14
00000000
00002000
01120200
10212200
11121100
21211110
22110000
21001000
24
00000000
00202000
01220200
11212200
11221100
21211110
22110000
21001000
53
00000000
00202000
01111200
11211200
11221100
21222222
22110000
21001000
61
00000100
00201000
01111200
11211200
11221100
21222222
22220000
22201000
62
00000100
20201100
02111100
11211100
11221100
21222222
22220000
22201000
13
00000100
20201100
11111120
11211200
11222100
21222222
22220000
22201000
57
00000120
20201200
11112120
11221200
11221100
22211222
22221000
22201000
87
00000120
22201200
12212120
12221200
12221100
22211212
22221001
22201000
85
00000120
22201200
12212120
12221200
12221101
22221211
22222001
22201200
11
12000120
12201200
12112120
12211200
12221101
22221211
22222001
22201200
67
12000120
12201200
12112120
12211200
12222221
22221211
22222101
22201200
31
11100120
11101200
12112120
12211200
12222221
22221221
22222221
22201200
81
11100111
11101200
12112120
12211200
12222221
22221221
22222221
22222200
72
11120111
11201110
12112120
12211200
12222221
22221221
22222221
22222200
42
11120111
11112110
12111220
12222220
12222221
22221221
22222221
22222200
84
11120111
11112110
12111222
11111121
12222221
22221221
22222221
22222200
82
11120111
11112111
12111211
11111121
12222221
22221221
22222221
22222200
78
11120111
11112111
12111211
11111111
12222211
22221211
22222121
22222222
51
