00000000
00000000
00000000
00021000
00012000
00000000
00000000
00000000
65
00000000
00000000
00000000
00021000
00021100
00020000
00000000
00000000
36
00000000
00000000
00000000
00021000
00011100
02220000
00000000
00000000
33
00000000
00000000
00120000
00021000
00021100
02220000
00000000
00000000
35
00000000
00000000
00120000
00021000
00112100
02220200
00000000
00000000
34
00000000
00000000
00122000
00122000
00212100
02220200
00000000
00000000
77
00000000
00000000
00122000
00112000
00222220
02220100
00000010
00000000
42
00020000
00020000
00122000
00122000
00222220
02220100
00000010
00000000
64
00020000
00020000
00122000
00211100
02222120
02220100
00000010
00000000
27
00020000
00020000
00122000
00212100
02212220
02120120
01000010
00000000
85
00020000
00020000
00122000
00212200
02211121
02120122
01000010
00000000
62
00020000
00020100
00122200
00212200
02211121
02120122
01000010
00000000
37
00020000
00020100
00122200
00212200
02211221
02110222
01100210
00000000
73
00020000
00020100
00111110
00212102
02211222
02110222
01100210
00000000
15
00020000
00020100
00111110
00212102
12111222
21110222
01100210
00000000
68
00022000
00020200
00111120
00212102
12111122
21110122
01100110
00000100
31
00122000
00010200
02222220
00212102
12111122
21110122
01100110
00000100
82
00122000
00010201
02222210
00212102
12111122
21110222
01102110
00000100
61
00111100
00010101
02222110
00212102
12111122
21110222
01102222
00000100
22
00111100
01010101
02122110
00212102
12121122
21210222
02102222
20000100
24
00111120
01010201
01122110
01112102
11121122
21210222
02102222
20000100
28
00111120
01010201
01122110
22222102
22121122
21210222
01102222
21000100
56
00111120
01010201
01122222
22122102
22111122
21211222
01102222
21000100
58
00111120
01210201
02222222
22222102
22211122
21211222
01101222
21001100
12
00111120
11222201
01222222
22122102
22211122
21211222
01101222
21001100
78
00111120
11222201
01222222
22122102
22211122
22211222
21101122
21001110
88
00111120
11222201
01222221
22122221
22211121
22211121
21101111
21001111
81
20111111
12222201
01222221
22122221
22211121
22211121
21101111
21001111
72
20111111
11111111
01222111
22121211
22211111
22211111
22201111
22201111
13
20111111
11111111
11222111
21121211
22121111
22221111
22221111
22201111
48
