00000000
00000000
00000000
00021000
00012000
00000000
00000000
00000000
43
00000000
00000000
00012000
00012000
00012000
00000000
00000000
00000000
63
00000000
00000000
00011100
00011000
00222000
00000000
00000000
00000000
66
00000000
00000000
00011100
00011000
00222200
00000100
00000000
00000000
36
00000000
00000000
00011100
00011000
00212200
00200100
00200000
00000000
56
00000000
00200000
00021100
00012000
00211200
00201100
00200000
00000000
25
00000000
00200000
00022220
00012000
01111200
00201100
00200000
00000000
64
00000000
00200000
00022220
20011100
02111100
00201100
00200000
00000000
62
00000000
00200120
00021220
20012100
02121100
00201100
00200000
00000000
15
00000000
00202220
00022220
20012100
11121100
00201100
00200000
00000000
82
00000000
00202221
00022210
20012200
11122220
00201100
00200000
00000000
71
00000012
00202121
00021210
20012200
11122220
00201100
00200000
00000000
47
00000012
00202121
00021210
20012200
11122220
00102200
00210200
00000000
57
00000012
00202121
00021220
20011220
11121220
00101200
00211200
00000000
51
00001012
00201121
00021220
20222220
11221220
00201200
00211200
00000000
23
00001012
00201122
01021222
20122220
11211220
00201200
00211200
00000000
26
00001012
00201122
01221222
20222220
11212220
01201200
00211200
00000000
78
00001012
00201122
01221222
20222220
11222220
01222200
00211100
00000010
48
00001012
00201122
01221222
20222220
11222220
02222200
20111100
00010010
27
00001012
00201122
01221222
20222220
22222220
22222200
21111100
00010010
42
00001012
00211122
01211222
20212220
22212220
22212200
22222220
00010010
22
00201012
01221122
01212222
20212220
22212220
22212200
22222220
00010010
84
00201012
01221122
01212212
20211122
22212222
22212100
22221220
00010010
41
00211012
01111122
01212212
20211122
22212222
22222100
22222220
00010210
58
02211012
01211122
01222212
20212122
22211222
22221100
22221220
00011110
24
02211012
02211122
22222212
21112122
22111222
22211100
22221220
00011110
18
02211012
02211122
22222212
21112122
22111222
22111100
22221220
10211110
88
02211012
02211122
22222212
21112122
22111222
22111100
22221222
10211111
76
02222222
02212222
22222212
21112112
22111212
22111110
22221112
10211111
86
02222222
02212222
22222212
21112112
22111212
22111111
22221111
10211111
28
02222222
02212222
22222212
21112112
21111212
21111111
21121111
11111111
11
