00000000
00000000
00020000
00022000
00021000
00000000
00000000
00000000
33
00000000
00000000
00120000
00012000
00022200
00000000
00000000
00000000
46
00000000
00000000
02220000
00012000
00012200
00010000
00000000
00000000
42
00000000
00010000
02210000
00012000
00022200
00210000
00000000
00000000
24
00000000
00010000
02110000
01222000
00022200
00210000
00000000
00000000
22
00000000
01210000
01220000
01222000
00022200
00210000
00000000
00000000
56
00000000
01210000
01220000
01122000
00012200
00222200
00000000
00000000
47
00000000
22210000
02220000
01222000
00022200
00212200
00010000
00000000
64
00002000
22220000
02220000
01111100
00021200
00212200
00010000
00000000
26
00002000
22220000
02220000
01111100
00021200
01122200
00020000
00020000
75
00002000
22220000
02222000
01112100
00022110
01122200
00020000
00020000
37
00002000
22220000
02222000
01112100
00021210
01112220
00120000
00020000
62
00002000
22220100
02221000
01112220
00021220
01112220
00120000
00020000
77
00002000
22220100
02221000
01112220
00021220
01112120
00120020
00020020
35
00002000
22220100
02221000
01112220
00111220
22222120
00120020
00020020
15
00002000
22220100
02221000
01112220
10111220
21222120
00220020
00220020
27
00002000
22220100
02222200
01112220
10111220
21122120
01220020
00220020
52
00002000
22221100
02211200
01111220
10111220
21122220
01220220
00220020
85
00002000
22221100
02211100
01111210
10111121
21122222
01220220
00220020
28
00002000
22221100
02211100
02111210
12222221
21212222
01120220
01220020
87
00002000
22221100
02211100
02111222
12222121
21212211
01120221
01220020
58
00002000
22222220
02211200
02112222
12222121
21212211
01120121
01111020
17
00002000
22222220
02211200
02112222
12222121
11212211
11120221
01111220
41
00012000
22211220
02211100
02112212
12222122
11212212
11120222
01111222
81
00012001
22211210
02211100
02112212
12222122
11222212
11122222
01111222
11
10222001
21221210
02112100
02112212
12222122
11222212
11122222
01111222
14
10222001
21221210
02112220
11112222
11222122
11122212
11112222
01111222
13
10222021
11221220
11112220
11112222
11222122
11122212
11112222
01111222
21
11222021
11121220
11112220
11112222
11222122
11222212
12112222
22222222
83
11222021
11121222
11111122
11112212
11222122
11222212
12112222
22222222
61
