00000000
00000000
00000000
00021000
00012000
00000000
00000000
00000000
65
00000000
00000000
00000000
00021000
00012100
00000200
00000000
00000000
56
00000000
00000000
00000000
00022200
00011200
00001200
00000000
00000000
77
00000000
00000000
00000000
00022200
00222200
00001100
00000010
00000000
74
00000000
00000000
00000000
00022210
00222220
00001100
00000010
00000000
33
00000000
00000000
00100000
00012210
00221220
00002100
00020010
00000000
76
00000000
00000000
00100000
00012222
00221210
00002110
00020010
00000000
63
00000000
00000000
00100100
00012122
00221120
00002120
00020020
00000020
57
00000000
00000000
00100100
00012122
00221120
00022220
00021020
00000020
38
00000000
00000000
00100100
00012122
00221120
00021220
00012020
00100220
37
00000000
00000000
00102100
00022222
00221120
00011220
00112020
00100220
34
00000000
00000000
00102100
00122222
00211120
00011220
02222020
00100220
87
00000000
00002000
00102200
00122222
00211120
00011210
02222021
00100220
36
00000000
00002000
00102200
00122222
00211120
02222210
02122021
00100220
25
00000000
00002000
00102200
20122222
02111120
02222210
02122021
00100220
51
00001000
00001000
00101200
22221222
02211120
02222210
02122021
00100220
62
00001000
00021100
00202100
22221222
02211120
02222210
02122021
00100220
73
00001000
00021100
00202110
22221112
02211110
02222210
02222021
00120220
17
00001000
00021100
00201112
22211122
02111210
01222210
12222021
00120220
13
00001000
00021100
10202112
21211222
02111220
01222222
12222021
00120220
58
00001000
00021100
10202112
21211222
02111220
01221222
12221022
00111222
32
00001000
00111100
10102112
21111222
02111220
01221222
12221022
02222222
16
00001000
20111100
20102112
21111222
01111220
11221222
12221022
02222222
67
00001000
20111100
20122112
21122122
01121220
11221122
12221122
02222222
85
00001000
20111102
20122122
21122212
01122111
11221112
12221122
02222222
72
00001000
22222222
20222112
21122212
01122111
11221112
12221122
02222222
18
00001000
22222222
20222112
22121212
22222111
12121112
11221122
12222222
21
01001000
22122222
22212112
22221212
22222111
12121112
11221122
12222222
11
11021000
11222222
12112112
12211212
12221111
12121112
11221122
12222222
81
11022201
11222211
12112111
12211211
12221111
12121112
11221122
12222222
71
11022211
11222111
12111111
12211211
12221111
12121112
11221122
12222222
31
