00000000
00000000
00000000
00012000
00022200
00000000
00000000
00000000
46
00000000
00000000
00000000
00222000
00012200
00010000
00000000
00000000
75
00000000
00000000
00000000
00222000
00012110
00010200
00000000
00000000
57
00000000
00000000
00000000
00222000
00012222
00010100
00001000
00000000
43
00000000
00200000
00020000
00212000
00012222
00010100
00001000
00000000
42
00000000
00210000
00010000
00212000
00022222
00012100
00001000
00000000
84
00000000
00210000
00010000
00212001
00022212
00222100
00001000
00000000
64
00000000
00210000
00010000
00211101
00022112
00222200
00001020
00000000
35
00000000
00210000
00010000
00211101
00111112
00212200
00002020
00002000
27
00000000
00210000
00020000
00212101
00111212
00112220
01002020
00002000
33
00000000
00210000
02220000
00212101
00121212
00112220
01002020
00002000
86
00020000
00220000
02220000
00212101
00121211
00111111
01002020
00002000
22
00020000
01220000
02120000
00212101
00121211
00111121
01002022
00002000
88
02020000
02220000
02120000
00212101
00121211
00111121
01002011
00002001
67
02020000
02220000
02120200
00212201
00121211
00111111
01002111
00002001
74
02020000
02220000
02120200
00211111
00121111
00112111
01002211
00002021
13
02020000
02220000
11120200
00211111
02221111
00112111
01002211
00002021
14
02020000
02220000
11122200
10222111
01222111
00112111
01002211
00002021
31
02120000
01110200
11122200
10222111
01222111
00112111
01002211
00002021
61
02120120
01110200
11122100
10222111
01222111
00112111
01002211
00002021
24
02120120
01110200
11122100
11111111
22222111
00112111
01002211
00002021
48
02120120
01110200
11122100
11111111
22222111
00222111
01201211
00012021
52
02120120
01111200
11111100
11111111
22222111
00222111
01202211
00012221
38
02120120
22222200
22111100
21211111
22122111
00122111
01102211
00112221
47
02122220
22222200
22111100
21211111
22112111
00111111
01111111
00112221
81
02111111
22222200
22112100
21221111
22212111
02111111
01111111
00112221
73
02111111
22222102
22112120
21221211
22212111
02111111
01111111
00112221
11
11111111
21222102
22112120
21221211
22212111
02121111
02211111
02222221
83
11111111
21222221
22112221
21222221
22222121
02221121
02211121
02222221
17
11111111
21222121
22111221
21212221
22122121
22221121
12111121
02222221
18
