00000000
00000000
00020000
00022000
00021000
00000000
00000000
00000000
35
00000000
00000000
00020000
00022000
00121000
00200000
00000000
00000000
33
00000000
00000000
00120000
00012000
02221000
00200000
00000000
00000000
53
00000000
00000000
00111200
00012000
02221000
00200000
00000000
00000000
46
00000000
00000000
00111200
00012000
02212000
00222000
00000000
00000000
57
00000000
00000000
00111200
00011000
02211000
00222200
00001000
00000000
47
00000000
00000000
00111200
00211000
02221000
00212200
00011000
00000000
75
00000000
00000000
00111200
00211000
02221010
00222100
00021000
00020000
27
00000000
00000000
00111200
00211000
02211010
00222100
01221000
00020000
24
00000000
00000000
00111200
01111002
02111020
00212200
01222000
00020000
16
00000000
00000000
00111200
21111002
02111020
10212200
01222000
00020000
68
00000000
00002000
00122200
21212002
02112020
10212200
01221000
00020100
61
00000100
00001000
00112200
21112002
22222020
10212200
01221000
00020100
64
00000100
00001000
20112200
22111102
22221020
10212200
01221000
00020100
62
00000100
00001100
20111100
22111102
22221020
10212200
01222000
00022100
67
00000100
00001100
20111100
22111102
22211020
10211200
01211100
00222100
65
00000100
00001100
20111100
22111102
22211120
10222220
01211200
00222100
26
00000100
00001100
20111100
22111102
22111120
12222220
02211200
02222100
87
00000100
00001100
20111120
22111202
22112120
12222210
02211201
02222100
78
00002100
00002200
20112120
22112202
22112120
12221210
02211101
02222110
12
00002100
12002200
10212120
12122202
12112120
12221210
02211101
02222110
83
00002100
12002200
10212111
12122202
12112120
12221222
02211101
02222110
32
00002100
11102220
10112211
12122202
12112120
12221222
02211101
02222110
18
20002100
12102220
10212211
12122202
12112120
12121222
01211101
11111110
85
20002100
12102222
10212221
12122201
12112111
12121211
01211101
11111110
71
20002110
12222122
10222221
12122201
12122111
12121211
01211101
11111110
41
20011110
12212122
10212221
12112201
12112111
12111211
01222221
11111110
31
20111110
11112122
10112222
12112202
12112112
12111212
01222222
11111112
17
20111110
11112122
10112222
12112222
12112222
11112222
11222222
11111112
23
22111110
11212122
11122222
11112222
11112222
11112222
11222222
11111112
81
