00000000
00000000
00000000
00021000
00012000
00000000
00000000
00000000
56
00000000
00000000
00000000
00022200
00011000
00001000
00000000
00000000
63
00000000
00000000
00000100
00021200
00022000
00021000
00000000
00000000
36
00000000
00000200
00000200
00021200
00012000
00111000
00000000
00000000
74
00000000
00000200
00002200
00022110
00012000
00111000
00000000
00000000
65
00000000
00000200
00002200
00022120
00011102
00111000
00000000
00000000
43
00000000
00000200
00012200
00011220
00011202
00111200
00000000
00000000
71
00000210
00000200
00011200
00011220
00011202
00111200
00000000
00000000
73
00000210
00000200
00012110
00021120
00222202
00111200
00000000
00000000
42
00000210
00010200
00011110
00021120
00222202
00221200
00200000
00000000
84
00000210
00010220
00011210
00022111
00222202
00221200
00200000
00000000
76
00000210
00010220
00011220
00021121
00222222
00221110
00200000
00000000
26
00000210
00010220
00011222
00011122
00122222
01111110
00200000
00000000
38
00000210
00010220
00011222
00011122
00122222
01112210
00102000
00100000
81
00000211
00010222
00011122
00011122
00122222
01112210
00102000
00100000
86
00000211
00010221
00222221
00021121
00122211
01112211
00102000
00100000
67
00000211
00010221
00222221
00021121
00122111
01212111
02102100
00100000
28
00000211
00010221
00222221
00021121
00122111
01222111
01122100
01100000
32
00000211
00110221
00212221
00221121
00222111
01222111
01122100
01100000
52
00020211
00121111
00221121
00221111
00222111
01222111
01122100
01100000
24
00020211
00121111
00221121
01211111
02222111
01222111
01122100
01100000
22
00020211
01121111
00221121
02211111
22222111
01222111
01122100
01100000
31
00120211
01111111
00221121
02211111
22222111
01222111
01122200
01100020
58
00120211
01111111
00221121
02211111
22221111
02221111
22221100
01101020
13
00120211
01111111
10221121
22211111
22121111
02211111
22221100
01101020
48
20120211
02111111
10221121
22211111
22121111
02211111
22211100
01111020
51
20111111
02111111
10221121
22211111
22221111
02221111
22212100
01111220
12
22111111
11211111
10221121
22211111
22221111
02221111
22212100
01111220
18
22111111
11211111
10221121
22221121
22212121
02121221
21212220
11111220
23
22111111
11111111
11111121
21121121
21212121
22221221
21212220
11111220
88
