00000000
00000000
00000000
00021000
00012000
00000000
00000000
00000000
56
00000000
00000000
00000000
00022200
00011000
00001000
00000000
00000000
73
00000000
00000000
00000010
00022100
00021000
00201000
00000000
00000000
53
00000000
00000000
00001210
00022100
00021000
00201000
00000000
00000000
35
00000000
00000000
00022210
00012100
00111000
00201000
00000000
00000000
27
00000000
00000000
00022210
00012200
00111200
00101000
01000000
00000000
42
00000000
00010000
00012210
00022200
00211200
02101000
01000000
00000000
72
00000000
00010010
00012110
00021200
00212200
02101200
01000000
00000000
74
00000000
00010012
00012120
00021210
00212100
02101200
01000000
00000000
75
00000000
00010012
00011120
00021110
00212110
02201200
01200000
00000000
46
00000000
00010012
00222220
00021110
00211110
02211200
01200000
00000000
47
00000000
00010012
00222220
00021210
00212110
02221200
02210000
02000000
25
00000000
00010012
00222220
00021222
01112120
02121200
02210000
02000000
52
00000000
00011012
00221220
02021222
02212120
02121200
02210000
02000000
15
00000000
00011012
00121220
01221222
11212120
02221200
02210000
02000000
85
00000000
00011012
02221120
02221212
12212111
02221200
02210000
02000000
18
00000000
00011012
02221120
02221212
12212122
02121202
01210000
12000000
14
00000000
00011012
02221120
11211212
12212122
22121202
01210000
12000000
83
00000000
00011012
02221111
11211212
12212122
22121202
22210000
12000000
32
00000002
00111022
01111211
11112212
12122122
22221202
22210000
12000000
76
00000002
00111022
01111211
11112212
12122112
22221112
22220000
12020000
38
00000202
00112022
01121211
11212212
12122112
22121112
22110000
11120000
41
00010202
00111022
01121111
11212212
12122212
22122222
22110200
11120000
58
00210202
00221022
01222111
11212212
12122212
22122222
22110200
11111000
51
00211202
00211022
22222111
22212212
22222212
22122222
22110200
11111000
12
00211202
10211022
12222111
12212212
12222212
12122222
12222200
11111000
68
00211202
10211022
12222111
11212112
12122112
12112122
12221200
11111120
22
00211202
11111222
11122221
11212212
12122212
12112222
12221200
11111120
77
02211202
12211222
12122221
12212212
12121212
12112112
12221110
11111120
87
02211202
12211222
12222222
12222212
12122212
12112212
12221122
11111122
71
02211112
12211112
12221212
12212212
12122212
12112212
12221122
11111122
11
