00000000
00000000
00000000
00012000
00022000
00002000
00000000
00000000
66
00000000
00000000
00000000
00012000
00021000
00002220
00000000
00000000
77
00000000
00000000
00000000
00222000
00021000
00002120
00000010
00000000
33
00000000
00000000
00100000
00212000
00021000
00002120
00000020
00000020
64
00000000
00000000
00120000
00221100
00021000
00002120
00000020
00000020
46
00000000
00200000
00220000
00221100
00021000
00011120
00000020
00000020
22
00000000
01200000
00120000
00211100
00021000
00012120
00000220
00000020
35
00000000
01200000
00120000
00211100
02111000
00012120
00000220
00000020
57
00000000
01200000
00120000
00212100
02222200
00011220
00001220
00000020
86
00000000
01200000
00120000
00212100
02222220
00011121
00001220
00000020
42
00000000
01110000
00110000
00212100
02222220
00021121
00002220
00000220
36
00000000
01110000
00110200
00112200
02122220
00111121
00002220
00000220
85
00000000
01110000
02110200
00212200
02121111
00112121
00002220
00000220
13
00000000
01110000
11110200
00212200
02121111
00222121
00022220
00000220
38
00000000
01110000
11110200
00212200
02121111
00221121
00222220
00100220
58
00000000
01110000
11110200
00212200
02121211
00221121
00221122
00101220
26
02000000
01210000
11120200
00212200
02121211
01111121
00221122
00101220
15
02000000
01210000
11120200
00212200
11121211
01211121
02221122
00101220
88
02000000
01210000
11120200
00212200
12121211
22211121
02221111
00101111
24
02000000
01210000
11122200
01122200
12221211
22211121
02221111
00101111
52
02000000
01222200
11112200
01121200
12221211
22211121
02221111
00101111
17
22000000
02222200
11212200
01121200
12221211
12211121
11111111
00101111
51
22001000
02211200
11111200
01121200
12222211
12221121
12211111
02101111
18
22001000
02211200
11111200
01121220
12212221
12121121
11211111
11101111
72
22021000
02222110
11121200
01121220
12212221
12121121
11211111
11101111
61
22021102
02221120
11111200
01121220
12212221
12121121
11211111
11101111
73
22021102
02221120
11111112
01121120
12211211
12111111
11111111
11101111
31
22111102
01111120
11111112
22221120
12211211
12111111
11111111
11101111
84
22111102
22222220
22111112
22221111
12211211
12111111
11111111
11101111
71
