00000000
00000000
00000000
00021000
00012000
00000000
00000000
00000000
43
00000000
00000000
00010000
00011000
00222000
00000000
00000000
00000000
56
00000000
00000000
00010000
00011000
00222200
00001000
00000000
00000000
26
00000000
00000000
00010000
00011000
00122200
01002000
00020000
00000000
36
00000000
00000000
00010000
00011000
02222200
01202000
00020000
00000000
27
00000000
00000000
00010000
00211000
02222200
01102000
01020000
00000000
66
00000000
00000000
00010000
00211000
02221200
01102220
01020000
00000000
58
00000000
00000000
00012000
00222000
02222200
01102220
01010000
00001000
24
00000000
00000000
00012000
22222000
01222200
01102220
01010000
00001000
75
00000000
00000000
00012000
22222002
01111120
01102220
01010000
00001000
52
00000000
00001000
00011000
22221002
02111120
21102220
01010000
00001000
67
00000000
00001000
00011000
22221002
02111120
21101120
02010100
00201000
15
00000000
00001000
00011200
22222002
11121120
21201120
02010100
00201000
73
00000000
00001000
00011110
22222022
11121220
21202120
02020100
00201000
17
00000000
00001000
00011110
22222022
21121220
21202120
22020100
20201000
64
00000000
00001000
00011110
22222122
21121120
21202220
22022100
20201000
46
00000000
00001020
00011220
22212122
21111120
21112220
22022100
20201000
62
00000000
00001120
00011120
22212122
21111120
21112220
22022200
20201020
87
00000000
00022220
00022120
22222222
21121120
21122210
22022201
20201020
82
00000000
00022221
00022222
22222122
21121120
21122210
22022201
20201020
51
00001000
00021221
00021222
22221122
21121122
21122220
22022201
20201020
13
00001000
20021221
20021222
21221122
21121122
21122220
22022201
20201020
33
00001000
20011221
20111222
21111122
21121122
22122220
22222201
20201020
81
00001001
20011211
22222222
22211122
22121122
22122220
22222201
20201020
22
00001021
21011221
22122222
22211122
22121122
22122220
22222201
20201020
28
00001021
22222221
22222222
21211122
21121122
21112220
21122201
21201020
61
00001111
22221121
22212122
21111122
21121122
22112220
21222201
21221020
86
00021111
22222121
22212221
21111121
21121111
22111111
21222201
21221020
11
10221111
22222121
22112221
21111121
21121111
22111111
21222201
21221020
21
11111111
21122121
21112221
21111121
21121111
22111111
21222201
21222220
88
