00000000
00000000
00000000
00021000
00012000
00000000
00000000
00000000
65
00000000
00000000
00000000
00021000
00021100
00020000
00000000
00000000
33
00000000
00000000
00100200
00012000
00021100
00020000
00000000
00000000
64
00000000
00000000
00100200
00011200
00021200
00020200
00000000
00000000
76
00000000
00000000
00100200
00011200
00022220
00020210
00000000
00000000
72
00000000
00000010
00100100
00011200
00022220
00020220
00000002
00000000
56
00000000
00000010
00100100
00011200
00021220
00022220
00000202
00000000
57
00000000
00000210
00100200
00011200
00021220
00021220
00001202
00000000
35
00000000
00000210
00100200
00012200
00121220
00222220
00001202
00000000
77
00000000
00000222
00100200
00012200
00121220
00222120
00001112
00000000
61
00000100
00000122
00100100
00012100
00121120
00222120
00002112
00000200
48
00000100
00000122
00100100
00222100
00221120
00222120
00001112
00010200
27
00000100
00000122
00100100
00222220
00211220
00122120
01001112
00010200
86
00000100
00000122
00100100
00222220
00211220
00122111
01002112
00012200
25
00000100
00000122
00100100
00222220
01111220
00122121
01002222
00012220
88
00000100
00002222
00100200
00222220
01111220
00122121
01002211
00011111
53
00000100
00202222
00201200
00211120
01111210
00122121
01002211
00011111
47
00000100
00202222
00201200
00211120
01111222
00112121
01011111
00011111
71
00000110
00202122
00201200
00211120
01211222
00212121
01211111
00011111
84
00000110
00202122
00201200
00211111
22211211
00212121
01211111
00011111
43
00000110
00201122
00211200
00211111
22211211
00212121
22211111
00011111
22
00020110
01202122
00111200
00211111
22211211
00212121
22211111
00011111
26
00020110
01202122
00111220
00211121
22111221
01112121
22111111
00011111
24
00020110
01202122
00211220
01211121
21211221
01212121
22221111
00211111
83
00020110
01202112
00211111
22211121
22211221
01212121
22221111
00211111
42
00220110
01221112
00212111
22211221
22211221
01212121
22221111
00211111
81
00220111
01221111
00212111
22211221
22211221
22212121
22221111
00211111
13
00220111
22221111
20212111
21211221
22111221
22212121
22221111
00211111
21
22220111
22121111
20212111
21211221
22111221
22212121
22221111
00211111
18
22220111
22221111
22212111
22211221
22111221
22112121
21221111
10211111
28
