00000000
00000000
00000000
00012000
00022000
00002000
00000000
00000000
64
00000000
00000000
00000020
00011200
00022000
00002000
00000000
00000000
74
00000000
00000000
00200020
00021110
00022000
00002000
00000000
00000000
34
00000000
00000000
00202020
00112110
00022000
00002000
00000000
00000000
42
00000000
00010000
00201020
00212110
00222000
00002000
00000000
00000000
66
00000000
00010200
00202020
00222110
00221000
00002100
00000000
00000000
24
00000000
00010200
00102020
01111110
00222200
00002100
00000000
00000000
46
00000000
00010200
00102022
01111120
00111200
00011100
00000000
00000000
75
00200000
00020200
00102022
01111120
00111110
00011100
00000000
00000000
51
00201000
00010200
00102022
01111120
00111210
00012100
00020000
00000000
82
00201000
00010201
00102012
01111120
00111220
00012220
00020000
00000000
77
00201000
00010201
02102012
01211110
00121210
00012110
00020010
00000000
22
00201000
21010201
02102012
01211110
00121210
00012110
00020010
00000000
36
00201000
21010201
02102012
01221110
00211210
02222110
00020010
00000000
37
00201000
21010201
02102222
01121210
00111210
02112110
00120010
00000000
15
00201000
21010201
02102222
01121210
10112210
01122110
00220010
02000000
38
00201000
21010201
02102222
01122210
10122110
01221110
02110010
02100000
13
00201000
21010201
11102222
01122210
10122110
01222110
02222010
02100000
48
00201000
21010201
11102222
01122210
10122110
22222110
02121010
02110000
72
00201000
21010211
11102212
01122210
10122210
22222120
02121012
02110000
71
00201010
21010111
11101212
01112210
12222210
22222120
02121012
02110000
67
00201010
21010111
11101212
01112220
12212222
22221120
02121112
02110000
86
00201010
21010111
11122212
01222120
12222212
22221111
02121112
02110000
88
00221010
21020111
11122212
01222120
12222212
22221111
02121111
02110001
18
00221012
21020112
11122112
01221120
12212212
22121111
01121111
11110001
21
01111012
21020112
21122112
22221120
22212212
22121111
01121111
11110001
32
01111222
21120222
21112212
22221220
22212212
22121111
01121111
11110001
84
01111222
21120222
21112212
22221111
22212211
22121111
22221111
11110001
11
11111222
11120222
11112222
12221121
12222221
12122121
12221221
11110021
58
11111222
11120222
11112222
12221121
12222221
12122211
12212221
11111221
52
