00000000
00000000
00000000
00021000
00012000
00000000
00000000
00000000
43
00000000
00000000
00210000
00021000
00012000
00000000
00000000
00000000
56
00000000
00000000
00210000
00022200
00011000
00001000
00000000
00000000
65
00000000
00000000
00210000
00021200
00022100
00021000
00000000
00000000
34
00000000
00000000
00210000
00111200
00012100
00022000
00002000
00000000
23
00000000
02000000
01210000
00121200
00012100
00022000
00002000
00000000
58
00000000
02000000
01222000
00121200
00011100
00021000
00001000
00001000
73
00000000
02000000
01222010
00121200
00011120
00021000
00001000
00001000
21
01000000
01000000
01222010
00221200
00222220
00021000
00001000
00001000
74
01000000
01000000
01222010
00222110
00222220
00021020
00001000
00001000
52
01000000
01001000
01221010
00221110
00221220
00021020
00002000
00001200
24
01000000
01021000
01222010
01111210
00221220
00021020
00002000
00001200
26
01000000
01021000
01222010
01111222
00121220
01021020
00002000
00001200
78
01000000
21021000
02222010
01211222
00121220
01021020
00002000
00001110
85
01000000
21021000
02222010
02211222
20121111
01021020
00002000
00001110
25
01000000
21021000
01212010
01211222
21221111
01221020
00002000
00001110
47
01000000
21021000
01212010
22211222
21211111
01111020
00012000
00001110
77
01000000
21021000
01212010
22211222
21211111
02111010
20012010
00001110
16
01000000
21021002
01212020
22211222
21211111
11111010
20012010
00001110
31
01100000
21011002
01211020
22211122
21221111
11112010
20012210
00001110
18
01100000
21011002
01211020
22211122
21221112
11112012
10012210
10001110
72
01100000
21011012
22211010
22211112
21221112
11112012
10012210
10001110
32
01100000
21111012
22222210
22112122
21121112
11112012
10012210
10001110
83
01100000
21111012
22222211
22112112
21121112
11112012
10022210
10201110
37
01100000
22222222
22222221
22112112
21121112
11112012
10111110
10201110
81
01100001
22222211
22222121
22111112
22111112
12112012
12111110
10201110
41
01110001
22211211
22212221
22121212
22112222
12112222
12111110
10201110
28
21110001
22211211
21212221
21121212
21112222
11112222
11111110
11201110
87
22222001
22222211
21212221
21121211
21112121
11112211
11111111
11201110
48
22222021
22222221
21212221
21121211
21112121
11112211
11111111
11111110
61
