00000000
00000000
00000000
00021000
00012000
00000000
00000000
00000000
34
00000000
00000000
00200000
00121000
00012000
00000000
00000000
00000000
43
00000000
00000000
00210000
00211000
00222000
00000000
00000000
00000000
25
00000000
00020000
00220000
00121000
01222000
00000000
00000000
00000000
65
00000000
00020000
00220000
02221000
01111100
00000000
00000000
00000000
14
00000000
00020000
00220000
11112000
01111200
00000020
00000000
00000000
32
00000000
00120000
00120000
11112000
01112200
00002020
00000000
00000000
53
00000000
02220000
00211000
11122000
01112200
00002020
00000000
00000000
31
00100000
02222000
00112000
11122000
01112200
00002020
00000000
00000000
66
00100000
02222000
00112000
11122000
01211200
02002120
00000000
00000000
87
00100000
02222000
00212000
12121000
22211100
02002110
00000001
00000000
51
00101000
02221000
00211000
12121000
22221100
02022110
00000001
00000000
37
00101000
02221000
00211000
12121000
22221100
02012110
00200001
00020000
13
00101000
01221000
10211000
11121000
22121100
02022110
00220001
00020000
21
01101000
01121000
10211000
11121000
22122220
02022110
00220001
00020000
36
01101000
01121000
10222200
11121000
21112220
02111110
00220001
00020000
17
01101000
01121000
10222200
11121000
21112220
01111220
10220021
00020000
88
01101000
01121000
10122200
11111000
21111220
01111220
10220211
00020001
85
01101000
01121000
10122200
11111000
21111111
01111220
10220221
00020021
41
01111000
01111000
10112200
11111002
21111121
01111220
10220221
00020021
58
01111000
01111000
10112200
11111002
21111121
22222210
10210121
00021021
38
01111000
01111000
10112200
11111002
21111121
22122210
10210121
02111021
18
01111000
01111000
10112200
11111002
21111121
22122210
10222221
11111021
62
01111000
01111100
12222200
12211002
22121121
22122210
10222221
11111021
83
01111000
01111100
12222201
12211001
22121121
22122222
10222221
11111021
74
01111000
01111102
12222102
12211012
22121122
22122222
10222221
11111021
27
01111000
21111102
22222102
21211012
21121122
21122222
11111111
11111021
64
01111000
22222222
22221202
21212112
21121122
21122222
11111111
11111021
11
11111000
11222222
12121222
11212222
11122122
11122222
11111111
11111021
68
11111000
11222222
12121222
11212222
11122122
11122222
11111111
11111111
81
11111021
11222221
12121121
11211221
11112121
11122221
11111111
11111111
61
