00000000
00000000
00000000
00222000
00021000
00000000
00000000
00000000
53
00000000
00000200
00002000
00221000
00021000
00000000
00000000
00000000
52
00000000
00022200
00001000
00221000
00021000
00000000
00000000
00000000
31
00100000
00012200
00001000
00222200
00021000
00000000
00000000
00000000
51
00101000
00011200
00001000
00222200
00022200
00000000
00000000
00000000
72
00101020
00011210
00002000
00222200
00022200
00000000
00000000
00000000
75
00101020
00011210
00001000
00222220
00022210
00000000
00000000
00000000
35
00101020
00011210
00002000
00222220
00211110
02000000
00000000
00000000
43
00101020
00222210
00012000
00211220
00211110
02000000
00000000
00000000
24
00101020
00222210
00012000
01111220
00211210
02000200
00000000
00000000
36
00101020
00222220
00012020
01111220
00111210
02100200
00000000
00000000
61
00101120
00221220
00012020
22222220
00111210
02100200
00000000
00000000
13
00101120
00221220
10012020
21222220
00121210
02200200
02000000
00000000
76
00101120
00221220
10012020
21221220
00121120
02200222
02000000
00000000
37
00101120
00221220
10012020
21221220
02221120
02100222
02100000
00000000
84
00101120
00221120
10012010
21221111
02221120
02220222
02100000
00000000
18
00101120
00221120
10012010
21221111
02211120
02120222
01200000
10020000
22
00101120
01111120
10012010
21221111
02211120
02220222
01220000
10020000
77
00101120
01111120
12012010
22221111
02211110
02220112
01220010
10020000
83
00101120
01111110
12012011
22222111
02222110
02222222
01220010
10020000
15
00101120
01111110
12012011
12222111
11111110
02222222
01220020
10020200
88
00101120
01111110
12012011
12222111
11111110
02222122
22220010
10020201
87
02101120
02211110
12022011
12222111
11111110
02222112
22220011
10020201
38
02101120
02211110
12022011
12222111
11111110
02121112
22210011
12220201
16
02101120
02211110
12022011
12222111
11121110
11122112
12210211
12220201
57
02101120
02222222
12022021
12222211
11122110
11121112
12211111
12220201
58
02222220
02222222
12022021
12222211
11122110
11121112
12211111
11111201
81
02222221
02222221
12022021
12222221
11122120
11122122
12211221
11111221
33
02222221
22222221
12122021
11212221
11121120
11122122
12211221
11111221
63
02222221
22222211
12111111
11211121
11111120
11122122
12211221
11111221
85
02222221
22222211
12111111
11211111
11111111
11122111
12211121
11111221
11
