00000000
00000000
00000000
00222000
00021000
00000000
00000000
00000000
33
00000000
00200000
00200000
00212000
00021000
00000000
00000000
00000000
22
00000000
22200000
00100000
00212000
00021000
00000000
00000000
00000000
31
00100000
22220000
00100000
00212000
00021000
00000000
00000000
00000000
24
00100000
22220000
00200000
02112000
20021000
00000000
00000000
00000000
35
00100000
22220000
00200000
02212000
20221000
00200000
00000000
00000000
37
00100000
22120000
00200000
02122000
20122000
00100200
00100000
00000000
52
00100000
22111000
00200000
02122000
20122000
00200200
02100000
00000000
56
00102000
22121000
00200000
02122000
20112000
00201200
02100000
00000000
13
00102000
21121000
10200000
01122000
20122000
00222200
02100000
00000000
11
10102000
11121000
10200000
01122000
20122000
00222200
02200000
00200000
77
10102000
11122200
10100000
01112000
20121000
00222100
02200010
00200000
67
10102000
11122200
10100000
22222000
20111000
00221100
02200110
00200000
18
10102000
11122200
10100000
22222000
20121000
00122100
01200210
10200020
47
10102000
11122200
10100000
22222000
22221000
00122100
01110210
10200020
43
10102000
11122200
10110000
22212000
22211000
00112100
01110222
10200020
53
10102000
11112200
10111000
22211000
22211000
20112100
02110222
10200020
71
10102010
11112200
10111020
22211000
22211000
20112100
02110222
10200020
23
10122010
11212200
12111020
22111000
22211000
20112100
02110222
10200020
17
10122010
11212200
12121020
12112000
12222200
10112200
11110222
10200020
64
10122010
11212200
12121020
12111100
12221200
10212200
11120222
10202020
76
10122010
11212200
12121020
12111100
12221102
10211120
11120222
10202020
86
10122010
11212200
12122220
12112200
12221202
10211211
11120222
10202020
48
12222010
12212200
12122220
12112200
12221202
10211211
11110222
10212020
88
12222010
12212200
12122220
12112200
12221222
10211121
11110221
10212021
26
12222010
12212200
12122220
12112200
12222222
11122221
11112221
10212021
72
12222010
12222222
12122120
12111200
12212222
11122221
11112221
10212021
83
12222010
12222222
12122122
12111202
12212222
11122221
11112221
10212021
74
12222210
12222222
12122112
12111112
12212122
11121221
11112221
10212021
81
12222211
12222211
12122111
12111111
12212121
12121221
12212221
12212021
68
