00000000
00000000
00000000
00021000
00012000
00000000
00000000
00000000
43
00000000
00000000
00210000
00021000
00012000
00000000
00000000
00000000
56
00000000
00000000
00222000
00021000
00011000
00001000
00000000
00000000
32
00000000
00100000
00212000
00021000
00021000
00021000
00000000
00000000
35
00000000
00100000
00212000
00021000
00112000
00022200
00000000
00000000
63
00000000
00100000
00211100
00021000
00212000
02022200
00000000
00000000
34
00000000
00100200
00112100
00121000
00212000
02022200
00000000
00000000
57
00000000
00100200
00112200
00122200
00212000
02021200
00001000
00000000
75
00200000
00200200
00212200
00222200
00212010
02021100
00001000
00000000
21
01200000
00100200
00212200
00222200
00222010
02022100
00001200
00000000
65
01200000
00100200
00212200
00221200
00222120
02022102
00001200
00000000
23
01200000
00100200
01112200
00221200
00222120
02022102
00022200
00000000
85
01200000
00100200
01112200
00221200
00222111
02022222
00022200
00000000
77
01200000
00100200
22222200
00211200
00221111
02022112
00022210
00000000
37
01200000
00100200
22222200
00221200
00222111
02012212
00111120
00000002
25
01200000
00100200
22222200
00221200
02111111
22012212
00111120
00000002
87
01200000
00100200
22222200
00221220
02111211
22012211
00111111
00000002
42
01200000
00110200
22211200
00211120
02111211
22012211
00111211
00000202
58
01200000
00110200
22211200
02211120
02211211
22022211
00112111
00001202
61
01200120
00110200
22212100
02221120
02211211
22022211
00112111
00001202
81
01202111
00120200
22212100
02221120
02211211
22022211
00112111
00001202
12
01202111
10120200
21212100
02121120
02211211
22022211
00122111
00201202
78
01202111
10120200
21212100
02121120
02211211
22222211
00222111
00201112
28
01202111
10120200
21212100
02121120
02211211
22212211
02222111
01201112
15
01202111
10122200
21222200
02221120
12111211
22212211
02222111
01201112
48
01202111
10122200
21222200
02221120
12111211
21212111
02111111
22222222
73
01202111
12222200
22211110
02221110
12111211
21212111
02111111
22222222
14
01202111
12222200
12211120
11111112
11111222
21112212
02112112
22222222
41
01111111
12111200
11212120
11121112
11211222
22112212
22112112
22222222
11
11111111
11111200
11112122
11111122
11211222
22112212
22112112
22222222
72
