00000000
00000000
00000000
00012000
00022200
00000000
00000000
00000000
66
00000000
00000000
00000000
00222000
00021200
00000100
00000000
00000000
53
00000000
00000000
00001000
00222200
00021200
00000100
00000000
00000000
73
00000000
00000000
00001010
00222220
00021200
00000100
00000000
00000000
35
00000000
00000020
00001020
00212220
00111200
00000100
00000000
00000000
23
00000000
00000020
01001020
00112220
00121200
00200100
00000000
00000000
82
00000000
00000021
01001210
00112220
00121200
00200100
00000000
00000000
75
00000000
00000021
01001220
00112120
00121220
00200120
00000000
00000000
46
00000000
00000021
01001220
00112120
00111220
00210220
00000200
00000000
83
00000000
00000221
01001211
00112220
00111220
00210220
00000200
00000000
84
00000000
00000221
01022211
00112111
00111220
00210220
00000200
00000000
68
00000000
00000221
01022211
00112111
00111120
00210120
00000200
00002100
51
00001020
00000221
01022211
00112111
00111120
00210120
00000200
00002100
32
00001020
00100221
01012211
00111111
00111120
00210220
00002200
00002100
87
00001020
00100221
01012211
00111111
00111120
00210210
00002201
00002220
37
00001020
00100221
01012211
00111111
00111120
00110222
00102201
00002220
85
00001020
00100221
01012211
02111111
00211111
00120221
00102201
00002220
77
00001020
00100221
01012211
02111111
00211111
00120111
00202211
02002220
26
00001020
00100221
01012211
02111111
20111111
02120111
00202211
02002220
48
00001020
00100221
01012211
02111111
20111111
02120111
00222211
02012220
61
00001120
00100111
01012111
02112111
20112111
02122111
00222211
02012220
14
00001120
20100111
02012111
11212111
20122111
02122111
00222211
02012220
22
00001120
22220111
01022111
11222111
20122111
02122111
00222211
02012220
38
00001120
22220111
21022111
22222111
20222111
02121111
00112211
02112220
88
00022220
22220111
21022111
22222111
20222111
02121111
00112211
02111111
21
01022220
21120111
21012111
22221111
20222111
02221111
02222211
02111111
33
01222220
22120111
21112111
22111111
20121111
02121111
02122211
02111111
17
01222222
22120121
21112211
22112111
20121111
01121111
11122211
02111111
25
01222222
22120121
21112211
21112111
21121111
22221111
11122211
02111111
52
22222222
22111121
21111111
21111111
21121111
22221111
11122211
02111111
18
