00000000
00000000
00000000
00021000
00012000
00000000
00000000
00000000
43
00000000
00000000
00012000
00012000
00012000
00000000
00000000
00000000
64
00000000
00000000
00012000
00021100
00222000
00000000
00000000
00000000
42
00000000
00010000
00011020
00021200
00222000
00000000
00000000
00000000
26
00000000
00012000
00012020
00012200
00122000
01000000
00000000
00000000
63
00200000
00022000
00012120
00012200
00122000
01000000
00000000
00000000
41
00210000
00011020
00012220
00012200
00122000
01000000
00000000
00000000
75
00210000
00011020
00011220
00012100
02222010
01000000
00000000
00000000
56
00210000
00011020
00011220
00011100
02221010
02001000
20000000
00000000
83
00210000
00021020
00012111
00011200
02221020
02001002
20000000
00000000
34
00210000
00021020
00022111
00121200
02222020
02021002
20000000
00000000
36
00210000
00021020
00022121
00121220
02112020
02111002
20000000
00000000
15
00210200
00022020
00022121
00121220
11112020
02111002
20000000
00000000
21
01110200
00022020
00022121
00221220
12112020
22111002
20000000
00000000
18
01110200
00022020
00022121
00221220
12122020
12221002
10020000
10000000
37
01110200
00022020
00022121
00222220
12122220
11122002
10120000
10000000
82
01110200
00022021
00022111
00222120
12221220
11212002
10220000
10200000
27
01110200
00022021
00022111
00221120
12212220
11112202
11220000
10200000
51
22222200
00021021
00021111
00221120
12212220
11112202
11220000
10200000
14
22222200
00022221
00022211
10221220
11212220
11112202
11220000
10200000
23
22222200
00022221
01022211
12221220
11212220
11112202
11220000
10200000
67
22222200
00022221
01022211
12221220
11222220
11112202
11220200
10200020
28
22222200
20022221
02022211
12221220
11222220
11112202
11120200
11200020
58
22222200
20022221
02022221
12221222
11222220
11112202
11110200
11201020
48
22222202
20022222
02022222
12221222
11222220
11112202
11110200
11111020
76
22222202
20022222
02022222
12221222
11222120
11122212
11112100
11111020
32
22222202
20122222
01012222
12221222
11222120
11122222
11112220
11111020
87
22222202
20122222
01012222
12221222
11222120
11122212
11111122
11111022
85
22222202
22222222
02012222
12221222
11222111
11122212
11111122
11111022
13
22222202
22222222
12012222
11221222
11122111
11112212
11111222
11111222
33
22222202
22222222
11112222
11121222
11122111
11112212
11111222
11111222
71
