00000000
00000000
00000000
00021000
00012000
00000000
00000000
00000000
34
00000000
00000000
00200000
00121000
00012000
00000000
00000000
00000000
65
00000000
00000000
00200000
00122200
00011100
00000000
00000000
00000000
63
00000000
00000000
00200100
02221100
00011100
00000000
00000000
00000000
14
00000000
00000000
00200100
11211100
00211100
00000000
00000000
00000000
46
00000000
00000000
00200100
11211100
00211100
00210000
00000000
00000000
27
00000000
00000000
20200100
12211100
00211100
00110000
01000000
00000000
26
00000000
00000000
20200100
12211100
00211100
01210000
01200000
00000000
22
00000000
01000000
20100100
22211100
20211100
02210000
01200000
00000000
23
00000000
01000000
21100100
22111100
20211100
02210000
02200000
20000000
17
00000000
01000000
21100100
22111100
22111100
02210000
12200000
20000000
16
00000000
01000000
21100100
22111100
22222220
11110000
12200000
20000000
56
00000000
01020000
21200100
22111100
22211220
11111000
12200000
20000000
48
00000000
01020000
21220100
22212100
22211220
11111000
12100000
20010000
38
00000000
21020000
22220100
22212100
22211220
11111000
11100000
20110000
41
00010000
21010000
22210100
22212220
22211220
11111000
11100000
20110000
11
10010000
11012000
12220200
12212220
12211220
11111000
11100000
20110000
62
10010000
11011100
12222200
12222220
12211220
11111000
11100000
20110000
72
10010000
11011110
12222100
12221220
12212220
12121000
12200000
22110000
32
10010000
11111110
11112100
12121220
12112220
12122000
12202000
22110000
68
10012000
11122110
11212100
12121220
12112220
12112000
12201000
22110100
85
10012000
11122110
11212100
12121210
12111121
12112002
12201000
22110100
76
10222000
11222110
11212100
12121210
12111111
12112012
12201000
22110100
61
10222100
11221110
11222100
12122210
12111211
12112022
12201002
22110100
73
10222100
11221110
11222222
12122120
12111211
12112022
12201002
22110100
82
12222100
12221111
12222212
12122120
12111211
12112022
12201002
22110100
88
12222220
12221221
12222222
12122120
12111211
12112021
12201001
22110101
84
12222220
12221221
12222221
12122111
12111211
12112021
12202001
22222101
77
12222220
12221221
12222221
12122111
12112211
12112211
12202011
22222101
81
11111111
12221211
12222121
12121111
12122211
12222211
12222011
22222101
67
