00000000
00000000
00000000
00012000
00022000
00002000
00000000
00000000
66
00000000
00000000
00020000
00022000
00021000
00002100
00000000
00000000
46
00000000
00000000
00020000
00022000
00021000
00021100
00020000
00000000
37
00000000
00000000
00020000
00022000
00022200
00012100
00120000
00000000
48
00000000
00000000
00020000
00022000
00022200
00012100
00120000
00210000
28
00000000
00000000
00020000
00022000
00022200
00012220
00120000
01110000
86
00000000
00000000
00020000
00022000
00022200
00011211
00120020
01110000
78
00000000
00000000
00020000
00022000
00022200
00011221
00120012
01110010
64
00000000
00000000
00020000
00022100
00021202
00011222
00120012
01110010
57
00000000
00000000
00020000
00022100
00021202
00222222
00111012
01110010
33
00000000
00000000
00120020
00012200
00022202
00222222
00111012
01110010
35
00000000
00000000
00120020
00012200
00122202
02222222
00111012
01110010
17
00000000
00000000
00120020
00012200
00122202
22222222
10111012
01110010
74
00000000
00000000
00120020
00011110
00122102
22221222
10112022
01110210
25
00000000
00000000
00120220
00012220
01122202
22121222
10112022
01110210
84
00000000
00000000
00120220
00011121
01122222
22121222
10112022
01110210
62
00000000
00000100
00120110
00011121
01122222
22121222
10112022
01110222
67
00000000
00000100
00120110
02011121
02222122
22121122
10111122
01110222
13
00000000
00000100
10120110
01222221
02122122
22111122
10111122
01110222
15
00000000
00000100
10120110
01222221
11122122
11211122
12222222
01110222
83
00000000
00000100
12220111
02222211
12122122
12211122
12222222
01110222
53
00000000
00020100
11222111
02221211
12121122
12211122
12222222
01110222
51
00001000
00010100
11122111
22221211
12121122
12211122
12222222
01110222
18
00001000
00012100
11122211
22221221
12111122
12111122
11222222
11110222
32
00001000
00112220
11112221
22221221
12111122
12111122
11222222
11110222
71
00001010
02222120
12211221
22221221
12112122
12111222
11222222
11110222
81
00001011
02222222
12211122
22221222
12112122
12111222
11222222
11110222
31
02101011
02212222
12121122
22122222
12112222
12111222
11222222
11110222
41
02111011
22211222
22121122
22122222
12112222
12111222
11222222
11110222
58
02222211
22212222
22121122
22122222
12112222
12111222
11211222
11111222
11
