00000000
00000000
00000000
00021000
00012000
00000000
00000000
00000000
34
00000000
00000000
00000000
00111000
00222000
00000000
00000000
00000000
66
00000000
00000000
00000000
00111000
00222200
00000100
00000000
00000000
76
00000000
00000000
00002000
00122000
00222100
00000110
00000000
00000000
36
00000000
00000000
00002000
00122000
00122220
00100110
00000000
00000000
33
00000000
00000000
00102000
02222000
00121220
00100110
00000000
00000000
43
00000000
00000000
02222000
02221000
00121120
00100110
00000000
00000000
84
00000000
00000000
02222000
02222001
00122110
00102110
00000000
00000000
62
00000000
00000100
02221000
02212001
00222110
00122110
00000000
00000000
25
00000000
00000100
02221000
02212001
01121110
00222110
02000000
00000000
13
00000000
00000100
11111000
01212001
01121110
00222222
02000000
00000000
47
00000000
02000100
11211000
01222001
01112110
00111222
02010000
00000000
77
00000000
02000100
11211000
01222001
01112210
00111222
02010012
00000000
42
00000000
02010100
11111000
01222001
01122210
00121222
02020012
00020000
63
00000000
02010100
11111100
01221021
01112220
00121222
02020012
00020000
83
00000000
02010100
12111101
02221011
02212120
02221222
02020012
00020000
14
00000000
02010100
12111101
11111011
02212120
02221222
02020022
00020020
57
00000000
02010100
12111101
11111011
02112110
02221122
02221022
00020020
31
00100000
01010100
12111101
11111011
02112110
02221122
02222022
00020220
32
02100000
02210100
12121101
12112011
02112210
02221122
02222022
00020220
41
02110000
02110100
11122221
12112021
02112220
02221122
02222022
00020220
16
02110000
02110100
11122221
12112021
22222220
12111122
02222022
00020220
38
02110000
02110100
11122221
12112021
22222220
22111122
22222022
00120220
88
02222000
02120200
11222221
12112021
22222220
22111122
22222012
00120221
72
02222000
02120210
11222111
12111011
22212210
22111212
22222222
00120221
52
02222000
02121110
11212111
12222211
22212220
22111212
22222222
00120221
12
02222000
11122110
11212211
12222221
22212222
22111222
22222222
00120221
18
02222200
11122210
11212211
12222221
12212222
12111222
11222222
10120221
58
02222202
11122220
11212211
12222221
12212222
12111222
11211222
10111111
28
02222202
11122222
11212222
12222222
12212222
12111222
11111222
11111111
71
