00000000
00000000
00000000
00021000
00012000
00000000
00000000
00000000
43
00000000
00000000
00010000
00011000
00222000
00000000
00000000
00000000
46
00000000
00000000
00012000
00022000
00212000
00010000
00000000
00000000
64
00000000
00000000
00012000
00022100
00222200
00010000
00000000
00000000
63
00000000
00000200
00012200
00022200
00222200
00010000
00000000
00000000
24
00000000
00000200
00012200
01022200
00122200
00020000
00200000
00000000
57
00000000
00020200
00022200
01022200
00122200
00010000
00201000
00000000
73
00000000
00020200
00022222
01022100
00121200
00010000
00201000
00000000
34
00000000
00020200
00022222
01211100
02221200
00010000
00201000
00000000
15
00000000
00020200
00022222
01221100
11211200
02010000
00201000
00000000
48
00000000
00020200
00022222
01221100
12211200
21010000
00101000
00010000
31
00100000
00010200
00021222
01222100
12221200
22210000
00101000
00010000
66
00100000
00010200
00021222
01222100
12221100
22220100
00102000
00010200
47
00100000
00010200
00011222
01212100
12211100
22210100
00122000
00012200
71
00100010
00010100
20011222
02212100
12211100
22210100
00122000
00012200
27
00100010
00010100
20011222
02212200
12212100
22120100
02222000
02012200
84
00100010
00010100
20011212
02212201
12222100
22122100
02222000
02012200
78
00100010
00010100
20011212
02212201
12222200
22122220
02222000
02011110
17
00100010
00010100
20222212
02222201
12122200
11122220
12222000
02011110
72
00100010
00010110
20222112
02221202
12112202
11122220
12222000
02011110
52
00100010
00011110
22211112
02221202
11122202
11122220
12222000
02011110
38
00100010
00211110
22221112
02222202
11122202
11122220
11122000
02111110
67
00100010
00211110
22221112
02222222
11122202
11122120
11111100
02111110
12
00100010
10222222
21221122
02122222
11112202
11121120
11111100
02111110
18
20100010
20222222
21221122
02122222
11112202
11121120
11111100
11111110
51
20101010
20211222
21121122
01122222
11112202
11121220
11111120
11111110
75
20101010
22211212
21221112
01122112
11111112
11121110
11111110
11111110
41
20111210
22112222
21221112
01122112
11111112
11121110
11111110
11111110
81
20111211
22112212
21221112
01122112
11112112
11121210
11111120
11111112
21
21111211
21112212
21221112
01122112
11112212
11121220
11111122
11111112
86
