00000000
00000000
00000000
00021000
00012000
00000000
00000000
00000000
43
00000000
00000000
00010000
00011000
00222000
00000000
00000000
00000000
36
00000000
00000000
00210000
00021000
00212000
00100000
00000000
00000000
23
00000000
00020000
01120000
00021000
00212000
00100000
00000000
00000000
32
00000000
00120000
01112000
00022000
00212000
00100000
00000000
00000000
66
00000000
00120000
01112000
00222000
00211000
00100100
00000000
00000000
51
00001000
02110000
01212000
00222000
00211000
00100100
00000000
00000000
63
00001000
22110000
02211100
00221000
00211000
00100100
00000000
00000000
26
00001000
22110000
02211100
00221000
00112000
01100200
00000020
00000000
14
00001000
22110000
01211100
10221000
00122000
01102200
00000020
00000000
21
21001000
22110000
01211100
10221000
00122000
01102200
00000020
00000000
67
21001000
22110000
01211100
10122200
00112000
01101200
00000120
00000000
24
21001000
22110000
01111100
11122200
00122000
01201200
02000120
00000000
65
21001000
22110020
01111200
11122100
00121100
01201100
02000120
00000000
46
21001000
22110020
02111200
11212100
00121100
01112100
02000220
00000020
57
21001000
22110020
02111200
11212100
00122220
01111100
02001220
00000020
68
22201000
22220020
02212200
11212200
00122220
01111100
02001120
00000120
73
22201000
22220020
02211110
12212100
20121220
01111100
02001120
00000120
16
22201000
22220020
02211110
12212100
10121220
11111200
02002120
00020120
28
22201000
22220020
02211110
12212100
10121220
11122200
01022120
01020120
81
22201001
22220010
02211110
12212100
12221220
11222200
01022120
01020120
37
22201001
22220210
02212210
12222200
12221220
11212200
01111120
01020120
52
22201001
22222222
02211220
12221200
12221220
11212200
01111120
01020120
86
22201001
22222222
02211220
12221100
12221222
11212201
01111110
01020120
88
22201001
22222222
02211220
12222220
12221222
11212201
01111110
01020111
61
22201101
22221122
02211120
12222120
12221122
11212101
01122110
01022111
13
22201101
22221122
11111120
11222120
12121122
11212102
01122222
01022111
84
22201101
22221122
21111110
21222111
22221111
22212101
22222221
01022111
83
22201101
22221111
21111111
21222111
22221211
22212221
22222221
01022111
18
22201121
22221221
21112121
21221121
22211221
22112221
21222221
11022111
38
