00000000
00000000
00000000
00222000
00021000
00000000
00000000
00000000
33
00000000
00000000
00100000
00212000
00022200
00000000
00000000
00000000
35
00000000
02000000
00200000
00122000
00122200
00000000
00000000
00000000
32
00000000
02100000
02100000
00222000
00122200
00000000
00000000
00000000
53
00000000
02102000
02102000
00212000
00122200
00000000
00000000
00000000
11
10000000
01102000
02102000
00212000
02222200
00000000
00000000
00000000
62
10200000
01202100
02201000
00212000
02222200
00000000
00000000
00000000
64
10200000
01202100
02201200
00212200
02222200
00000000
00000000
00000000
24
10200000
22202100
02201200
01212200
02222200
00000000
00000000
00000000
42
10200020
22211200
02102200
01222200
02222200
00000000
00000000
00000000
46
10200020
22211200
02222200
01222200
02122200
00010000
00000000
00000000
13
10220020
12222200
12222200
01222200
02122200
00010000
00000000
00000000
74
10220020
12222200
12222220
01111210
02122200
00010000
00000000
00000000
56
10220020
12222200
12222220
01112210
02112100
00012000
00002000
00000000
15
10220020
12222200
12222220
01112210
11112100
00022000
00202000
00000000
51
10221020
12212200
12122220
01112220
11112102
00022000
00202000
00000000
66
10221020
12212200
12122220
01112220
11111202
00022220
00202000
00000000
61
10221120
12211200
12112220
22222220
11111202
00022220
00202000
00000000
83
10221120
12211220
12111221
22222220
11111202
00022220
00202000
00000000
68
10221120
12211220
12111221
22222220
11111202
00012220
00202000
00020100
77
10221120
12211220
12111221
22222220
12221202
00222120
00202010
00020100
21
11111120
12111220
12111221
22222220
12221202
00222120
00202020
00020120
28
11111120
12111220
12111221
22222220
12221202
00212220
00102220
01020120
86
11111120
12111220
12111221
22222220
22221202
20211111
00102210
01020120
58
11111120
12111220
12111221
22222220
22221202
20211122
00101112
01021120
75
11111120
12111220
12111221
22222120
22221112
20211112
00201112
01221120
84
11111120
12111120
12111211
22222111
22221112
20221112
00222222
01221120
81
11111111
12111120
12111211
22222111
22221112
20221112
00222222
22221120
26
11111111
11111122
11111222
21212212
21122112
21121112
00222222
22221120
17
11111111
11111122
11111222
11212212
11122112
11221112
12222222
22221120
88
