00000000
00000000
00000000
00012000
00022200
00000000
00000000
00000000
66
00000000
00000000
00000000
00222000
00021200
00000100
00000000
00000000
35
00000000
00000000
00000000
00222000
00112200
00000200
00000020
00000000
23
00000000
00000000
01000000
00122000
00122200
00200200
00000020
00000000
56
00000000
00000000
01000000
00122000
00112200
00202200
00002020
00000000
67
00000000
00000000
01000000
00122000
00112200
00201200
00002220
00000200
37
00000000
00000000
01000000
00122000
00212200
02101200
00102220
00000200
76
00000000
00000000
01000000
00122000
00212220
02101220
00102220
00000200
85
00000000
00000000
01000000
00122000
00211111
02101220
00202220
00020200
58
00000000
00000000
01000000
00122000
00211211
02101220
00201122
00021200
63
00000000
00000000
01000100
00121002
00211221
02101220
00201122
00021200
64
00000000
00000000
01002100
00121202
00211121
02101120
00201122
00021200
88
00000000
00000000
01002100
00121202
00222121
02222220
00202112
00021201
83
00000000
00000000
01202101
00221201
00222121
02222220
00202112
00021201
24
00000000
00000000
01222101
01122201
00222221
02222220
00202112
00021201
38
00000000
00000200
01222201
01122201
00122221
02122220
00102112
00111201
78
00000000
00000200
01222201
01122201
00122221
02222220
02102112
00111111
16
00000000
00000200
22222201
02122201
00222221
12222220
01102112
00111111
52
00020000
00002200
22211201
02121201
00221221
12221220
01101112
00111111
61
00020100
00001100
22211101
02121101
00221121
12221120
01122222
00111111
17
00020100
00021100
22222101
02121201
00121121
11221120
11122222
00111111
12
00020100
10021100
21222221
02121201
00121121
11221120
11122222
00111111
86
00020100
12021100
22222221
02121201
00121121
11221111
11122211
00111111
14
00020100
12021100
12222221
11121201
00121121
11221111
12122211
20111111
11
10020100
11021100
12222221
12111201
20121121
21221111
22122211
20111111
32
10020100
11111100
11112221
12111201
22221121
22221111
22122211
20111111
28
10022100
11122200
11212221
12111201
21221121
21221111
21122211
21111111
82
12022100
12122201
12212211
12111101
21221121
21221111
21122211
21111111
74
12022220
12122201
12212211
12111111
21221111
21221111
21122211
21111111
72
12022222
12111121
12212211
12112111
21221111
21221111
21122211
21111111
31
