00000000
00000000
00000000
00012000
00022200
00000000
00000000
00000000
64
00000000
00000000
00002000
00012100
00022200
00000000
00000000
00000000
46
00000000
00000000
00002000
00222100
00011200
00010000
00000000
00000000
43
00000000
00000000
00012000
00212200
00011220
00010000
00000000
00000000
25
00000000
00000000
00012000
00112200
01021220
00210000
00000000
00000000
85
00000000
00200000
00022000
00112200
01021111
00210000
00000000
00000000
73
00000000
00200000
00022010
00112100
01021211
00210020
00000000
00000000
52
00000000
00201000
00011010
00111100
01021211
00220020
00020000
00000000
56
00000000
00201000
00011010
20111100
02011211
00221020
00020000
00000000
48
00000000
00201000
00011010
20111100
02011211
00222220
00010000
00010000
16
00000000
00201000
00011010
20111102
01011221
10222220
00010000
00010000
86
00000000
00201000
00011010
20111122
01011221
10222221
00010000
00010000
83
00000000
00201000
00211011
20121111
01012121
10221221
00010000
00010000
26
00002000
00202000
00212011
20122111
01012121
11111221
00010000
00010000
21
01002000
00102000
00212011
20122111
02012121
11211221
00020000
00012000
68
01002000
00102000
00212011
20122111
02012121
11221221
00220000
00011100
27
01202000
00202000
00212011
20122111
02012121
11121221
01220000
00011100
24
01202000
00202000
00212211
21122211
01012221
11121221
01220000
00011100
77
01202000
00202000
00212211
21122211
01012211
11121211
22220010
00011100
72
01202000
00202210
00212211
21121211
01012211
11121211
22220010
00011100
18
01202000
00202210
00212211
22121211
21012211
12121211
11220010
10011100
61
01202100
00201210
00212211
22121211
21012211
12121221
11220012
10011100
57
01202100
00201210
00212211
22121211
21012211
12121221
11111022
10011102
13
01202100
00201210
10212211
12121211
11012211
12122221
11121022
10211102
41
01111100
00201210
10212211
12221211
11222211
12222221
11221022
10211102
78
01111100
00222210
10222211
12221211
11222211
12222211
11221012
10211112
67
01111100
00222222
10222122
12221212
11222112
12222112
11221112
10211112
28
01111100
00222222
10222122
12221212
11222112
12222112
11221112
11111112
71
01111112
00222122
10221212
12212212
11122112
11222112
11221112
11111112
23
22222222
02222122
11211212
11122212
11112112
11221112
11221112
11111112
12
