00000000
00000000
00000000
00222000
00021000
00000000
00000000
00000000
33
00000000
00000000
00100000
00212000
00022000
00002000
00000000
00000000
66
00000000
00200000
00200000
00212000
00021000
00002100
00000000
00000000
35
00000000
00200000
00200000
00222000
00112000
00002200
00000020
00000000
23
00000000
00200000
01200000
02222000
00112000
00002200
00000020
00000000
41
00010000
00100000
01200000
02222000
00212000
02002200
00000020
00000000
67
00010000
00100000
01200000
02222000
00222000
02201200
00000120
00000000
87
00010000
00100000
01200000
02222000
00222000
02202200
00002111
00000000
43
00210000
00200000
01210000
02222000
00222000
02202200
00002111
00000000
65
00210000
00200000
01210000
02221000
00222220
02202200
00002111
00000000
58
00210000
00200000
01210000
02221000
00221220
02201200
00002111
00021000
21
01110000
20100000
02210000
02221000
00221220
02201200
00002111
00021000
85
01110000
20100000
02210000
02221000
00221111
02201200
00002121
00021002
76
01110000
20100000
02210000
02221000
00221111
02202110
00002221
00021022
25
01110000
20100000
02210200
02122000
01121111
02202110
00002221
00021022
13
01110000
20100000
11110200
01122002
01121121
02202210
00002221
00021022
68
01110000
20120000
11120200
01122002
01121121
02202110
00002121
00021122
51
01111000
20110000
11120200
01122022
01121221
02202110
00002121
00021122
17
01111000
20110000
21120200
22222022
02121221
01202110
10002121
00021122
46
01111000
20110000
21110200
22212022
02211221
01211110
10201121
00021122
38
01111000
20110000
21110200
22112022
02121221
02211110
12101121
00111122
15
01111000
20110000
22222200
21112022
11121221
01211110
12101121
00111122
52
01111000
20111000
22211100
21111012
11121222
01222222
12101122
00111122
47
01111000
20111000
22211100
21111012
11111122
01111222
12111122
02222222
22
01111000
21111000
21111100
21111012
21111122
22222222
12111122
02222222
11
11111000
11111000
11111120
11111022
11111122
12222222
12111122
02222222
83
11111000
11111002
11111112
11111012
11111122
12222222
12111122
02222222
18
11111000
11111202
11112222
11121222
11212222
12122222
11111122
12222222
71
11111210
11111202
11111222
11111222
11112222
11122222
11111122
12222222
72
