00000000
00000000
00000000
00012000
00022200
00000000
00000000
00000000
66
00000000
00000000
00000000
00012000
00022200
00002100
00000000
00000000
46
00000000
00000000
00000000
00012000
00022200
00211100
00000000
00000000
34
00000000
00000000
00000000
02222000
00012200
00211100
00000000
00000000
23
00000000
00000000
01000000
02122000
00012200
00211200
00000200
00000000
53
00000000
00000000
01001000
02121000
00021200
00222200
00020200
00000000
35
00000000
00000000
01201000
02221000
00212200
00222200
00020200
00000000
48
00000000
00000000
01201000
02221000
00212200
00212200
00020200
00012000
26
00000000
00000000
01221000
02222000
00122200
01122200
00020200
00012000
75
00000000
00000000
01222200
02222000
00111110
01122200
00020200
00012000
52
00000000
00001200
01222200
02221000
00111110
01122200
00020200
00012000
74
00000000
00022200
01222100
02221010
00111110
01122200
00020200
00012000
14
00000000
00022200
01222100
11111012
00111120
01122200
00020200
00012000
22
00000000
01022200
01122100
11211012
02222220
01222200
00020200
00012000
38
00000000
01022200
01122200
11222222
02222220
01221200
00010200
00112000
83
00000000
01022200
01122201
11222212
02222120
02221200
20010200
00112000
61
00000100
01222100
01222101
11222112
02222120
02221200
20010200
00112000
16
00000100
01221100
01212101
12122112
22222120
21111200
20010200
00112000
21
01000100
01121100
01212101
12122112
22222120
22211200
22010200
00112000
77
01200100
01221100
01212101
12212112
22221120
22211100
22010210
00112000
18
01200100
01221100
01212101
12221112
12212120
12111200
11010220
10112002
13
01200100
01221100
11212101
11221112
12112120
12111200
12010220
12222002
78
01202100
01222100
11212101
11221112
12112120
12111200
12010120
12222012
37
01202100
01222220
11212101
11221112
12112120
11111200
11110120
12222012
87
01202100
22222220
12212101
11221112
12112120
11111200
11110111
12222012
85
01202100
22222220
12212101
11221111
12112111
11111200
11110211
12222222
76
01202100
22222220
12212221
11221221
12112121
11111120
11110221
12222222
41
01111100
22111220
11212121
11221211
12112121
11111122
11110222
12222222
81
01111101
22111210
11212121
11221211
12112121
11112222
11112222
12222222
82
01111121
22111221
11212121
11221121
12111121
11112222
11112222
12222222
11
