00000000
00000000
00000000
00222000
00021000
00000000
00000000
00000000
35
00000000
00000000
00000000
00222000
00112000
00000200
00000000
00000000
63
00000000
00000000
00000100
00221000
00212000
02000200
00000000
00000000
56
00000000
00000000
00000100
00221000
00222200
02001200
00000000
00000000
36
00000000
00000000
00000100
00221000
00222200
02222200
00000000
00000000
76
00000000
00000000
00000100
00222200
00222200
02222210
00000000
00000000
43
00000000
00000020
00010200
00222200
00222100
02222210
00000000
00000000
25
00000000
00000020
00010200
20122200
02111100
02222210
00000000
00000000
74
00000000
00000020
00010200
20111110
02222220
02222210
00000000
00000000
86
00000000
00000020
00010200
20111120
02222222
02222211
00000000
00000000
62
00000000
00000120
00010100
20111120
02222222
02222222
00000002
00000000
81
00000001
00000110
00010120
20111220
02222222
02222222
00000002
00000000
37
00000001
00000110
00010120
20111220
02122222
02222222
00120002
00000000
57
00000001
00000110
00010120
20111220
02121222
02221222
00222002
00020000
28
00000201
00000210
00010220
20111220
02121222
02211222
00122002
01020000
15
00000201
00000210
00010220
20111220
11121222
01212222
00122202
01020000
68
00000201
00000210
00010220
22222220
11121222
01212222
00121202
01020100
58
00000201
00000220
00010222
22222220
11121222
01112222
00111202
01021100
33
00000201
00000220
00110222
21112220
11121222
01212222
02222202
01021100
77
00000201
00000220
20110222
22112220
11221222
01222122
02222212
01021100
84
00000201
00000220
20110222
22111111
21221212
22222122
02222212
01021100
71
00000211
00000210
20110212
22111111
21221212
22222122
02222222
01022220
18
00000211
00000210
22110212
22211111
21221212
22122122
01222222
11022220
38
00000211
00020210
22220212
22221111
21221112
22121122
01112222
11122220
41
00010211
00012210
22220212
22211111
21211112
22111122
01112222
11122220
51
00011111
00012222
22220212
22211111
21211112
22111122
01112222
11122220
88
00011111
00012222
22222212
22222111
21212111
22112121
01112211
11111111
12
00011111
12012222
22222212
22122111
21212111
22112121
01112211
11111111
21
01011111
11222222
22222212
21122111
21212111
22112121
01112211
11111111
31
