00000000
00000000
00000000
00012000
00022200
00000000
00000000
00000000
46
00000000
00000000
00000000
00012000
00012200
00020000
00200000
00000000
64
00000000
00000000
00000000
00011100
00222200
00020000
00200000
00000000
36
00000000
00000000
00000000
00011100
00212200
02220000
00200000
00000000
76
00000000
00000000
00000020
00011200
00212100
02220010
00200000
00000000
47
00000000
00000000
00000020
00011200
00212100
02220010
00222000
00000000
63
00000000
00000000
00000120
00011100
00212220
02220010
00222000
00000000
25
00000000
00000000
00000120
00011100
01112220
02220020
00222020
00000000
58
00000000
00000200
00000220
00011200
01112220
02120020
00212020
00001000
68
00000000
00000200
00000220
00011200
22222220
02110020
00211020
00001100
16
00000000
00000200
00000220
00011200
22222220
12210020
02211020
00001100
74
00000000
00000200
00020220
00022110
22222220
12210020
02211020
00001100
38
00000000
00000200
00020220
00022110
22222220
12210020
01222220
00101100
87
00000000
00000200
00020222
00022120
22222220
12210020
01111111
00101100
24
00000000
00000200
00220222
02022120
21122220
11210020
01111111
00101100
82
00000000
00000201
00220212
02222120
21222220
11210020
01111111
00101100
23
00000000
00000201
01220212
01222120
21222220
11222020
01111111
00101100
42
00000000
00010201
01110212
22212120
22212220
11212020
01111111
00101100
53
00000000
00010221
01111222
22212120
22221220
11211020
01111111
00101100
81
00000001
00010211
01111122
22211220
22212220
12121020
02211111
02101100
17
00000001
00010211
01111122
22211220
22112220
12121020
11221111
02221100
18
00200001
00020211
01112122
22211220
22112220
12121020
11221111
11111100
13
00200021
00020221
11112122
11211220
12112220
12121020
11221111
11111100
66
00200021
00020221
11112122
11211120
12121120
12122120
11221221
11111120
41
00210021
00012221
11122222
11211120
12121120
12122120
11221221
11111120
21
01110021
02012221
12222222
12221120
12122120
12122220
11221221
11111120
85
01110021
02222221
12222122
12221110
12122111
12122210
11221121
11111120
84
01110021
02222221
12222121
12221211
12122121
12122222
11221121
11111120
12
01110221
11112211
11222221
12121211
12112121
12121222
11221121
11111120
51
21111111
12111111
11221211
12121211
12112121
12121222
11221121
11111120
88
