00000000
00000000
00020000
00022000
00021000
00000000
00000000
00000000
35
00000000
00000000
00020000
00022000
00211000
02000000
00000000
00000000
25
00000000
00000000
00020000
02022000
02111000
02000000
00000000
00000000
63
00000000
00000000
00020100
02021000
02112000
02000200
00000000
00000000
32
00000000
00100000
00010100
02021000
02222000
02020200
00000000
00000000
47
00000000
00100000
00010100
02011000
02212000
02020200
00012000
00000000
15
00000000
00100000
00210100
02021000
11112000
02020200
00012000
00000000
65
00000000
00100000
00222100
02021000
11111100
02020200
00012000
00000000
68
00000000
00100000
00222220
02021000
11111100
02010200
00011000
00000100
67
00000000
00100000
00222220
02022000
11121100
02210100
00011100
00000100
62
02000000
00200100
00221220
02012000
11121100
02210100
00011100
00000100
42
02000000
00210100
02222220
02012000
12121100
02210100
00011100
00000100
13
02000000
00210100
12222220
01012000
12122220
02210100
00011100
00000100
14
02200000
00220100
12222220
11012000
11122220
02110100
00011100
00000100
17
02200200
00220200
12222220
11012000
11122220
01110100
10011100
00000100
41
02210200
00110200
11212220
11012000
11122220
01110200
10011120
00000100
88
02222200
00120200
11212220
11012000
11121220
01110100
10011110
00000101
76
02222200
00120200
11212220
11012000
11122120
01112110
10011110
00000101
71
02222210
00120100
11211220
11222000
11122120
01112110
10011110
00000101
85
02222210
00120100
11211220
11222000
11122111
01112110
10012110
00002101
64
02222210
00120100
11211120
11211200
11222111
01222110
10222110
00002101
74
02222210
02220100
11211120
11211110
11222111
01222110
10222110
00002101
72
02222210
02220110
11211110
11211110
12222111
22222110
10222110
00002101
27
02222210
02220110
12211110
12211110
12212111
22122110
12211110
02002101
48
02222210
02220112
12211120
12211210
12212111
21122110
12111110
02011101
11
11111110
01220112
12111120
12211220
12212121
21122120
12111220
02011121
18
11111110
22220112
22111120
22211220
22212121
21122120
11111220
12011121
87
11111110
22222222
22122220
22212220
22212121
21122110
11111111
12011121
81
11111111
22222212
22122120
22211220
22212121
21222110
12221111
12222221
86
11111111
22212212
22121120
22211122
22212121
21222211
12222111
12222221
83
