00000000
00000000
00000000
00012000
00022000
00002000
00000000
00000000
66
00000000
00000000
00000000
00222000
00021000
00002100
00000000
00000000
35
00000000
00000000
00000000
00222000
00112000
00002200
00000020
00000000
53
00000000
00000000
00001000
00212000
00222000
00202200
00000020
00000000
64
00000000
00000000
00001000
00222220
00222000
00202200
00000020
00000000
26
00000000
00020000
00002000
00212220
00122000
01202200
00000020
00000000
37
00000000
00020000
00022000
00222220
00122000
01102200
00100020
00000000
62
00000000
00020100
00021000
00212220
00122000
01202200
02100020
00000000
46
00000000
00020100
00021000
00212220
02222000
02112200
02100020
00000000
63
00000000
00020100
00021100
00211220
02212000
02112200
02200020
00020000
88
00000000
00020100
00021100
00212220
02222200
02112100
02200010
00020001
17
00000000
00020100
00021100
00212220
02122200
22222100
12200010
00020001
38
00000000
00020100
00221100
00222220
02122200
22122100
12100010
00120001
85
00000000
00020100
00221100
00222210
02122201
22122100
22100010
20120001
47
00000000
00020100
00221100
00222210
02122201
22122220
22110010
20120001
86
00000000
00020100
00221100
00222210
02122201
22112211
22110210
20120001
58
00000000
00020100
00221100
00222222
02122201
22112211
22110110
20111001
75
00000000
00020100
00222220
00222122
02111111
22112211
22110110
20111001
15
00000000
00020100
00222220
02222122
12111111
22112211
22110110
20111001
14
00000000
00020100
00222220
11111122
11111111
22112211
22222110
20111001
83
00000000
00020100
20222221
22111111
21211111
22122211
22222110
20111001
31
00100000
00012100
20222221
22112111
21212111
22122211
22222110
20111001
23
00100000
02012100
22211111
22122111
22212111
22122211
22222110
20111001
28
00100200
02012200
22211211
22122211
22211211
22112211
22122110
21111001
71
00100210
02222100
22221211
22122211
22211211
22112211
22122110
21111001
12
00102210
11122100
21222211
22122211
22211211
22112211
22122110
21111001
41
02111110
12211100
22222111
22112211
22211211
22112211
22122110
21111001
68
02111110
12211100
22222111
22112211
22211211
22112211
22121210
22222221
11
11111110
11211102
22122121
22112211
22211211
22112211
22121210
22222221
81
11111111
11211101
22122121
22112211
22211211
22112221
22121222
22222221
72
