00000000
00000000
00000000
00021000
00012000
00000000
00000000
00000000
56
00000000
00000000
00000000
00021000
00021000
00021000
00000000
00000000
33
00000000
00000000
00100200
00012000
00021000
00021000
00000000
00000000
36
00000000
00000000
00100200
00012000
00022200
00111000
00000000
00000000
34
00000000
00000000
00100200
00112000
00012200
00112000
00020000
00000000
48
00000000
00000000
00100200
02222000
00012200
00112000
00010000
00010000
64
00000000
00000000
00100200
02222220
00011200
00112000
00010000
00010000
23
00000000
00000000
01100200
02122220
00222200
00112000
00010000
00010000
84
00000000
02000000
02200200
02121111
00222200
00112000
00010000
00010000
66
00000000
02000000
02200200
02121111
00222100
00211100
02010000
00010000
12
00000000
12000000
01200200
02121111
00222100
00222100
02012000
00010000
62
00000000
12000120
01200200
02122111
00222100
00222100
02012000
00010000
32
00000000
11102220
01100200
02122111
00222100
00222100
02012000
00010000
15
00000000
11102220
01100200
01122111
10222100
00222100
02022000
00012000
25
20000000
12102220
01200200
01122111
11111100
00222100
02022000
00012000
26
20000000
12102220
01200200
01122211
11111200
01111200
02022200
00012000
43
20000000
12102220
01110200
22222211
12111200
01211200
02022200
00012000
61
20000100
12222220
01220200
22222211
12111200
01211200
02022200
00012000
76
20000100
22222220
22220200
22222211
12111200
01211110
02022200
00012000
68
20000100
22222220
22220200
22222211
12112200
01221110
02221100
00011100
75
20000100
22222220
22220200
22222221
12222222
01221110
02221100
00011100
86
20000100
22222220
22220200
22222221
12222221
01221121
02221102
00011100
88
20000100
22222220
22220200
22222221
12222221
01221221
02222221
00011101
41
20010100
22211220
22210100
22212211
12212221
02211221
22212221
00011101
21
22210100
22211220
22210100
22212211
12212221
02211221
22212221
00011101
83
22210102
22211220
22210201
22212211
12212221
02211221
22212221
00011101
18
22210102
22211220
22210201
22212211
12212221
02112221
21222221
10211101
28
22210102
22211220
22210201
22212211
22212221
22112221
21122221
11111101
53
22222102
22221220
22211201
22211111
22211211
22111221
21121221
11111101
78
22222222
22221220
22211201
22211111
22211211
22111211
21121111
11111111
82
