00000000
00000000
00000000
00012000
00022000
00002000
00000000
00000000
46
00000000
00000000
00000000
00012000
00222000
00012000
00000000
00000000
26
00000000
00000000
00000000
00012000
02222000
01012000
00000000
00000000
66
00000000
00000000
00000000
00012000
02221000
02011100
20000000
00000000
15
00000000
00000000
00002000
00022000
11211000
02011100
20000000
00000000
43
00000000
00000000
00012000
00012000
11221000
02211100
20000000
00000000
52
00000000
00021000
00021000
00021000
11221000
02211100
20000000
00000000
41
00010000
00011000
00011000
02011000
12211000
02211100
20000000
00000000
13
00010000
00011200
10012000
01021000
12211000
02211100
20000000
00000000
27
00010000
00011200
10012000
01022000
11212000
01122100
21002000
00000000
58
00010000
00011200
10011000
01021000
11211000
22221100
21001000
00001000
47
00010000
00011200
10011000
01021000
11211000
22111100
22011000
00201000
72
00010000
00011110
10011000
01021000
11211000
22121100
22012000
00201200
67
00010000
00011110
10011000
01021000
11211000
22122220
22011100
00201200
28
00010000
00011110
10011000
01021000
11222200
21122220
21011100
01201200
34
00010000
00011110
10011000
01111000
11112200
21121220
22211100
01201200
78
00010000
00011110
10011200
01112000
11122200
21221220
22211100
01201110
18
00010000
00011110
10011100
01111000
11112200
11121220
11222100
11221110
74
00010000
00011110
10011100
01111010
11112100
11121220
11222100
11222222
64
00010000
00011110
10011102
01111120
11111200
11112220
11122100
11222222
84
00010000
00011110
10011102
21111111
12111200
11212220
11122100
11222222
82
00010000
00011111
12011101
22211111
12121200
11212220
11122100
11222222
22
00010000
01211111
12021101
21212111
11121200
11212220
11122100
11222222
33
00012000
01212111
11112101
21112111
11121200
11212220
11122100
11222222
31
00112000
22222111
22112101
21212111
11121200
11212220
11122100
11222222
86
00112000
22222211
22112221
21212111
11121200
11211111
11122100
11222222
71
00112210
22222211
22111221
21212111
11121200
11211111
11122100
11222222
21
01112210
21122211
21111221
21212111
11121200
11211111
11122220
11222222
11
11112210
11122211
11111221
11212121
11121202
11211121
11122220
11222222
75
11112222
11122222
11111212
11212112
11121112
11211121
11122220
11222222
87
