00000000
00000000
00000000
00012000
00022000
00002000
00000000
00000000
46
00000000
00000000
00000000
00012000
00022000
00222000
00000000
00000000
47
00000000
00000000
00200000
00022000
00012000
00212000
00010000
00000000
27
00000000
00000000
00200000
00222000
00022000
00112000
01010000
00000000
65
00000000
00000000
00200000
00222000
00022100
00112000
01012000
00000000
64
00000000
00000000
00200000
00222100
00021100
00122000
01022000
00020000
22
00000000
01000000
00100000
00212100
00021200
00122020
01022000
00020000
58
00000000
01000000
00100000
00212100
00021200
00122020
01011200
00021000
74
00000000
01000000
00100020
00212210
00022100
00121020
01011200
00021000
63
00000000
01000000
00102220
00212110
00012100
00121020
01011200
00021000
38
00000000
01000000
00102220
00222110
00222100
00121020
01011200
00111000
72
00000000
01000012
00102120
00221210
00212100
00121020
01011200
00111000
87
00000000
01000012
00102120
00221210
00212100
00221010
01222201
00111000
66
00000000
01000012
00102120
00211210
00211102
00221120
01221201
00111000
86
00000000
01002012
00102220
00211220
00211102
00221111
01221201
00111000
78
00000000
01002012
00102220
00211220
00222222
00221111
01221101
00111010
62
00000000
01022112
00102120
00211220
00222122
00221111
01221101
00111010
41
00010000
01021112
00202120
02211220
00222122
00221111
01221101
00111010
23
00010000
01021112
01202120
02111220
00212122
00221111
22221101
00111010
13
00010000
01021112
11202120
01111220
00112122
00211112
22221102
00111012
18
00010000
01021112
11202120
02111220
20112122
00111112
21221102
10111012
32
00012000
01122212
11202120
02111220
20112122
00111112
21221102
10111012
83
00012000
01122212
11202111
02111210
20112122
00111222
21222222
10111012
16
00222000
01222212
11202111
02111210
20112122
10111222
11222222
10111012
14
00222000
22222212
12202111
11211210
10122122
10112222
11222222
10111012
28
00222000
22222212
12222111
11222210
10122222
10112222
11122222
11111012
68
00222000
22222212
12222122
11222222
10122122
10112122
11121122
11111112
11
10222002
11222222
12122222
11212222
10121122
10112122
11121122
11111112
71
10222012
11222112
12121212
12212212
12221112
10212112
11121112
11111112
61
12222112
12221112
12111212
12112212
11221112
10212112
11121112
11111112
26
