00000000
00000000
00000000
00021000
00012000
00000000
00000000
00000000
65
00000000
00000000
00000000
00021000
00021100
00020000
00000000
00000000
37
00000000
00000000
00000200
00022000
00021100
00010000
00100000
00000000
33
00000000
00000000
00100200
00012000
00021100
00020000
00120000
00000000
35
00000000
00000000
00100200
00012000
00111100
00020000
00220000
02000000
72
00000000
00000010
00100100
02011000
00211100
00020000
00220000
02000000
25
00000000
00020010
00200100
02011000
01111100
00020000
00220000
02000000
22
00000000
01020010
00100100
02011200
01112100
00020000
00220000
02000000
74
00000000
01020010
00100120
02011210
01112100
00020000
00220000
02000000
13
00000000
01020010
10100120
01011220
01112220
00020000
00220000
02000000
56
00000000
01020010
10120120
01022220
01121220
00021000
00220000
02000000
66
00000000
01020010
10120120
01022120
01122120
00021200
00220020
02000000
36
00000000
01020010
10120120
01022120
01112220
00111220
00220020
02000000
53
00000000
01022010
10111220
01011120
01111220
00111220
00220020
02000000
62
00000000
01022110
10211120
02011120
22222220
00111220
00220020
02000000
23
00000000
01022110
11111120
02011120
22222220
00211220
02220020
02000000
84
00000000
01022110
11111210
02011121
22222222
00211220
02220020
02000000
83
00000200
01022210
11111211
02011111
22222122
00211220
02220020
02000000
34
00000200
01222210
11221211
02212111
22212222
00211220
02220020
02000000
26
00000200
01222210
11221211
01212111
22112222
22222220
02220020
02000000
51
00001200
01211110
12121211
22212111
22112222
22222220
02220020
02000000
17
00001202
01211120
12121211
12212111
12112222
11222220
12220020
02000000
48
00201202
01221120
12122211
12212211
12112222
11212220
12110020
02010000
18
02201202
02221120
12122211
12212211
12112222
11112220
11110020
12010000
67
02201202
02221120
12122111
12212111
12212122
11122220
11112220
12010000
82
02222202
02222111
12122211
12212121
12212122
11122220
11112220
12010000
88
02222202
02222111
12122211
12212121
12211122
11222120
11122210
12012001
12
02222202
11111111
11122211
12112121
12211122
11222120
11222210
12222001
86
02222202
11111111
11122211
12112121
12211121
11222121
11222220
12222021
87
02222222
11111221
11122221
12112121
12211121
11222111
11111111
12222021
68
