00000000
00000000
00000000
00021000
00012000
00000000
00000000
00000000
65
00000000
00000000
00000000
00022200
00011100
00000000
00000000
00000000
63
00000000
00000000
00000100
00021100
00012100
00000200
00000000
00000000
56
00000000
00000000
00000100
00022220
00011100
00001200
00000000
00000000
73
00000000
00000000
00000110
00022120
00011200
00001220
00000000
00000000
77
00000000
00000000
00000110
00022120
00012200
00002120
00002010
00000000
33
00000000
00000000
00100110
00012120
00011200
00002220
00002210
00000000
75
00000000
00000200
00100210
00012210
00011210
00002210
00002210
00000000
58
00000000
00000200
00100210
00012210
00012210
00022210
00001110
00001000
36
00000000
00000202
00100220
00012210
00012210
00111110
00001110
00001000
61
00000100
00000122
00100220
00012110
00012110
00111110
00001110
00001000
43
00000100
00000122
00110220
00011110
00012110
00121110
00201110
00001000
71
00000110
00000112
00110210
00011110
00012110
00122222
00201110
00001000
47
00000110
00000112
00110210
00011110
00012110
00111222
00222222
00001000
78
00000110
00200112
00120210
00012110
00012210
00111222
00222112
00001010
52
00000110
00201112
02220110
00012110
00012210
00111222
00222112
00001010
53
00000110
00222222
02222110
00011210
00011220
00111222
00222112
00001010
83
00000110
00222212
02222111
00222210
00011220
00111222
00222112
00001010
48
00000110
00222212
02222211
00222220
00011222
00111222
00212112
00011010
84
00000110
00222212
02222211
00222221
00011212
00111222
00211222
00011210
35
00000110
00222112
02221211
00212221
00121212
00211222
02211222
00011210
18
00000110
00222112
02221111
00211221
00111212
00111222
22211222
10011210
21
01000110
00122112
02211111
00211221
00111212
00112222
22221222
10222210
13
01000112
00122122
11111211
00212221
00121212
00212222
22221222
10222210
88
01200112
00222122
11211211
00212221
00121211
00212121
22221211
10222211
41
01110112
00111122
11211111
00212211
02221211
00212121
22221211
10222211
24
01110112
20111122
12111111
01212211
02121211
00212121
22221211
10222211
16
01110112
20111122
12111111
01112211
22221211
10212121
12221211
10222211
28
01110112
22222222
12111111
01112211
22221211
10212121
12121211
11111111
14
01110112
22122222
12111111
12112211
12221211
12222121
12111211
11111111
51
