00000000
00000000
00020000
00022000
00021000
00000000
00000000
00000000
53
00000000
00000000
00021000
00022200
00021000
00000000
00000000
00000000
35
00000000
00020000
00022000
00012200
00111000
00000000
00000000
00000000
74
00000000
00020000
00022000
00012110
00112000
00002000
00000000
00000000
31
00100000
00010000
00021000
00012222
00112000
00002000
00000000
00000000
63
00100000
00010200
00021200
00011222
00112000
00002000
00000000
00000000
75
00100000
00010200
00021200
00012222
00112210
00002000
00000000
00000000
33
00100000
00210200
00121200
00012222
00112210
00002000
00000000
00000000
72
00100000
00210222
00121100
00011222
00112210
00002000
00000000
00000000
21
01100000
00110222
00111200
00012222
00122210
00202000
00000000
00000000
71
01100010
00112222
00112200
00012222
00122210
00202000
00000000
00000000
37
01100010
00112222
02222200
00012222
00122210
00102000
00100000
00000000
24
01100010
00112222
02122200
01222222
00122210
00102000
00100000
00000000
81
01100011
00112212
02122100
01221222
00122210
00122000
00100000
00000000
57
01100011
00112212
02122100
01221222
00121210
00112000
00101200
00000000
41
01110011
02222212
02222100
01221222
00121210
00112000
00101200
00000000
11
11110011
01222212
02122100
22211222
00121210
00112000
00101200
00000000
51
11111011
01211212
02121100
22211222
00221210
00212000
00201200
00200000
66
11111211
01212212
02121100
22211122
00221110
00211100
00201200
00200000
73
11111211
01212112
02122110
22212112
00222110
00212100
00202200
00202000
48
11111211
01212112
02122110
22212212
00222120
00212102
00201200
00212000
47
11111211
01212122
02122222
22212222
00222220
00212102
00221200
00212000
13
11111211
22212122
22122222
21212222
00122220
00212102
00221200
00212000
76
11111211
22112112
22112212
21211212
00122110
00212212
00221220
00212000
15
11111211
12112112
12112212
12211212
12222110
00212212
00221220
00212000
16
11111211
12112112
12112212
12111212
12222110
12212212
00221220
00212000
78
11111211
12112112
12112212
12111212
12212110
12211212
00222222
00212010
88
11111211
12112112
12112212
12111222
12222222
12211122
00222212
00212011
27
11111211
11112112
11112212
11111222
11212222
12111122
22222222
00212011
28
11111211
11112112
11112212
11112222
11222222
11211122
22122222
22222011
68
