00000000
00000000
00000000
00021000
00012000
00000000
00000000
00000000
65
00000000
00000000
00000000
00022200
00011100
00000000
00000000
00000000
73
00000000
00000000
00000010
00022100
00011200
00000020
00000000
00000000
34
00000000
00000000
00000010
00111100
00222200
00000020
00000000
00000000
36
00000000
00000000
00000210
00111200
00112200
00100020
00000000
00000000
46
00000000
00000000
00000210
00111100
02222200
00110020
00000000
00000000
16
00000000
00000000
02000210
00211100
01222200
10110020
00000000
00000000
66
00000000
00000000
02000210
00211100
22221100
10110120
00000000
00000000
33
00000000
00000000
02100210
00111100
22121100
10220120
00020000
00000000
86
00000000
00000000
02100210
00111100
22122220
10220111
00020000
00000000
85
00000000
00000000
02100210
00111200
22111211
10220211
00020200
00000000
72
00000000
00200010
02200110
00211200
22211211
10220211
00020200
00000000
12
00000000
10200010
01200110
02222200
22211211
10220211
00020200
00000000
14
00000000
12200010
02200110
12222200
12211211
10220211
00020200
00000000
41
00010000
12100012
01200120
12222200
12211211
10220211
00020200
00000000
21
01010000
11100012
01200120
12222200
12222211
10222211
00020200
00000000
77
01010000
11100012
01102220
12222200
12221211
10222111
00020210
00000000
27
01010000
11100012
01102120
12221200
12211211
10122121
01020222
00000000
48
01210000
11200012
01202120
12221200
12211211
10112121
01010222
00010000
83
01210000
11200222
01202211
12221200
12211211
10112121
01010222
00010000
13
01210000
11200222
11202211
11222200
12121211
10212121
02010222
20010000
74
01210000
11200222
11202221
11111210
12122111
10221121
02210222
20010000
52
01222000
11202222
11202121
11112210
12122111
10221121
02210222
20010000
26
01222000
11202222
11202122
11112222
11122112
11111122
02110222
20010000
61
01111120
11202222
11202122
11112222
11122112
11111122
02110222
20010000
17
01111120
11202222
11202122
11212222
11222212
11212122
11220222
20210000
81
21111111
22202212
21202122
21212222
21222212
21212122
21220222
20210000
88
21111111
22202211
21202121
21212221
21222211
21212121
21220211
20222001
28
21111111
22202211
21202121
21212221
21222211
21212121
21120221
21222021
42
21111111
22211111
21101121
21212121
21222211
21222121
21122221
21222021
68
