00000000
00000000
00000000
00012000
00022200
00000000
00000000
00000000
64
00000000
00000000
00000200
00012200
00022200
00000000
00000000
00000000
46
00000000
00000000
00000200
00012200
00022200
00210000
00000000
00000000
26
00000000
00000000
00000200
00222200
00022200
01110000
00000000
00000000
43
00000000
00000000
00210200
00222200
00012200
01110000
00000000
00000000
72
00000000
00200010
00220100
00222200
00012200
01110000
00000000
00000000
23
00000000
00200010
01220100
00122200
00022200
01120000
00020000
00000000
31
00100000
00100010
01120100
02222200
00022200
01120000
00020000
00000000
66
00100000
00100010
01120100
02212100
00021100
22220100
00020000
00000000
14
00100000
00100010
01120120
11112200
00022100
22220100
00020000
00000000
74
02100000
00200010
01120110
11111110
00022100
22220100
00020000
00000000
52
02100000
02201010
01210110
11121110
00022100
22220100
00020000
00000000
13
02100000
01201010
11210110
11121110
00022220
22220100
00020000
00000000
48
02100000
01201010
11210110
11111110
00012220
22220100
00210000
00010000
28
02100000
01201010
11210110
11111110
00011220
22210100
00120000
01012000
15
02100000
01201010
11210110
11111110
10011220
21210100
02220000
01012000
86
02100000
01201010
11210112
11111120
10011210
21210101
02220000
01012000
76
02100000
02201010
12210112
12111120
12011110
22210111
02220000
01012000
85
02100000
02201010
12210112
12111110
12011111
22210111
02220000
01222000
18
02100000
02201010
12220112
12112110
12011211
22110121
01220002
11222000
35
02100002
02201020
12220212
11112110
11111211
22110121
01220002
11222000
11
11100002
01201020
12120212
11112110
11111211
22110121
22220002
11222000
77
11100002
01201020
12120222
11112120
11111221
22110121
22220022
11222020
12
11100002
11201020
11120222
11112122
11111222
22110122
22220022
11222020
62
11120002
11202120
11120222
11112122
11111222
22110122
22220022
11222020
88
11120002
11202120
11120222
11112122
11111222
22110222
22220222
11222021
82
11120002
11202111
11120211
11112121
11112221
22222221
22220221
11222021
68
11120002
11202111
11122211
11122221
11212121
22222121
22220111
11111111
61
11120102
11221111
11122211
11122221
11212121
22222121
22220111
11111111
51
11111122
11211221
11122221
11122221
11212121
22222121
22220111
11111111
57
