00000000
00000000
00000000
00012000
00022000
00002000
00000000
00000000
46
00000000
00000000
00000000
00222000
00022000
00012000
00000000
00000000
43
00000000
00000000
00010000
00212000
00022000
00222000
00000000
00000000
65
00000000
00000000
00010000
00211000
00022220
00222000
00000000
00000000
27
00000000
00000000
00012000
00212000
00012220
00122000
01000000
00000000
23
00000000
00000000
01012000
00112000
00012220
02222000
01000000
00000000
64
00000000
00000000
01012000
00111100
00012220
02222000
02000000
20000000
63
00000000
00000020
01011200
00112100
00022220
02222000
02000000
20000000
76
00000000
00000020
01011220
00111200
00022120
02222010
02000000
20000000
85
00000000
00000020
01222220
00121200
00022111
02222010
02000000
20000000
47
00000000
00000020
01222220
00121200
00022111
02221010
02020000
20002000
38
00000000
00000020
01222220
02221200
00022111
02221010
02010000
20102000
83
00000000
02000020
02211111
02221200
00022111
02221010
02010000
20102000
25
00000000
02000020
02211111
22121200
02022111
02221010
02020000
20102000
32
00000000
02100020
02111111
22121200
02022111
02222010
02022000
20102000
35
00000000
02100022
02111121
22111200
02111111
02222010
02022000
20102000
15
00000000
02102022
02112121
21112200
11112111
02222010
02022000
20102000
28
00000000
02102022
02112122
21112202
11112111
01222010
01022000
21102000
21
01000000
01102022
01122122
21212202
22112111
22222010
01022000
21102000
66
01020000
01202022
02122122
21212202
22111111
22222110
01022000
21102000
51
01021000
01201022
02121122
21211202
22111122
22222222
01022000
21102000
37
01021000
01201222
02122222
21221202
22211122
22112222
01122000
21102000
61
01021100
01202122
02122222
21222222
22211222
22112222
01122000
21102000
13
01021100
01202122
11122222
21222222
22211222
22112222
01222000
22222000
87
01021100
01102122
11112222
21221222
22211122
22112222
01222201
22222000
77
01021100
01102122
11112222
21221222
22211122
22112122
01111221
22222020
88
01021100
01102122
11112222
21221222
22211122
22122122
01112221
22222221
81
01221101
01202111
11212121
21221221
22211121
22122121
01112221
22222221
42
01221101
21111111
22111121
21221121
22211111
22122121
01112221
22222221
17
01222221
21111121
22111121
21211121
22111111
21122121
11112221
22222221
11
