00000000
00000000
00020000
00022000
00021000
00000000
00000000
00000000
35
00000000
00000000
00020000
00022000
00211000
02000000
00000000
00000000
42
00000000
00210000
00020000
00012000
00211000
02000000
00000000
00000000
53
00020000
00220000
00021000
00011000
00211000
02000000
00000000
00000000
25
00020000
00220000
00021000
00021000
01121000
02020000
00000000
00000000
36
00020000
00220000
00021000
02021000
02211000
02120000
00000000
00000000
31
00120000
00210000
00021000
02021000
02211000
02220000
00020000
00000000
33
00120000
00110000
00111200
02012000
02221000
02220000
00020000
00000000
37
00120000
00110000
00111200
02012000
02221000
02220000
00122000
00000000
15
00120000
00110000
00111200
01012000
11111000
01220000
00222000
02000000
64
00120000
00110000
00111200
01211100
11211000
01220000
00222000
02000000
48
02220000
00110000
00111200
01211100
11211000
01210000
00112000
02010000
66
02220000
00110000
00111200
22211100
12211000
01210100
00111000
02010000
23
02220000
00120000
01112200
21111200
11211020
01210100
00111000
02010000
51
02222200
00110000
01112200
21111200
11211020
01210100
00111000
02010000
73
02222200
00110000
01111110
21111100
11211020
02210100
20111000
02010000
13
02222200
02110000
12111110
12111100
12211020
02210100
20111000
02010000
84
02222200
02210000
12121110
12112101
12222210
02210100
20111000
02010000
27
02222200
02210000
12121110
12111101
12212222
02110100
21111000
02010000
52
02222200
02211000
12111110
12111101
12212222
02210100
21211000
02210000
16
02222200
02211000
12111110
12111101
11212222
11120100
21212000
02210200
67
02222200
22211000
22111110
22111101
21212222
21120100
21211100
02210200
76
02222200
22211000
22111110
22111101
21212122
21120220
21222220
02210200
87
02222200
22211000
22222222
22111102
21212122
21120210
21111111
02210200
74
02222200
22211000
22222122
22111112
21212112
21120210
21111121
02210202
78
02222200
22211000
22222122
22111112
22212112
21220220
21121211
02222212
56
02222200
22211000
22222122
22111212
22211122
21111222
21121122
02222212
82
02222202
22211002
22222112
22111112
22211122
21111222
21121122
02222212
11
12222202
21222202
22122222
22111212
22211222
21111222
21121122
02222212
72
12222222
21111222
22122122
22111222
22211222
21111222
21121122
02222212
18
