00000000
00000000
00020000
00022000
00021000
00000000
00000000
00000000
35
00000000
00000000
00020000
00022000
00112000
00002000
00000000
00000000
63
00000000
00000000
00020100
00022200
00112000
00002000
00000000
00000000
67
00000000
00000200
00020200
00022200
00112000
00001000
00000100
00000000
65
00000000
00000200
00020200
00022200
00112200
00001200
00000100
00000000
53
00000000
00000200
00021200
00011200
00111200
00002200
00020100
00000000
71
00000010
00020100
00022200
00011200
00111200
00002200
00020100
00000000
73
00000010
00020100
00022210
00011100
00111200
00002200
00020200
00000200
52
00000010
00021100
00021210
00211100
00121200
00002200
00020200
00000200
75
00020010
00022100
00021210
00211100
00121110
00002200
00020200
00000200
46
00020010
00022100
00021210
00212100
00111210
00012220
00020200
00000200
78
00020010
00022100
00021222
00212100
00111210
00011220
00020100
00000210
72
00020010
00022110
00021122
00211100
00111222
00011220
00020100
00000210
23
00022010
00022210
01021122
00111100
00111222
00011220
00020100
00000210
82
00022010
00022211
01021212
00111120
00111222
00011220
00020100
00000210
33
00022210
00022221
01111212
00111120
00111222
00011220
00020100
00000210
81
00022211
00022211
01112112
00121120
00211222
02011220
00020100
00000210
58
00022211
00022211
01112122
00121122
00211222
02011220
00020100
00001110
48
00022211
00022211
01112122
00121122
00211222
02012220
00020100
00211110
28
00022211
00022211
22222122
00121122
00211222
02012220
00020100
01111110
87
00022211
00022211
22222122
00121122
00211122
02012220
00020121
01111110
36
00022211
00022211
22222122
02221122
00111122
02112220
00010121
01111110
14
00022211
00022211
22222122
11211222
00212122
02222220
00210121
01111110
25
00022211
00022211
22222122
22211222
22222122
02122220
00210121
01111110
31
00111111
00022211
22222122
22211222
22222122
02122220
00222221
01111110
86
00111111
00012211
22221121
22211121
22222111
02111211
00222221
01111112
27
00111111
00222211
22221121
22211121
22222111
02111211
01111111
01111112
21
01111111
00122211
22211121
22211121
22222111
02211211
02111111
22222222
12
21111111
20122211
21211121
22111121
22212111
02211211
02111111
22222222
22
21111111
21122211
21111121
22111121
22212111
02211211
02111111
22222222
16
