00000000
00000000
00000000
00021000
00012000
00000000
00000000
00000000
65
00000000
00000000
00000000
00021000
00012100
00000200
00000000
00000000
56
00000000
00000000
00000000
00022200
00011200
00001200
00000000
00000000
33
00000000
00000000
00100000
00012200
00021200
00201200
00000000
00000000
75
00000000
00000000
00100000
00012200
00022110
00202200
00002000
00000000
74
00000000
00000000
00102000
00012110
00022110
00202200
00002000
00000000
47
00000000
00000000
00102000
00012110
00022110
00201200
00022000
00002000
67
00000000
00000000
00102000
00012110
00022110
00202100
00022200
00002020
43
00000000
00020000
00122000
00021110
00022110
00202100
00022200
00002020
38
00000000
02020000
00222000
00021110
00022110
00201100
00012200
00102020
46
00000000
02020000
00222000
00021110
00022222
00211100
00012200
00102020
77
00000000
02020000
00222000
00021110
00022222
00211200
00011120
00102022
26
00000000
02020000
00222020
00021220
00022222
01111200
00011120
00102022
84
00000000
02020000
00222020
00021111
00022212
01111200
00011220
00102222
62
00000000
02020100
00222010
00021111
00222212
01121200
00012220
00102222
32
00000000
02120100
00212010
00021111
02222212
01221200
00022220
00102222
41
00010000
02222100
00212010
00021111
02222212
01221200
00022220
00102222
34
00010000
02222100
02212010
00211111
02222212
01222200
00022220
00102222
31
00110000
02212100
02222210
00212221
02222212
01222200
00022220
00102222
11
10110000
01212102
02122220
00212221
02222212
01222200
00022220
00102222
72
12110000
02212112
02122210
00212211
02222212
01222200
00022220
00102222
37
12110000
02212112
02122210
00112111
02121212
22222200
00122220
00102222
14
12110000
02112112
22222210
10112111
02121212
22222200
00122220
00102222
27
12110000
02112112
22222110
10111111
02111212
22122200
22222220
00102222
76
12110020
02112222
22222120
10111121
02111122
22111120
22222220
00102222
61
12110120
02111122
22212120
20111121
22111122
22111120
22222220
00102222
18
12222220
02122222
22212120
20111121
22111122
22111120
21222220
10102222
48
12222220
02122222
22212120
22222221
22211122
22121120
21212220
10112222
83
12222220
02122222
22212111
22222211
22211122
22121120
22212220
12222222
87
12222220
02122222
22212111
22222211
22211122
22122222
22211122
12222222
12
12222220
11122222
11212111
12122211
12211122
12122222
12211122
12222222
81
