00000000
00000000
00000000
00012000
00022200
00000000
00000000
00000000
64
00000000
00000000
00020000
00022100
00022200
00000000
00000000
00000000
46
00000000
00000000
00020000
00022100
00022200
00010200
00000000
00000000
67
00000000
00000000
00020000
00022100
00022200
00010120
00000100
00000000
86
00000000
00000000
00020000
00022100
00022200
00020111
00200100
00000000
33
00000000
00000000
00120000
00012100
00022200
00022111
00200100
00000000
36
00000000
00000000
00120000
00012100
00022200
00111121
00200102
00000000
63
00000000
02000000
00220100
00021100
00012200
00111121
00200102
00000000
85
00000000
02000000
00220100
00021100
00012201
00111211
00200122
00000000
32
00000000
02100000
00210100
00022220
00012201
00111211
00200122
00000000
38
00000000
02100200
00210200
00022220
00012201
00111211
00100122
00100000
12
00000000
11100200
00210200
00022220
00012201
00112211
00102222
00100000
72
00000000
11100210
00210100
00221220
00022201
00112211
00102222
00100000
25
00000000
11102210
00210200
00121220
01022201
00112211
00102222
00100000
23
00000000
11102222
01110200
00121220
01022201
00112211
00102222
00100000
41
20010000
12101222
01210100
00121210
01022201
00112211
00102222
00100000
21
21010000
21101222
22210100
00121210
01022201
00112211
00102222
00100000
88
21010000
21101222
22222100
00112210
01022201
00112111
00102211
00100001
71
21010010
21101122
22221100
00112210
01022201
02222111
00102211
00100001
47
21010010
21101122
22221100
00212210
02012101
22111111
00111111
00100001
75
21010010
21101122
22221100
00222110
02022111
22121111
00221111
00120001
35
21010010
21101122
22121100
00112110
02112111
22112111
00222111
00122001
14
21010010
22222222
21121100
10112110
01112111
22112111
00222111
00122001
81
21010011
22222212
21121102
10112120
01112211
22112111
00222111
00122001
17
21010011
22222212
22221102
12222120
01212211
21122111
10222111
00122001
15
21010011
22222212
22221102
12222120
11212211
11122211
10222211
00122201
27
21010011
22222212
22222222
12222220
11212211
11122211
11111111
00122201
78
21010011
22222212
22222222
22222220
21222211
21222211
22111111
20111111
84
22210011
22222211
22222221
22222221
21222211
21222211
22111111
20111111
61
22222111
22222211
22212121
22122121
21222111
21222111
22111111
20111111
28
