00000000
00000000
00000000
00021000
00012000
00000000
00000000
00000000
56
00000000
00000000
00000000
00021000
00012000
00001200
00000000
00000000
43
00000000
00000000
00010000
00011000
00012000
00002200
00002000
00000000
58
00000000
00000000
00210000
00021000
00012000
00001200
00001000
00001000
23
00000000
00000000
01110000
00021000
00022000
00022200
00001000
00001000
35
00000000
00000000
01110000
00021000
00122000
00222200
00001000
00001000
75
00000000
00000000
01110000
00021000
00222010
02222100
00001000
00001000
34
00000000
00000000
01112000
00122000
00222010
02222100
00001000
00001000
63
00000000
00000000
01111100
00122000
00222010
02222220
00001000
00001000
37
00000000
00000000
01111100
00122002
00122020
02122220
00101000
00001000
47
00000000
00000200
01112100
00122002
00212020
02112220
00111000
00001000
24
00000000
20000200
02112100
01222002
00122020
02112220
00111000
00001000
64
00000000
20020200
02122100
01121102
00121020
02112220
00111000
00001000
32
00020000
20220200
02112100
01121102
00121020
02112220
00111000
00001000
71
00020010
20220100
02111100
02111102
02221020
02112220
00111000
00001000
13
00020010
22220100
12211100
02121102
02122020
02112220
00111000
00001000
16
00020010
22220100
12211100
02121102
01222020
11122220
00112000
00001200
67
00020010
22222100
12212100
02122102
01212020
11121220
00111100
00001200
11
10020010
12222220
12212200
02122102
01212020
11121220
00111100
00001200
81
10020011
12222210
12212220
02121202
01212020
11121220
00111100
00001200
61
10020111
12221210
12212220
02121202
22212020
11121220
00111100
00001200
65
10020111
12221110
12212120
02221102
22221120
11122120
00111200
00001220
21
11220111
11221110
11212120
01221102
21221120
11122120
00111200
00001220
14
11220111
11221110
11212120
11221102
11221120
11222120
00221200
00201220
87
11220111
11222222
11212120
11221102
11221120
11222110
00221201
00201220
88
11220111
11222222
11212120
11221102
11221120
11222222
00221201
00201111
28
11220111
11222222
11212220
11222222
11221220
11212222
00121201
01201111
83
11220111
11222211
11211111
11222222
11221220
11212222
02221201
01201111
17
11220111
11222211
11211111
11222222
11221220
11212222
12111201
22201111
51
11111111
11211111
11111111
11222222
11221220
11222222
12122201
22221111
77
