00000000
00000000
00000000
00012000
00022200
00000000
00000000
00000000
64
00000000
00000000
00000020
00011200
00022200
00000000
00000000
00000000
76
00000000
00000000
00000220
00012200
00022100
00000010
00000000
00000000
66
00000000
00000000
00000220
00012200
00022220
00000110
00000000
00000000
84
00000000
00000000
00000220
00222201
00022210
00000110
00000000
00000000
62
00000000
00000100
00000110
00222101
00022210
00000120
00000002
00000000
36
00000000
00000100
00000110
00221101
00022210
00102220
00000002
00000000
67
00000000
00000100
00000110
00221101
00022110
00102120
00000202
00000020
68
00000000
00000120
00000210
00222101
00022110
00102120
00000102
00000120
24
00000000
00000120
00000222
01111101
00022110
00102120
00000102
00000120
47
00000000
00000120
00000222
01111101
00022110
00201120
02010102
00000120
46
00000200
00000220
00000222
01111101
00011110
00211120
02010102
00000120
81
00000201
00000210
00002222
01111101
00011110
00211120
02010102
00000120
86
00000201
00000210
00002222
01111201
00012110
00221111
02210102
00000120
42
00000201
00010210
00001222
01111102
00012222
00221112
02210102
00000120
17
00000201
00010210
00001222
01111102
00012222
00221112
12110102
20000120
88
00000201
00010210
00001222
01111102
00012222
00221222
12110122
20000111
26
00000201
00012210
00002222
01112102
00012222
01111222
12110122
20000111
51
00001201
00011210
00001222
01111102
00011222
01111222
12110222
20002111
28
00001201
00011210
00001222
01111102
00011222
01112222
11120222
22202111
82
00001201
00222211
00001211
01111101
00011221
01112221
11120221
22202111
71
00001111
00222111
00001211
01111101
00011221
22222221
22120221
22202111
22
00001111
01111111
00001211
01111101
00011221
22222221
22220221
22222111
74
00001111
01111111
02001111
01211111
00021211
22222211
22220211
22222111
57
00001111
01111111
02021111
01222111
00021211
22221111
22221111
22222111
35
02001111
02211111
02021111
01212111
00111211
22211111
22221111
22222111
33
02021111
02221111
02121111
01122111
00121211
22221111
22221111
22222111
13
02021111
02221111
12121111
02222111
02221211
22221111
22221111
22222111
31
22111111
02111111
12221111
02222111
02221211
22221111
22221111
22222111
15
22111111
02111111
12121111
22222111
22111211
22221111
22221111
22222111
12
