00000000
00000000
00000000
00222000
00021000
00000000
00000000
00000000
33
00000000
00000000
00120000
00222000
00021000
00000000
00000000
00000000
35
00000000
00000000
00120000
00122000
00121000
00020000
00000000
00000000
64
00000000
00000000
00120000
00211100
02221000
00020000
00000000
00000000
15
00000000
00000000
00120000
00211100
12111000
20020000
00000000
00000000
24
00000000
00000000
20120000
02111100
12211000
20020000
00000000
00000000
26
00000000
00000000
20120000
02111100
12111000
22220000
00000000
00000000
53
00000000
00000200
20112000
02121100
12211000
22220000
00000000
00000000
37
00000000
00000200
20112000
22121100
22111000
21110000
00100000
00000000
23
00000000
00200200
22112000
21121100
21111000
21110000
00100000
00000000
21
01000000
00100200
22112000
21121100
21112000
21110200
00100000
00000000
52
01000000
00101200
22111000
22121100
21212000
21120200
00102000
00000000
47
01000000
00101200
22111000
22121100
21222000
22120200
00222000
00020000
72
01000200
00102110
22121000
22221100
22222000
22120200
00222000
00020000
38
01000200
00102110
22121000
22222220
22222000
22120200
00122000
00120000
17
01200200
00202110
22221000
22212220
22122000
21120200
10122000
00120000
63
01200200
00202120
22221102
22211220
22112000
21120200
10122000
00120000
12
01200200
10202120
11221102
12111220
12112000
11120200
10222000
02220000
41
01110200
10101120
11222222
12111220
12112000
11120200
10222000
02220000
84
01110200
10101120
11222212
12112111
12122000
12220200
12222000
02220000
22
01110200
11101122
11122222
12112211
12122000
12220200
12222000
02220000
58
01110220
11101222
11122222
12112211
11122000
12120200
12212000
02221000
56
21110220
12101222
11221222
12121211
11112000
12111200
12211000
02221000
76
21110220
12101222
11221222
12121211
11112000
12111110
12222200
02221000
77
22222220
12102222
11222222
12122211
11112000
12111110
11111110
02221000
42
22222220
12112222
11112222
11112211
11112000
12222222
11111110
02221000
18
22222220
12112222
11112222
11112222
11112002
12222222
11111110
11111000
81
22222221
12212212
11122122
11112222
11112202
12222222
11111110
11111000
87
22222221
12212211
11122121
11112221
11112201
12222221
11111121
11111002
68
22222221
12212211
11122121
11112221
11112201
12222221
11111221
11111122
75
