00000000
00000000
00000000
00012000
00022000
00002000
00000000
00000000
64
00000000
00000000
00000020
00011200
00022000
00002000
00000000
00000000
36
00000000
00000000
00000020
00222200
00022000
00102000
00000000
00000000
63
00000000
00000000
00000120
00221200
00022000
00122000
00000000
00000000
65
00000000
00000000
00000120
00221100
00022100
00222000
02000000
00000000
57
00000000
00000000
00000120
00221100
00021100
00221000
02002000
00000200
33
00000000
00000000
00102220
00212100
00022100
00222000
02002000
00000200
42
00000000
00210000
00201220
00212100
00022100
00222000
02002000
00000200
37
00000000
00222000
00202220
00212100
00021100
00212000
02102000
00000200
31
00100000
00212000
00201220
00212100
00021100
00212000
02202000
00200200
35
00100000
02222000
00101220
00112100
00111100
00212000
02202000
00200200
67
00100000
02222000
00122220
00112100
00111100
00211000
02202100
00200200
72
00100000
02222010
00222120
02111100
00211100
00221000
02202100
00200200
23
00100020
02222020
01111120
02111100
00211100
00221000
02202100
00200200
11
10100020
01222020
01111120
02111100
00211100
00221000
02202220
00200200
58
10100020
01222020
01111120
02111100
00211100
00221000
02222220
00201200
51
10101020
01211020
01111120
02111100
00211100
00221000
02222220
00222200
83
10101020
01211020
01111111
02111100
00222220
00221000
02222220
00222200
86
10101020
01222220
01112211
02121200
00222210
00221001
02222220
00222200
66
10101020
01222220
22222211
02111200
00221210
00221101
02222220
00222200
76
10101020
01222222
22222221
02111200
00221110
00221111
02222220
00222200
84
10101020
01222122
22222212
02111202
00222222
00221121
02222220
00222200
61
12101120
02221122
22212212
02111202
00222222
00221121
02222220
00222200
14
12101120
02221122
22212222
11111222
00222222
00221121
02222220
00222200
41
12111120
02111122
21212222
11111222
00222222
00221122
02222222
00222200
12
12111120
11111122
11212222
12111222
20222222
00221122
02222222
00222200
26
12111120
11111122
11212222
12111222
20122222
22222222
02222222
00222200
18
12111120
11111122
11212222
12111222
20112222
22122222
22222222
10222200
81
12111111
11111112
11212122
12111222
22222222
22222222
22222222
10222200
28
12111111
11111112
11212122
11111222
21222222
21222222
21222222
11222200
88
