00000000
00000000
00000000
00021000
00012000
00000000
00000000
00000000
34
00000000
00000000
00002000
00112000
00012000
00000000
00000000
00000000
63
00000000
00000000
00202100
00121000
00012000
00000000
00000000
00000000
52
00000000
00001200
00202100
00121000
00012000
00000000
00000000
00000000
61
00000100
00001100
00202100
00122200
00012000
00000000
00000000
00000000
43
00000100
00001100
00211100
00212200
00222000
00000000
00000000
00000000
36
00000100
00001100
00211100
00211200
00222000
00102000
00000000
00000000
57
00000100
00001100
00211100
00211200
00221000
00201000
02001000
00000000
22
00000120
01001200
00112100
00221200
00221000
00201000
02001000
00000000
18
00000120
01001200
00112220
00221200
00211000
00101000
01001000
10000000
24
00000120
01001200
00112220
01111200
00212000
00121000
01001000
10000000
65
00000120
01201100
00212120
01211100
00211100
00121000
01001000
10000000
25
00000120
01201100
20212120
02111100
01211100
00121000
01001000
10000000
82
00000120
01201101
20212110
02121100
01212100
00122200
01001000
10000000
75
00000120
01201101
20212110
02121100
01212110
00222100
01201000
10000000
23
00000120
01201101
22112110
22221100
02212110
00222100
01201000
10000000
26
00000120
01201101
21121110
21212100
01112210
01111120
01201000
10000000
28
00000120
01201101
21121110
21212100
01112210
01112120
01102000
11002000
68
00000120
01201101
21121110
21212100
01112210
01112120
01101000
11002220
41
20010120
02101101
21221110
21222100
01112210
01112120
01101000
11002220
87
20010120
02101101
21211110
21221100
01112110
01112222
01101001
11002220
85
20010120
02221101
21221110
21221100
01112111
01112221
01101001
11002220
51
20011120
02211101
21121110
21221100
01212111
02112221
21101001
11002220
21
21011120
01111101
21111110
21221100
01212111
02212221
21201001
11202220
67
21011120
01111101
21111110
21221100
01222111
02221111
21221101
11202220
48
21011120
21111101
22111110
21211100
01212111
02211111
21211101
11112220
16
22222220
22211101
22211110
21211100
01212111
11111111
11211101
11112220
88
22222220
22212101
22211210
21222220
01212221
11112221
11222221
11111111
83
22222220
22212221
22211221
21222220
01212121
11111221
11212221
11111111
84
22222220
22212221
22211221
22111111
22212111
12111121
11211221
11111111
81
