00000000
00000000
00000000
00021000
00012000
00000000
00000000
00000000
65
00000000
00000000
00000000
00021000
00012100
00000200
00000000
00000000
43
00000000
00000000
00010000
00011000
00012220
00000200
00000000
00000000
56
00000000
00200000
00020000
00012000
00011220
00001200
00000000
00000000
42
00000000
00210000
00010000
00012000
00021220
00201200
00000000
00000000
35
00000000
00210000
00010000
00012000
02222220
00201200
00000000
00000000
22
00000000
01110000
00010000
00222000
02222220
00201200
00000000
00000000
74
00000000
01110000
00010000
00222010
02222220
00201220
00000000
00000000
16
00000000
01110000
00010020
00122020
01222220
10201220
00000000
00000000
87
00000000
01110000
00010020
02221020
01222120
10201210
00000001
00000000
72
00020000
01120010
00020010
02221010
01222110
10201210
00000001
00000000
57
00020000
01220010
02020010
02221010
01222110
10201110
00001001
00000000
47
00020000
01220010
02020010
02221010
22222110
10101110
00011001
00000000
33
02020000
02220010
02120010
02111010
22121110
10101110
00011001
00000000
14
02020000
02220010
02220010
11121010
11122110
10101210
00011021
00000000
12
02020000
12220010
01220010
11122210
11122210
10101210
00011021
00000000
67
02020000
12220010
01220010
11122210
11122210
10101210
00011121
00000002
31
02120000
12120010
01120010
11122210
11122210
10101210
00012121
00020002
53
02120000
12110010
01111210
11112210
11121210
10101210
00012121
00020002
11
11120000
11110010
01111210
11112210
11121210
10201210
02012121
00020002
18
11120000
11110012
01111120
11111210
11111210
10101210
01012121
10020002
83
11120000
11110012
01111111
11111210
11111210
10101210
01012221
10020202
81
11120021
11110021
01111121
11111220
11111220
10101220
01012221
10020202
86
11120021
11110021
01111121
11111120
11111210
10101111
01222221
10020202
85
11120021
11110021
22222221
11111110
11111211
10101111
01222221
10020202
51
11111021
11110021
22222221
11111112
11111222
10101212
01222222
10020202
62
11111021
11112111
22222221
11112122
11112222
10102212
01222222
10020202
78
11111021
11112111
22222221
11112122
11112222
10101222
01222212
10022212
61
11111111
11111111
22212221
12122122
12212222
12101222
01222212
10022212
17
11111111
11111111
22211221
12112122
12112222
12101222
12222212
12022212
38
