00000000
00000000
00000000
00012000
00022000
00002000
00000000
00000000
64
00000000
00000000
00200000
00021100
00022000
00002000
00000000
00000000
57
00000000
00000000
00200200
00022100
00021000
00001000
00001000
00000000
34
00000000
00000000
00200200
00211100
00211000
00001000
00001000
00000000
24
00000000
00000000
00202200
01121100
00211000
00001000
00001000
00000000
62
00000000
00000100
00202100
01121100
00221000
00021000
00001000
00000000
25
00000000
00000100
00202100
01121100
01211000
02021000
00001000
00000000
43
00000000
00000100
00211100
02111100
22211000
02021000
00001000
00000000
16
00000000
00000100
00211100
02222220
21211000
12021000
00001000
00000000
75
00000000
00000100
00211100
02222120
21221010
12022000
00001200
00000000
73
00000000
00000100
00211110
02222110
21221010
22022000
20001200
00000000
47
00000000
00000100
00211110
02212110
21211010
22012000
20222200
00000000
78
00000000
00000100
00222222
02212110
21211010
22011000
20222100
00000010
82
00000000
00000101
00222212
02212210
21211020
22011002
20222100
00000010
52
00000020
00001201
00212112
02121210
21211020
22011002
20222100
00000010
32
00000220
00102201
00122112
02221210
22211020
22011002
20222100
00000010
76
02000220
00202201
00122112
02221210
22211010
22011012
20222100
00000010
28
02000220
00202201
00122112
02222220
22222210
22012012
20122100
01000010
84
02000220
00202201
00122111
02222221
22222210
22012012
22222100
01000010
14
02000220
00202201
00122111
11111111
22222210
22012012
22222220
01000010
58
02000220
00222201
00222111
12111111
22221210
22011012
22221120
01001010
23
02000220
00222201
01111111
11111111
21221210
21011012
22221120
01201010
18
02000220
00222201
21111111
12111111
11221210
11011012
12221120
11201010
41
02010220
02222201
22111111
12111111
11221210
11011012
12221120
11201010
51
02011220
02211101
22111111
12111111
11221222
11011012
12221120
11201010
31
02111220
02111101
22111111
12111111
11221222
11021012
12222120
11201210
66
02111220
02111101
22111111
12111111
11221112
11021112
12222120
11201222
81
02111111
02111101
22111111
12111111
11221112
11021112
12222120
11222222
36
02111111
02222221
22111121
12111121
11111122
11111122
11222120
11222222
87
02111111
02222221
22111121
12111121
11111121
11111111
11222111
11222222
11
