00000000
00000000
00000000
00222000
00021000
00000000
00000000
00000000
35
00000000
00000000
00000000
00222000
00211000
02000000
00000000
00000000
63
00000000
00000000
00000100
00221000
00221000
02020000
00000000
00000000
33
00000000
00000000
00102100
00221000
00221000
02020000
00000000
00000000
24
00000000
00000000
00102100
01111200
00222000
02020000
00000000
00000000
47
00000000
00000000
00102100
22222200
00212000
02010000
00010000
00000000
66
00000000
00200000
00202100
22212200
00211000
02010100
00010000
00000000
13
00000000
00200000
10202100
21212200
00112000
02020100
00210000
00000000
42
00000000
00210020
10102200
21212200
00112000
02020100
00210000
00000000
31
00100000
00110020
10102200
21212200
02222000
02020100
00210000
00000000
36
00100000
00110020
12102200
22212200
02122000
02120100
00210000
00000000
81
00100001
02110010
12202100
22221200
02112000
02120100
00210000
00000000
57
00100001
02110010
12202100
22221200
02122000
02120100
00221000
00020000
58
00120001
02210010
12202100
22221200
02122000
02120100
00211000
00021000
27
00120001
22210010
22202100
22221200
02122000
02120100
01111000
00021000
51
00111001
22210010
22202100
22221200
02122000
02120200
01111020
00021000
16
00111001
22210010
22202100
22221200
02122000
12120200
02211020
02021000
62
00111201
22210210
22201200
22211200
02122000
12120200
02211020
02021000
65
00111201
22210210
22201200
22211200
02121100
12122200
02211020
02021000
52
00111201
22211110
22201200
22211220
02121200
12122200
02211020
02021000
17
00111201
22211110
22201200
22211220
22121200
12122200
11211020
02021000
21
01111201
21211110
21201200
21211220
21121200
11122200
11221020
02221000
43
01111201
21111110
21111200
21111220
21121200
11122200
11222020
02222200
71
21111111
22111110
21211200
21121220
21122200
11122200
11222020
02222200
73
21111111
22111110
21222222
21121220
21122200
11122200
11222020
02222200
84
21111111
22111110
21222212
21121111
21122200
21222200
22222020
22222200
82
21111111
22111111
21222211
21121121
21122202
21222200
22222020
22222200
86
21111111
22111111
21222211
21121221
21122221
21222201
22222020
22222200
67
21111111
22111111
21222111
21122121
21112221
21222221
22222220
22222200
78
21111111
22111111
21222111
21122111
21112211
21221211
22222120
22222222
87
