00000000
00000000
00000000
00012000
00022200
00000000
00000000
00000000
66
00000000
00000000
00000000
00222000
00021200
00000100
00000000
00000000
75
00000000
00000000
00000000
00222000
00022110
00002100
00000000
00000000
46
00000000
00000000
00000000
00222000
00022222
00011100
00000000
00000000
53
00000000
00000000
00001200
00222000
00021222
00011100
00000000
00000000
23
00000000
00000000
01001200
00122000
00021222
00022100
00020000
00000000
64
00000000
00000000
01022200
00121100
00021122
00022100
00020000
00000000
37
00000000
00000000
01022200
00121100
00021122
00222100
00120000
00000000
72
00000000
20000010
02022100
00221100
00021122
00222100
00120000
00000000
35
00000000
20000010
02022100
00221100
02222222
00222100
00120000
00000000
86
00000000
20000010
02022100
00221100
02222212
00222101
00220000
02000000
76
00000002
20000020
02022200
00222100
02222112
00222111
00220000
02000000
33
00000002
20000020
02122200
00212220
02221212
00222111
00220000
02000000
73
00000002
20000020
02222222
00212120
02221212
00222111
00220000
02000000
71
00000222
20000020
02222212
00212110
02221212
00222111
00220000
02000000
52
00000222
20001020
02221122
00221120
02222222
00222221
00220020
02000000
26
00000222
20001220
02221222
00211220
02122222
01111111
00220020
02000000
68
00000222
20001220
02222222
00221220
02222222
02111111
20220010
02000100
24
00000222
20001220
02222222
01111220
02122222
02112221
20220210
02000100
82
00000222
20001111
02222212
01111120
02121222
02112222
20220222
02000100
22
00000222
21001111
01122212
01111120
02121222
02212222
22220222
02000100
88
00020222
21002111
01122212
01111120
02121222
02212122
22220212
02000101
42
00220222
21021111
01112212
01111220
02121222
02212122
22220212
02000101
78
00222222
21022111
01112212
01111220
02111222
02211122
22220112
02000111
48
00222222
21022111
01112212
01111220
02111222
02212122
22220112
02210111
84
00222222
22022111
22222211
01111111
02111211
02212121
22220111
02210111
11
12222222
22022111
22122211
01111111
02111211
02212121
22220111
02210111
14
12222222
12222111
12222211
11211111
02211211
02212121
22220111
02210111
57
12222222
12222111
12222211
11212111
02212211
02212121
22222211
02222111
15
12222222
12222111
12222211
11212111
12112211
22212121
22222211
02222111
18
