00000000
00000000
00000000
00222000
00021000
00000000
00000000
00000000
35
00000000
00000000
00000000
00222000
00112000
00000200
00000000
00000000
53
00000000
00000000
00201000
00222000
00112000
00000200
00000000
00000000
65
00000000
00000000
00201000
00222200
00111200
00000200
00000000
00000000
43
00000000
00000000
00222200
00212200
00111200
00000200
00000000
00000000
75
00000000
00000000
00222200
00212200
00111120
00000202
00000000
00000000
67
00000000
00000000
00222200
00212200
00122120
00002102
00000100
00000000
62
00000000
00000100
00221100
00212220
00122220
00002102
00000100
00000000
32
00000000
00120100
00122100
00112220
00122220
00002102
00000100
00000000
51
00001020
00110200
00122100
00112220
00122220
00002102
00000100
00000000
73
00001020
00110100
02222110
00212220
00122220
00002102
00000100
00000000
84
00001020
00110100
02222110
00211111
00122222
00002102
00000100
00000000
76
00001020
00110100
02222110
00212111
00122212
00002122
00000102
00000000
14
00001020
00110120
01222220
10212121
00122222
00002122
00000102
00000000
88
00001020
00110120
01222220
10212121
00122221
00002121
00000201
00000021
83
02001020
00210120
01121111
10212121
00122221
00002121
00000201
00000021
77
02001020
00222220
01122111
10212111
00122211
00002111
00000211
00000021
24
02001020
02222220
01222111
11122111
00122211
00002111
00000211
00000021
81
02001021
02222210
01222111
11122111
00222211
02002111
00000211
00000021
61
02001111
02221110
22212111
12122111
00222211
02002111
00000211
00000021
11
12001111
01222222
22112111
12112111
00221211
02002111
00000211
00000021
31
11101111
01112222
22111121
12112211
00222211
02022111
00000211
00000021
68
11101111
01112222
22121121
12212211
02222211
02022111
00000111
00000111
57
11101111
01112222
22121121
22211211
22221211
02021111
00001111
00000111
41
11111111
22222222
22121121
22211211
22221211
02021111
00001111
00000111
47
11111111
22222222
22121121
22221211
22221211
02021111
00021111
00020111
36
11111111
22222222
22121221
22122211
22121211
02211111
02021111
00020111
38
11111111
22222222
22121221
22122211
22122211
02221111
02211111
00120111
28
11111111
21222222
21121221
21122211
21122211
01222111
01222111
01122111
16
11111111
11222222
11121221
11122211
11222211
12222111
22222111
01122111
18
