00000000
00000000
00000000
00012000
00022200
00000000
00000000
00000000
66
00000000
00000000
00000000
00222000
00021200
00000100
00000000
00000000
33
00000000
00000000
00100000
00212000
00022200
00002100
00000000
00000000
24
00000000
00000000
00100000
01112000
00022200
00002200
00000200
00000000
46
00000000
02000000
00200000
01122000
00012200
00012200
00000200
00000000
43
00000000
02000000
00210000
02112000
20012200
00012200
00000200
00000000
11
10000000
01000000
02110000
02212000
20022200
00012200
00000200
00000000
14
10000000
01000000
22110000
21112000
20022200
00012200
00000200
00000000
76
10000000
01000000
22110000
21111000
20022100
00021110
00200200
00000000
68
10000000
01000000
22110000
22222200
20022100
00021110
00200100
00000100
53
12000000
02000000
22111000
22221200
20021100
00021110
00200100
00000100
25
12000000
02000000
22111000
22121200
22021100
00221110
00200100
00000100
63
12000000
02000020
22111200
22122100
22021100
00221110
00200100
00000100
26
12000000
02000020
22111200
22122100
22221100
01211110
00200100
00000100
38
12000000
02000220
22112200
22122100
22121100
01111110
00100100
00100100
71
12000010
02020120
22221200
22122100
22121100
01111110
00100100
00100100
73
12000010
02020110
22221110
22122100
22222100
01122110
00102100
00100100
48
12000010
02020110
22221110
22122100
22222100
01122210
00101120
00110100
88
12000010
01020110
22122110
22112200
22222220
01122110
00101110
00110101
32
12000010
01120110
22112110
22111200
22222120
02222110
02101110
00110101
41
12012010
01120110
22212110
22111200
22222120
02222110
02101110
00110101
28
12012010
01120110
21212222
21111200
21222120
01222110
01101110
01110101
31
11112010
01120110
21212222
21111200
21222120
01222110
01102110
01112101
52
11112010
01111110
21211222
21111200
21222122
01222120
01102210
01112101
82
11112010
21111111
22211212
21211100
21221122
01212120
01102210
01112101
84
11112010
21111111
22211211
21211101
22221112
22212120
01102210
01112101
74
11112010
21111111
22211111
21211111
22221112
22212120
01102222
01112101
86
11112010
21111111
22211111
21211111
22221111
22212111
02102211
22222101
47
11112010
21111111
22211111
21211111
22221111
22212111
02111211
22222221
61
11111112
21111121
22211211
21212111
22221111
22212111
02111211
22222221
17
