00000000
00000000
00000000
00222000
00021000
00000000
00000000
00000000
33
00000000
00000000
00100000
00212000
00022000
00002000
00000000
00000000
66
00000000
00000000
00100000
00212000
00021000
00002220
00000000
00000000
77
00000000
00000000
00120000
00222000
00021000
00002120
00000010
00000000
46
00000000
00000000
02220000
00222000
00021000
00011120
00000010
00000000
35
00000000
00000000
02220000
00222000
00112000
00012120
00002010
00000000
64
00000000
00000000
02220000
00222100
00111000
00012120
00002020
00000020
53
00000000
00000000
02222200
00211100
00111000
00012120
00002020
00000020
62
00000000
00000100
02221100
00211100
00211000
00222120
00002020
00000020
24
00000000
00000100
02221100
02111100
20211000
00222120
00002020
00000020
58
00000000
00000100
02221100
02222220
20211000
00221120
00001020
00001020
42
00200000
00020100
02212100
02212220
20211000
00221120
00001020
00001020
88
00200000
00020120
02212200
02212220
20211000
00221120
00001010
00001021
12
00200000
10022220
01212200
02112220
20211000
00221120
00001010
00001021
41
00210000
10012220
01212200
02112220
20222200
00221120
00001010
00001021
22
00210000
11012220
01122200
02212220
22222200
00221120
00001010
00001021
86
00210000
11012220
01122200
02212220
22222200
00221111
00002010
00001221
51
00222200
11012220
01121200
02211220
22221200
00221111
00002010
00001221
83
02222200
12012220
02121201
02211210
22221100
00221111
00002010
00001221
75
02222200
12012220
02121201
02212110
22221210
00221121
00002012
00001221
14
02222200
12012220
02121201
11112110
22221210
00222221
00002222
00001221
11
12222200
11012220
02121201
11112222
22221220
00222221
00002222
00001221
82
12222200
11211111
02221201
11212222
22221220
00222221
00002222
00001221
16
12222220
11211211
02212201
11122222
11221220
10222221
00002222
00001221
81
11111111
11211211
22212201
12122222
11221220
10222221
00002222
00001221
73
11111111
11211111
22211111
22122122
21221220
20222221
20002222
00001221
85
11111111
11211111
22211111
22122111
21221111
20222211
20002122
00022221
37
11111111
11211111
22211111
22122111
21121111
20212211
22102122
00022221
47
11111111
11211111
22211111
22122111
22221111
22222211
22211122
00022221
38
11111111
11211111
22211111
22122111
22121111
22122211
22211122
02111111
18
