00000000
00000000
00000000
00012000
00022200
00000000
00000000
00000000
66
00000000
00000000
00020000
00022000
00021200
00000100
00000000
00000000
64
00000000
00000000
00020000
00022100
00022100
00002100
00000000
00000000
35
00000000
00000000
00020000
00022100
00111200
00002220
00000000
00000000
33
00000000
00000000
00120000
00012100
02222200
00002220
00000000
00000000
46
00000000
00000000
00120000
00012100
02221200
00222220
00000000
00000000
57
00000000
00000000
00120000
00012100
02221200
00221220
00002000
00000200
77
00000000
00000000
00120000
00012100
02221200
00221122
00002020
00000200
88
00000000
00000000
02220000
00012100
02221200
00221122
00002010
00000201
58
00000000
00000000
02220000
00012100
02221200
00222222
00001210
00001201
24
00000000
00000000
02220000
01012220
02121200
00212222
00001210
00001201
75
00000000
00000000
02220000
01222220
02221110
00212112
00001210
00001201
83
00000000
00000000
02220001
01222210
02221110
00222112
00022210
00001201
15
00000000
00000000
02220001
02222210
12211110
02222112
00022210
00001201
12
00000000
10000000
01220001
02122210
12211110
02222112
00022210
00022201
16
00000000
10000000
01220001
02122210
11212110
11221112
00222210
00022201
22
00000000
11000000
01122001
02122210
11211110
11221112
00222210
00022201
73
00000000
11000000
01122011
02122222
11211120
11221212
00222210
00022201
27
00000000
11000000
01122011
02122222
11211120
11121222
01111120
00022221
52
00000000
11001000
01111011
02121222
11211220
11222222
01221120
00222221
13
00000000
11001002
11111022
01121222
11111220
11212222
01221120
00222221
85
00000000
11001002
11111022
01121222
11111111
11212212
02221120
20222221
87
00000000
11001202
11112022
01121222
11111111
11212211
02221111
20222221
17
00000000
11001202
11112222
01122222
11121111
11212211
11111111
20222221
28
00000000
11001202
11112222
22222222
22121111
21212211
21111111
21111111
81
02000001
12001201
12112221
22222221
22121111
21212211
21111111
21111111
42
02000201
12012201
12121221
22222121
22121111
21212211
21111111
21111111
51
02001221
12011201
12122211
22222121
22121111
21212211
21111111
21111111
11
12001221
11222201
12222211
22222121
22121111
21212211
21111111
21111111
31
11101221
11112221
12121221
22122121
22121111
21212211
21111111
21111111
41
