00000000
00000000
00020000
00022000
00021000
00000000
00000000
00000000
53
00000000
00000000
00021000
00022000
00022200
00000000
00000000
00000000
56
00000000
00000000
00021000
00021000
00022200
00001200
00000000
00000000
74
00000000
00000000
00021000
00021010
00022220
00001200
00000000
00000000
33
00000000
00000000
00111000
00021010
00022220
00002200
00020000
00000000
46
00000000
00000000
00111000
00011010
00012220
00022200
00220000
00000000
57
00000000
00020000
00121000
00021010
00021220
00021200
00221000
00000000
51
00001000
00010000
00121000
00021010
00021220
00021200
00222000
00000200
36
00001000
00010000
00121000
00021010
00011220
02222200
00222000
00000200
67
00001000
00010000
00121000
00021010
00222220
02221200
00222100
00000200
76
00001000
02010000
00221000
00021010
00222110
02221110
00222100
00000200
34
00001000
02010200
00222000
00121010
00212110
02221110
00222100
00000200
38
00001000
02010200
00222000
00121012
00112120
02121210
00112100
00100200
15
00001000
02010200
00222000
00121012
10112120
01121210
02222100
00100200
73
00001000
02010100
00222010
00121012
10112120
01121220
02222220
00100200
52
00001000
02011120
00211020
00121022
10112120
01121220
02222220
00100200
24
00001000
02222220
00221020
01222022
10212220
01221220
02222220
00100200
58
00001000
02222220
00222020
01222222
10212220
01221220
02221220
00101200
63
00001000
02222220
00222120
01221222
10212220
22221220
02221220
00101200
31
00101000
02122220
00122120
22221222
20112220
22121220
02121220
00101200
88
00101000
02122220
00122120
22211222
20111220
22121122
02121220
00101201
78
00101000
02122220
00122120
22211222
20111220
22121222
02222120
00121111
85
00101000
02122220
02222120
22211212
20111111
22121212
02222120
00121111
83
02101000
02222220
02222111
22211211
20111111
22121212
02222120
00121111
87
02101000
02222222
02222121
22211211
20111111
22121211
02222111
00121111
81
02221001
02222211
02222121
22211211
20111111
22121211
02222111
00121111
71
02221011
02222111
02221121
22211211
20111111
22121211
02222111
02221111
18
02221011
02222111
02221121
22211211
20111111
22121211
22222111
11111111
25
02222211
02222211
02221221
22211211
21111111
21121211
21222111
11111111
12
22222211
12111111
01221221
22111211
21111111
21121211
21222111
11111111
13
