00000000
00000000
00000000
00012000
00022200
00000000
00000000
00000000
64
00000000
00000000
00000020
00011200
00022200
00000000
00000000
00000000
66
00000000
00000000
00020020
00022200
00021200
00000100
00000000
00000000
63
00000000
00000000
00022220
00022100
00021100
00000100
00000000
00000000
34
00000000
00000000
00022220
00112100
00022100
00002100
00000000
00000000
35
00000000
00000000
00022220
00122200
00122100
00022100
00000000
00000000
33
00000000
00000000
00122220
00112200
00121200
00022200
00000200
00000000
77
00000000
00000000
00122220
00112200
00121200
00022100
00000222
00000000
62
00000000
02000100
00221120
00122100
00122100
00022200
00000222
00000000
84
00000000
02000100
00222222
00122101
00122100
00022200
00000222
00000000
47
00000000
02000100
00222222
00222101
00222100
00221200
00010222
00000000
78
00000000
02000100
00222222
00222101
00222100
00221200
00010222
00000210
26
00000200
02000200
00221222
00212101
00122100
01111200
00010222
00000210
88
00000200
02002200
00222222
00212101
00121100
01111100
00010212
00000211
58
00000200
02002200
00222222
00212101
00121100
01211100
02010212
00001111
42
00000200
02012200
00211222
00212101
00121100
01221100
02020212
00021111
72
00020200
02022110
00221222
00222101
00121100
01221100
02020212
00021111
11
10020200
01022110
02221222
00212101
00121100
01221100
02020212
00021111
32
10020200
01111110
02111222
02111101
00221100
01221100
02020212
00021111
37
10020220
01111120
02111222
02111101
00121100
01111100
02120212
00021111
38
12020220
02111120
02111222
02111101
00121100
01111100
02110212
00111111
74
12020220
02111120
02111122
02111111
00221100
01121100
02222212
00111111
25
12020220
02112120
02121122
02211111
02111100
22221100
02222212
00111111
51
12021220
02111120
02121122
02212111
02111200
22222220
02222212
00111111
18
12021220
02111120
02121122
02212111
02111200
22122220
02222212
12111111
13
12221220
02211120
11221122
01212111
02111200
22122220
02222212
12111111
81
12221111
02212110
11221222
01212122
02111202
22122220
02222212
12111111
75
12221111
22212110
12221212
01212112
02111112
22122110
02221212
12111111
14
12221111
22222110
12222212
11212212
01111122
22122222
02221212
12111111
82
12221111
22222111
22222211
22212211
22222221
22122221
02221211
12111111
17
