00000000
00000000
00000000
00021000
00012000
00000000
00000000
00000000
43
00000000
00000000
00012000
00012000
00012000
00000000
00000000
00000000
63
00000000
00002000
00012100
00012000
00012000
00000000
00000000
00000000
61
00000100
00001000
00012220
00012000
00012000
00000000
00000000
00000000
65
00020100
00002000
00012220
00011000
00011100
00000000
00000000
00000000
51
00021100
00001000
00011220
00012000
00021100
00200000
00000000
00000000
46
00021100
00001000
00222220
00012000
00011100
00210000
00000000
00000000
34
00021100
00001000
00212220
00122000
00012100
00210200
00000000
00000000
32
00021100
00101000
00112220
02222000
00012100
00210200
00000000
00000000
72
00021100
02101010
00212120
02221000
00012100
00210200
00000000
00000000
31
00111100
02101010
00212120
02221000
00022100
00222200
00000000
00000000
25
00111100
02101010
00212120
02122200
01022200
00222200
00000000
00000000
13
02111100
01201010
10222120
02122200
01022200
00222200
00000000
00000000
74
02111100
01201010
10222110
02221110
01222200
00222200
00000000
00000000
76
02111100
01201010
10222110
02221110
22222100
00222210
00000000
00000000
26
02111100
01201010
10222110
02221210
22222220
01111110
00000000
00000000
11
11111120
01201020
10222120
02221220
22222220
01111110
00000000
00000000
42
11111120
01111020
10212120
02211220
22212220
01111220
00000020
00000000
87
11111120
01111020
10212120
02211220
22212120
01122210
00002021
00000000
16
11111120
01111020
10212220
02112220
22222120
12222210
02002021
00000000
58
11111120
01111020
10211220
02111220
22221120
22221210
22001021
00001000
83
11111120
01111010
10211111
02111222
22221120
22221210
22001021
00001000
67
11111120
01111012
10211122
02111222
22221120
22221110
22001111
00001000
37
11111120
01111222
10212222
02121222
22221120
22111110
22101111
00001000
14
11111120
01111222
10212222
11121222
21221120
22222222
22101111
00001000
23
11111120
01111222
11112222
11121222
21221120
22222222
22102221
00001200
18
11111120
22222222
12112222
11221222
11221120
12122222
11102221
10001200
81
11111111
22222212
12112122
11221222
11221120
12122222
11202221
10022200
38
11111111
22222212
12112122
11221222
11221120
12122222
11102222
10122202
85
11111111
22222211
12112121
11221211
11221111
12122222
12202222
12222202
47
11111111
22222211
12112121
11211211
11211111
12111222
11112222
12222202
78
