00000000
00000000
00000000
00021000
00012000
00000000
00000000
00000000
34
00000000
00000000
00200000
00121000
00012000
00000000
00000000
00000000
43
00000000
00000000
00210000
00211000
00222000
00000000
00000000
00000000
26
00000000
00000000
00210000
00211000
00222000
01200000
00000000
00000000
25
00000000
00000000
00210000
20111000
02222000
01200000
00000000
00000000
46
00000000
00000000
00210000
20111000
02212000
02110000
02000000
00000000
66
00000000
00000000
00210000
20121000
02212000
02110200
02000020
00000000
23
00000000
02000000
01210000
20121000
02212000
02110200
02000020
00000000
16
00000000
02000000
22210000
20121000
01212000
11110200
02000020
00000000
32
00000000
02100000
22110000
20121000
02222000
11220200
02020020
00000000
11
10000000
01100000
22110200
20122000
02222000
11220200
02020020
00000000
12
10200000
12200000
21210200
20222000
02222000
11220200
02020020
00000000
53
10200000
12200000
22211200
22212000
02222000
11220200
02020020
00000000
64
10200000
12200000
22211200
22222220
02222000
11220200
02020020
00000000
56
10200000
12200200
21212200
22121220
02211000
11111200
02020020
00000000
18
10200000
12200200
21212200
22121220
02211000
12111200
02020020
12000000
48
10200000
12200200
21212200
22121220
02211000
12211200
02020020
12012000
52
10200000
12222200
21222200
22121220
02211000
12211200
02020020
12012000
38
10200000
12222200
21222200
22122220
02222200
12211200
01010020
11112000
61
10202100
12222200
21212200
22122220
02222200
12211200
01010020
11112000
84
10202100
12222200
21212200
22111111
02222200
12222200
01012020
11112000
88
10202100
12222200
21212220
22111211
02222200
12222100
01012010
11112001
68
10202100
12222200
21212220
22111221
02222202
12222100
01012010
11111101
76
10202220
12222200
21212220
22111221
02222102
12222110
01012010
11111101
37
10202220
12222200
21212222
22111222
02122102
12122110
01112010
11111101
15
10202220
12222200
11222222
12112222
11122202
11122120
01112012
11111101
82
10202220
12222221
11222222
12112122
11121202
11112120
01112012
11111101
86
10202220
12222221
11222221
12112221
11121221
11112211
01112011
11111101
21
11202220
11122221
11212221
12121221
11221121
12112211
22222011
11111101
41
11112220
11111221
11212121
12121211
11221121
12112221
22222021
11111121
81
11111111
11111211
11212121
12121211
11221121
12112221
22222021
11111121
67
