00000000
00000000
00000000
00012000
00022000
00002000
00000000
00000000
64
00000000
00000000
00000020
00011200
00022000
00002000
00000000
00000000
57
00000000
00000000
00000020
00222200
00021000
00001000
00001000
00000000
23
00000000
00000000
01000020
02222200
00011000
00001000
00001000
00000000
53
00000000
00020000
01002020
02221200
00011000
00001000
00001000
00000000
82
00000000
00020001
01002010
02222100
00012000
00002000
00002000
00002000
46
00000000
00020001
01002010
02222100
00021000
00222000
00002000
00002000
14
00000000
20020001
02002010
11211100
00021000
00222000
00002000
00002000
35
00000000
20020001
02002010
11211200
00111020
00222000
00002000
00002000
74
00000000
20020001
02022010
11221110
00121020
00222000
00002000
00002000
37
00000000
20020001
22022010
12221110
00221020
00122000
00102000
00002000
33
00000000
20020001
22122010
12111110
00121020
00122000
00202000
02002000
41
00010000
20010001
22112010
12111110
00121020
00222000
02202000
02002000
62
00010000
20012101
22112010
12112110
00122020
00222000
02202000
02002000
67
00012000
20022101
22212010
12112110
00112020
00221000
02202100
02002000
38
00012000
20222101
22222010
12112110
00112020
00121000
02102100
02102000
61
00011120
20221201
22212010
12112110
00112020
00121000
02102100
02102000
31
00111120
20111201
22111020
12112222
00112020
00121000
02102100
02102000
72
00111120
20111111
22111020
12112222
00112020
00122200
02102100
02102000
81
02111111
20211111
22121020
12112222
00112020
00122200
02102100
02102000
68
02111111
20211111
22121020
12112222
00112020
00112220
02101200
02102100
16
02111111
20211111
22121020
12122222
00122020
10122220
01122200
02102100
63
02111111
20211111
22121120
12121222
00112020
10122220
01122200
02222100
18
02111111
20211111
22121120
22121222
20112020
10122220
01122200
11111100
11
11111111
10211111
12121120
12221222
12222020
10222220
01122200
11111100
83
11111111
10211111
12121111
12222222
12222220
10222220
01122200
11111100
86
11111111
10211111
12121111
12222122
12222210
10222221
22222200
11111100
78
11111111
10211111
11121111
12122122
12212210
10221221
22222220
11111110
22
11111111
11111111
11121111
12122122
12212222
10221221
22222220
11111110
26
11111111
11111111
11121111
11112122
11112222
11111222
21122222
11111110
88
