00000000
00000000
00000000
00012000
00022000
00002000
00000000
00000000
64
00000000
00000000
00200000
00021100
00022000
00002000
00000000
00000000
46
00000000
00000000
00202000
00022100
00022000
00012000
00000000
00000000
43
00000000
00000000
00212000
00012220
00012000
00012000
00000000
00000000
66
00000000
00000000
00212000
00012220
00021000
00211100
00000000
00000000
23
00000000
00200000
01122000
00012220
00021000
00211100
00000000
00000000
26
00000000
00200000
22222000
00012220
00021000
01111100
00000000
00000000
22
00000000
01200000
22122000
00012220
00021000
01112100
00000200
00000000
57
00000000
01200000
22122000
00022220
00221000
01111100
00001200
00000000
31
00100000
01100000
22122000
00022220
00221000
01121100
00002200
00000200
52
00100000
01101000
22121000
00021220
00221020
01121200
00002200
00000200
14
00100000
01101200
21122000
10021220
00221020
01121200
00002200
00000200
72
00100000
01101110
21122000
10021220
00221020
01221200
02002200
00000200
12
00102000
11102110
11122000
10021220
00221020
01221200
02002200
00000200
18
00102000
11102110
11122000
10021220
00211020
02121200
21002200
10000200
42
00102000
11111210
11112020
10011220
00211020
02121200
21002200
10000200
78
00102000
11111210
11112020
10011220
00211020
02121200
22002100
12000210
82
00102000
11111211
11112010
10222220
00211020
02121200
22002100
12000210
86
00122000
11121211
11121010
10222120
00211010
02121201
22002100
12000210
65
00122000
11122211
11111210
10222220
00221210
02221201
22002200
12000210
77
00122000
11122211
11111210
10222220
00221210
02222101
22022210
12000210
37
00122000
11122211
11111210
10122220
00121210
02112101
22112110
12002210
16
00122000
11122211
11111210
10122220
00121222
11112101
12112110
12002210
83
00122000
11122211
11111211
10122210
00121222
11111121
12112210
12002210
84
20122000
12122211
11211211
10122211
00121211
11111121
12112210
12002210
71
22222010
12222111
11221211
10122211
00121211
11111121
12112210
12002210
38
22222010
12222111
11221211
10222211
02221211
11211121
11122210
11102210
24
22222010
22222111
21221211
22111111
22221211
11211121
11122210
11102210
48
22222010
22222111
21221211
22121111
22222211
11211221
11111220
11111112
61
22222222
22221121
21211211
22121111
22222211
11211221
11111220
11111112
87
