00000000
00000000
00020000
00022000
00021000
00000000
00000000
00000000
53
00000000
00000000
00021000
00021000
00022000
00000200
00000000
00000000
35
00000000
00000000
00021000
00012000
00122200
00000200
00000000
00000000
75
00000000
00000000
00021000
00012002
00111120
00000200
00000000
00000000
63
00000000
00000000
00021100
00012002
00111220
00000220
00000000
00000000
77
00000000
00000000
00021100
00012002
00111220
00000220
00000210
00000000
42
00000000
00012000
00012100
00012002
00111220
00000220
00000210
00000000
74
00000000
00012020
00012200
00012012
00111210
00000210
00000210
00000000
62
00000000
00011120
00011200
00012022
00111222
00000220
00000210
00000000
57
00000000
00222220
00021200
00012022
00111222
00000220
00001110
00000000
41
00010000
00212220
00011200
00012022
00111222
00000220
00002110
00020000
22
00010000
01112220
00011200
00012022
00111222
00000220
00002210
00022000
71
00010010
01112120
00011200
00012022
00111222
00000220
00002222
00022000
82
00010010
01112111
00021200
00222022
00111222
00000220
00002222
00022000
51
00011010
01111111
00021200
00222022
00221222
00200220
00002222
00022000
64
02011010
01211111
00021100
00222122
00221222
00200220
00002222
00022000
27
02011010
01211111
00021100
00221122
00221222
00120220
01002222
00022000
26
02011010
01211111
00021100
00211122
00121222
22220220
01002222
00022000
47
02011010
02211111
02021100
00211122
00111222
22210220
01012222
00022000
88
02011010
02211111
02021100
00211122
00111222
22210120
01012222
00022021
86
02011010
02211111
02021100
02211122
00211212
22220111
01012221
00022021
33
02011010
02211111
02111100
02211122
00211212
22220111
02012221
02022021
18
02011010
02211111
02111100
02211122
02211212
22220111
01022221
12022021
31
02111010
02111111
02222220
02211222
02212212
22220111
01022221
12022021
13
02111010
01111111
12222220
02211222
02222212
22222111
01022221
12022021
17
02222210
01112211
12222220
02211222
02122212
21222111
11022221
12022021
15
02222222
01112221
12122220
01211222
11122212
11222111
11022221
12022021
68
02222222
01112221
12122220
01211222
11122212
11222111
11221111
12022111
14
02222222
01112222
11122222
11211222
11122212
11222111
11221111
12022111
38
02222222
22222222
12122222
11211222
11122212
11122111
11121111
11111111
11
