00000000
00000000
00000000
00021000
00012000
00000000
00000000
00000000
43
00000000
00000000
00010000
00011000
00222000
00000000
00000000
00000000
46
00000000
00000000
00010000
00011000
00212000
00020000
00002000
00000000
65
00000000
00020000
00020000
00021000
00221100
00020000
00002000
00000000
37
00000000
00020000
00020000
00022200
00221100
00010000
00102000
00000000
68
00000000
00020000
00020000
00022200
00222100
00020000
00201000
02000100
63
00000000
00020000
00020100
00022100
00222200
00020020
00201000
02000100
36
00000000
00020000
00020100
00022220
00212200
00120020
00201000
02000100
25
00000000
00020000
00020100
00022220
01122200
00220020
02201000
02000100
47
00000000
00020000
00020100
00022220
01122200
00120020
02221000
02020100
58
00000000
00020000
00020100
00222220
01222200
00220020
02211000
02021100
17
00000000
00020000
00020100
00222220
01222200
00220020
11211000
02221100
85
00000000
00020200
00020200
00222210
01222201
00220020
11211000
02221100
75
00000000
00020200
00020200
00222210
01122111
00222020
11221000
02221100
67
00000000
00020200
00020200
02222210
01222111
00222010
11221100
02221100
23
00000000
00020200
01020200
01122210
01212111
02221010
12221100
02221100
53
00000000
00020200
01021200
01111110
01111111
01221010
12222220
02221100
32
00000000
20120200
02011200
01211110
01121111
01222010
12222220
02221100
31
00100000
20110200
02011200
01211210
01121211
01222210
12222220
02221100
72
00100002
20110220
02011200
01212210
01121211
01222210
12222220
02221100
52
00100002
20111220
02011100
01212222
01121221
01222210
12222220
02221100
61
00100102
20111120
02011100
01212222
01121222
01222222
12222220
02221100
73
00102102
20112220
02012120
01212122
01121222
01222222
12222220
02221100
41
02111102
20211220
02022120
01212122
01121222
01222222
12222220
02221100
88
02111102
20211220
02022120
01212122
01121222
01222122
12222220
02222221
82
02111102
20211111
02022110
22212122
02121222
01222122
12222220
02222221
18
02111102
20211111
02222110
22221122
02112222
01122222
11222220
11111111
13
02111102
22211111
12211110
22221122
02112222
01122222
11222220
11111111
87
02111102
22211112
12222222
22221122
02112122
01122212
11111111
11111111
11
11111102
11211112
12122222
22211122
02111122
22222112
11111111
11111111
15
