00000000
00000000
00000000
00012000
00022200
00000000
00000000
00000000
66
00000000
00000000
00020000
00022000
00021200
00000100
00000000
00000000
35
00000000
00000000
00020000
00022000
00121200
00200100
00000000
00000000
37
00000000
00000000
00020000
00022000
02221200
00100100
00100000
00000000
15
00000000
00000000
00020000
00022000
11211200
02100100
00100000
00000000
34
00000000
00000000
00020000
00122000
11111200
02100200
00100200
00000000
17
00000000
00000000
00020000
00122000
11112200
01102200
10100200
00000000
78
00000000
00000000
00020000
00122000
11122200
01201200
12100100
00000010
75
00000000
00000000
00020000
00222000
12111110
22201200
12100100
00000010
18
00000000
00000000
00020000
00222000
12111110
22101200
11200100
10020010
32
00000000
00100000
00010000
00221000
12121110
22222200
11200100
10020010
23
00000000
00100000
01210000
00221000
12211110
22221200
11200100
10020010
47
00000000
00100000
01210000
00221000
12211110
22221200
11112100
10020010
24
00000000
00100000
01210000
01111000
11211110
21221200
11122100
10022010
68
00000000
00100000
01210000
01111002
11111120
21211200
11121100
10022110
42
00000000
00110000
01110000
01111022
11111220
21212200
11121100
10022110
38
00000000
00110000
01112000
01112022
11112220
21212200
11121100
10111110
63
00000000
02110000
01211100
01121022
11112220
21212200
11121100
10111110
76
00000000
02110000
01211100
01121022
11112120
21211220
11122220
10111110
64
00000000
22110000
02211100
01221122
11121120
21212220
11122220
10111110
83
00002000
22120000
02211101
01221112
11121120
21212220
11122220
10111110
85
00002000
22122000
02222101
01222111
11122111
21212210
11122120
10111110
31
00122000
22222000
02221101
01222111
11122111
21212210
11122120
10111110
87
00122000
22222020
02221201
01222111
11122111
21212210
11122111
10111110
73
00122000
22222020
22221111
02222111
11222111
21222210
11122111
10111110
61
00111100
22221010
22211111
22122111
22222111
21222210
11122111
10111110
21
01111100
21121010
21212111
21122211
21222121
21222222
11122111
10111110
11
11111100
11122210
11212211
11122211
11222121
11222222
11122111
10111110
71
11111112
11122120
11211211
11112211
11122121
11222222
11222122
12222222
82
