00000000
00000000
00020000
00022000
00021000
00000000
00000000
00000000
53
00000000
00000200
00022000
00021000
00021000
00000000
00000000
00000000
34
00000000
00000200
00022000
00211000
02021000
00000000
00000000
00000000
36
00000000
00000200
00022000
00212000
02022000
00102000
00000000
00000000
66
00000000
00000200
00022000
00212000
02021000
00202100
00020000
00000000
52
00000000
00001200
00022200
00212000
02021000
00202100
00020000
00000000
72
00000200
00002210
00022200
00212000
02021000
00202100
00020000
00000000
24
00000200
00002210
02022200
02212000
02021000
00202100
00020000
00000000
42
00000220
00011210
02012200
02212000
02021000
00202100
00020000
00000000
73
00020220
00021210
02021110
02222000
02021000
00202100
00020000
00000000
57
00022220
00022210
02022110
02222000
02021000
00201100
00021000
00000000
12
00022220
10022210
01022210
02122200
02011000
00201100
00021000
00000000
16
00022222
10022220
01022210
02122200
01011000
10201100
00021000
00000000
37
00022222
10022220
01022210
22122200
02011000
10201100
00111000
00000000
35
00022222
10022220
01022210
22122200
02211000
12101100
00111000
00000000
33
00022222
10022220
01121110
22122200
02222000
12221100
00111000
00000000
27
00022222
10022220
01121220
21121220
01212000
11121100
01111000
00000000
83
00022222
10022220
01121111
21121220
01212000
11121100
01121000
00020000
32
00022222
10122220
01111111
21121220
01212200
11122100
01121000
00020000
58
00022222
10122220
01111111
21121220
01212200
11222100
01221000
00221000
82
00222222
10221111
01212111
21221220
01212200
11222100
01221000
00221000
21
22222222
10121111
01212111
21221220
01212200
11222100
01221000
00221000
28
22222222
10121111
01212111
21221120
01211200
11212200
01122200
01111000
22
22222222
11121111
01112111
21211220
01211220
11212200
01122200
01111000
84
22222222
11121121
01112121
21211121
01211220
11212220
01121200
01111000
86
22222222
12121121
01212121
21221121
01212220
11211221
01121220
01111000
68
22222222
12121121
01212121
21221121
01212120
11211121
01122222
01111100
85
22222222
22121121
22212121
22221111
01212111
11211111
01122122
01111100
78
22222222
22121121
22212121
22221111
01212111
12211111
22222112
01111110
18
22222222
22121121
22212121
22221111
22212111
12111111
11222112
11111110
88
