00000000
00000000
00000000
00222000
00021000
00000000
00000000
00000000
53
00000000
00000000
00001000
00222200
00021000
00000000
00000000
00000000
33
00000000
00000000
00101000
00212200
00022000
00002000
00000000
00000000
74
00000000
00000000
00121000
00221110
00022000
00002000
00000000
00000000
35
00000000
00002000
00122000
00112110
00122000
00002000
00000000
00000000
62
00000000
00002100
00121020
00112210
00122000
00002000
00000000
00000000
65
00000000
00002100
00121020
00122210
00122100
00022000
00000000
00000000
32
00000000
00102100
00111020
02221210
00222100
00022000
00000000
00000000
15
00000000
00102100
20111020
02221210
10222100
00022000
00000000
00000000
51
00001200
00102100
20121020
02221210
10222100
00022000
00000000
00000000
26
00001200
00122100
20222020
02211210
10122100
01022000
00000000
00000000
71
00001110
02222100
20222020
02211210
10122100
01022000
00000000
00000000
66
00001110
02222100
20222020
02211210
10121200
01022200
00000200
00000000
11
10201110
02222100
20122020
02211210
10121200
01022200
00000200
00000000
47
10201110
02222100
20122020
02221210
10211100
02011200
20010200
00000000
37
10201110
02222100
20122020
02221210
10221100
01021200
20120200
00020000
82
10201110
02222221
20122010
02221110
10221100
01021200
20120200
00020000
68
10201110
02222221
20122010
02222110
10221200
01022220
20120100
00020100
85
10201110
02222221
22222010
02222110
10221201
01022210
20120100
00020100
25
10201110
02221221
22212010
02122110
12111201
02022210
22220100
00020100
63
10201110
02221121
22212120
02121220
12111221
02022210
22220100
00020100
12
10201110
11111121
21212120
02121220
12111221
02022222
22220100
00020100
14
12201110
12211121
12222120
12122220
12111221
02022222
22220100
00020100
36
12201110
12211121
12222120
12122220
11111221
02122222
22220200
00020120
18
12221110
12222121
12222220
12122220
11111221
02122222
21220200
10020120
83
12221110
12222111
11111111
12122220
11111221
02122222
22220200
12020120
84
12221110
12222111
11111111
12111111
11111221
02122222
22220200
12022220
77
12221110
12222111
11111111
12111111
11111211
02122122
22220222
12022220
38
12222222
12222122
11111212
12112112
11121112
02221122
22110222
11122220
88
12222222
12222122
11121212
12212112
12121112
22221122
22110212
11111111
57
