00000000
00000000
00000000
00021000
00012000
00000000
00000000
00000000
56
00000000
00000000
00000000
00022200
00011000
00001000
00000000
00000000
33
00000000
00000000
00100000
00012200
00021000
00201000
00000000
00000000
46
00000000
00000000
00100000
00012200
00012000
00212000
00002000
00000000
66
00000000
00000000
00100000
00012200
00012000
00221100
00202000
00000000
26
00000000
00000000
00100000
00012200
00022000
01211100
02202000
00000000
68
00000000
00000000
00100000
00012200
00022000
01212100
02201200
00000100
74
00000000
02000000
00200000
00021110
00022000
01212100
02201200
00000100
34
00000000
02000000
00200000
00111110
00022000
01212100
02202200
00002100
78
00000000
02000000
00200000
00111110
00012000
01211200
02202220
00002110
76
00000000
02000000
00200000
00111110
00012000
22211110
02202210
00002110
18
00000000
02000000
00200020
00111210
00012000
22111110
01202210
10002110
48
00000000
02000000
02200020
00211210
00022000
22112110
01201210
10011110
12
00000000
12000000
22200020
00111210
00012000
22111110
01201110
10011110
32
00000000
11100000
22100020
00111210
00012000
22111110
02201110
10211110
15
00000000
11100000
22100020
00111210
10012000
22222222
02101110
10211110
24
00200000
12100000
21100020
01111210
10012000
22222222
02101110
10211110
28
00200000
12100000
21100020
01111210
10012000
22222222
02101120
11111112
14
00200000
12100000
11102020
11112210
10012000
22222222
02101120
11111112
35
00200000
12100000
12102020
12112210
12222000
22112222
02101120
11111112
11
10200000
11100000
12102020
12112222
12222000
22112222
02101120
11111112
52
10220000
11201000
12101020
12111222
12221000
22111222
02101120
11111112
42
10220000
11121000
12221020
12221222
12221000
22111222
02101120
11111112
85
10220200
11122000
12221020
12221222
12221001
22111212
02101120
11111112
82
10220200
11122021
12221020
12221122
12221001
22111212
02101120
11111112
87
10220200
11122221
12222020
12221122
12221001
22111211
02101111
11111112
65
10220200
11122221
12222220
12222122
12221101
22111111
02101111
11111112
81
10220221
11122221
12222120
12221122
12211101
22111111
02101111
11111112
17
10220221
11122221
12222120
12221122
12221201
12222111
11121111
11111112
75
12220221
12222221
12222120
12221122
12221111
12222111
11121111
11111112
83
12220221
12222221
12222111
12221111
12221111
12222111
11121111
11111112
51
