00000000
00000000
00000000
00012000
00022000
00002000
00000000
00000000
66
00000000
00000000
00000000
00222000
00021000
00002100
00000000
00000000
33
00000000
00200000
00200000
00212000
00021000
00002100
00000000
00000000
35
00000000
00200000
00200000
00222000
00112000
00002200
00000020
00000000
23
00000000
00200000
01200000
00122000
00212000
02002200
00000020
00000000
36
00000000
00200000
01200000
00222000
00212000
02202200
00200020
00000000
67
00000000
00200000
01200000
00222000
00212000
02202200
00202220
00000000
65
00000000
00200000
02200000
20222000
00211100
02202200
00202220
00000000
78
00000000
00200000
02200000
20222000
00211100
02201200
00202220
00000210
88
00000000
00200000
02200000
20222000
00211100
02201102
00202220
00000211
48
00000000
00200000
02200000
20222200
00211200
02201202
00201220
00010211
27
00000000
00200000
02200000
20222200
00221200
02201202
02201220
20010211
12
00000000
10200000
01200000
20122200
00222200
02222202
02202220
20010211
22
00000000
11200000
01100000
20112200
00221200
02222222
02202210
20010211
25
00000000
11200000
01100000
20112200
01111200
02222222
02202222
20010211
15
00000000
11200000
01100000
22222200
12211200
02222222
02102222
20010211
31
00100000
11120000
01200000
22222200
12211200
02222222
02102222
20010211
75
00100000
11120000
22200000
22222200
12211110
02222112
02101212
20010211
58
00100000
11120000
22200000
22222200
12211110
02222112
02201112
20211111
28
20100000
22120000
21200000
21222200
11211110
01212112
01101112
21111111
51
20101000
22110000
21100000
21222200
22211110
22212112
01101112
21111111
47
20101000
22222000
21100000
21222200
22211110
22211112
01111112
21111111
53
20101000
22222200
21102000
21221100
22211110
22211112
01111112
21111111
73
20101000
22222100
22222010
21222100
22211210
22211122
01111112
21111111
21
22221000
21222100
21222010
21222100
22211210
22211122
01111112
21111111
17
22222200
21222100
21221010
21212100
22111210
21211122
11111112
21111111
85
22222200
21222220
21221010
21212100
22111211
21211111
11111111
21111111
82
22222200
21112211
21222210
21212200
22111211
21211111
11111111
21111111
74
22222202
21112221
21222210
21211110
22111111
21211111
11111111
21111111
71
22222212
21112122
21221222
21211110
22111111
21211111
11111111
21111111
84
