00000000
00000000
00000000
00021000
00012000
00000000
00000000
00000000
43
00000000
00000000
00012000
00012000
00012000
00000000
00000000
00000000
65
00000000
00000000
00012000
00012000
00012100
00002000
00000000
00000000
64
00000000
00000000
00012020
00011200
00012100
00002000
00000000
00000000
47
00000000
00000000
00012020
00222200
00012100
00001000
00010000
00000000
23
00000000
00000000
01012020
00122200
00012200
00001020
00010000
00000000
63
00000000
00000000
01011120
00121200
00022200
00021020
00010000
00000000
83
00000000
00000002
01011121
00121200
00022200
00021020
00010000
00000000
81
00000001
00000201
01012221
00121200
00022200
00021020
00010000
00000000
52
00000001
00001201
01011221
00121200
00022200
00022020
00020000
00200000
74
00000001
20001201
02011121
00221110
00022200
00022020
00020000
00200000
25
00000001
20201201
02021121
00122110
01022200
00022020
00020000
00200000
71
00000011
20201121
02021221
00122110
01022200
00022020
00020000
00200000
33
00000211
20201221
02111221
00122110
01022200
00022020
00020000
00200000
57
00000211
20201221
02111221
00121110
01022200
00022220
00021000
00200000
77
00000211
20201221
02111221
00111110
01021200
00022120
00022010
00202000
48
00000211
20202221
02121221
00211110
02011200
20012120
00011010
00212000
87
00000211
20202221
02121221
00222222
02011100
20012110
00011011
00212000
67
00000211
20202221
02121221
00222222
02011200
20011210
00011211
00212200
31
00100211
20102221
02121221
00222222
02011202
20011220
00011211
00212200
78
00100211
20102221
02121221
00222222
02222202
20011220
00011111
00211110
26
00100211
20102221
02121221
00212222
02122202
22011220
02011111
00211110
17
00100211
20102221
02121221
00212222
02122202
21011220
22011111
20211110
14
02100211
20202221
01121221
10212222
02122202
21011220
22011111
20211110
36
02100211
20202211
01121121
10211222
22222202
21111220
22011111
20211110
42
02100211
20211111
01111121
10211222
22222202
21111220
22011121
20222222
28
02220211
20222111
01121221
10221222
22222202
21111220
21011121
21222222
24
02222211
20222211
01121221
11111222
21122202
21111220
21011121
21222222
11
11111111
20222211
22221221
22111222
21222202
21121220
21012121
21222222
75
11111111
20222211
22222211
22111212
21111122
21121222
21012122
21222222
22
