00000000
00000000
00000000
00012000
00022200
00000000
00000000
00000000
66
00000000
00000000
00000000
00012000
00022200
00002100
00000000
00000000
46
00000000
00000000
00000000
00222000
00012200
00011100
00000000
00000000
23
00000000
00000000
01000000
00122000
00012200
00012100
00002000
00000000
64
00000000
00000000
01000000
00111100
00011120
00012200
00002000
00000000
77
00000000
00000000
01000000
00111100
00011120
00222100
00002010
00000000
58
00000000
00000000
01000020
00111200
00012120
00221100
00001010
00001000
84
00000000
00000000
01000020
00111201
00012210
00221200
00001210
00001000
74
00000000
00000000
01200020
00121111
00012110
00221200
00001210
00001000
47
00000000
00000000
01200020
00121111
00022110
00221200
00022210
00021000
76
00000000
00000000
01200020
00121111
00022110
00221210
00022120
00021002
35
00000000
00000000
01202020
00122111
00112110
00222210
00022120
00021002
43
00000000
02000000
01212020
00121111
00112110
00222210
00022120
00021002
72
00000000
02000010
22212010
00121111
00112110
00222210
00022120
00021002
63
00000000
02000012
22211120
00121211
00112110
00222210
00022120
00021002
27
00000000
02000012
22211120
00121211
00212110
02222210
01022120
00021002
25
00000020
02000022
22211120
00121211
01112110
01122210
01012120
00021002
87
00000020
02000022
22211120
00121211
01112120
01122222
01012112
00021002
12
00000020
12000022
21211120
00121211
01112120
01122222
01012222
00021022
32
00000020
11100022
21111120
00121211
22222120
01122222
01012222
00021022
62
00000020
11100122
22222222
00121221
22222220
01122222
01012222
00021022
42
00000020
11110122
22212222
00111221
22212220
02112222
21012222
00021022
81
00000021
11110111
22212121
00111221
22212220
02112222
21012222
00022222
24
00000221
11110211
21112221
01111221
21112220
01112222
21012222
00022222
85
00000221
11110211
21112221
01111221
21112111
02122222
22222222
00022222
51
00201111
12220111
21212211
01211221
21212111
02222222
22222222
00022222
38
20201111
22220111
21212211
01211221
21212111
02221222
22212222
00122222
28
20201111
22220111
21212211
01211121
22211111
22211222
21112222
01122222
14
20201111
22220111
21212211
11212121
21221111
22211222
22112222
22222222
41
22211111
22210111
21222211
11212121
21221111
22211222
22112222
22222222
52
