00000000
00000000
00000000
00021000
00012000
00000000
00000000
00000000
56
00000000
00000000
00000000
00022200
00011000
00001000
00000000
00000000
33
00000000
00000000
00100000
00012200
00012000
00021000
00000000
00000000
53
00000000
00000000
00101000
00222200
00011000
00021000
00000000
00000000
75
00000000
00000000
00101000
00222220
00011010
00021000
00000000
00000000
63
00000000
00002000
00101200
00221220
00011010
00021000
00000000
00000000
84
00000000
00002200
00102200
00221111
00011010
00021000
00000000
00000000
61
00000100
00202100
00202100
00221111
00011010
00021000
00000000
00000000
22
00000100
01202100
00102100
00221111
00211010
00021000
00000000
00000000
23
00000100
22202100
01102100
00121111
00211010
00021000
00000000
00000000
43
00000100
22221100
01121100
00121111
00221010
00021000
00000000
00000000
21
01000100
21121100
01111120
00121211
00222010
00021000
00000000
00000000
47
01000100
21121100
01121120
00121211
00222010
00021000
00020000
00020000
83
01002100
21122100
01122111
00122211
00222010
00021000
00020000
00020000
65
01002100
21122220
01112211
00122111
00222110
00021000
00020000
00020000
31
01102100
21112222
01111221
00122211
00222110
00021000
00020000
00020000
66
01102100
21112222
22222221
00112211
00221110
00021100
00020000
00020000
37
01102100
21112222
22222221
00112211
00221120
00011102
00120000
00020000
76
01102100
21112222
22222221
00112211
00222110
00021112
00220000
02020000
36
01102220
21112222
22222221
00112211
00122110
00111112
00220000
02020000
38
01122220
21222222
22222221
00112211
00122110
00111112
00110000
02120000
58
01122220
21222222
22222221
00112211
00122110
00111112
00110000
02222200
81
01111111
21222211
22222121
00112211
00112210
00111122
00110002
02222200
77
01111111
21222211
22222121
00212211
00122210
00112212
00110222
02222200
57
01111111
21221211
22221121
00211211
00121210
00211112
02222222
02222200
24
01111111
21211211
21121121
01111211
00121222
00211122
02222222
02222200
78
01111111
21211211
21121121
01211211
02221212
00211112
02222112
02222210
88
01111111
21211211
22121121
22211211
02221211
00211111
02222111
02222211
15
01111111
21211211
22122121
22221211
12211211
02211111
02222111
02222211
18
01111111
21211211
22122121
22221211
22211211
22111111
01222111
11111111
17
01111111
21211111
22121121
22211211
22111211
21111111
11222111
11111111
11
