00000000
00000000
00000000
00012000
00022200
00000000
00000000
00000000
66
00000000
00000000
00000000
00012000
00022200
00002100
00000000
00000000
64
00000000
00000000
00000020
00011200
00022100
00002100
00000000
00000000
35
00000000
00000000
00002020
00012200
00112100
00002100
00000000
00000000
62
00000000
00000100
00001020
00012220
00112200
00002100
00000000
00000000
84
00000000
00000100
00001010
00011111
00112200
00002220
00000000
00000000
87
00000000
00000100
00001010
00011111
02222100
00002210
00000001
00000000
57
00000000
00000100
00001010
00011111
02221100
00022210
00001001
00000000
37
00000000
00000100
00001010
00011111
02221100
00012222
00101001
00000000
85
00000000
00000100
00001010
00011111
02221101
00012221
00102001
00002000
77
00000000
00000100
00001010
00011111
02222221
00012221
00102011
00002000
24
00000000
00002100
00002010
01012111
02122221
00012221
00102011
00002000
67
00000000
00002100
00002012
01012121
02122221
00012111
00102111
00002000
34
00000020
00002200
00002012
01112121
02112221
00011111
00102111
00002000
42
00000020
00012200
00201012
01122121
02112221
00011111
00102111
00002000
26
00002020
00022200
00201012
01122121
01112221
01011111
00102111
00002000
43
00002020
00022200
00211012
02111121
22222121
01011111
00102111
00002000
31
00102020
00012200
00211012
02111121
22222121
01012121
00102221
00002020
61
00102120
00011200
00211012
02111121
22222121
02012121
20102221
00002020
68
00122120
00021200
00221012
02121121
22222121
02012121
20101111
00002120
63
00122120
00021100
00221112
02121111
22222121
02222121
20101111
00002120
88
02222120
00021100
00221112
02121111
22222121
02222121
20101111
00002111
47
02222120
00021100
00221112
02121111
22222121
02221221
20222111
00022111
32
02222120
00111120
00111222
02122121
22222121
02221221
20222111
00022111
81
02222111
02222220
00211222
02122121
22222121
02221221
20222111
00022111
23
02222111
22222220
02111222
02222121
22222121
02221221
20222111
00022111
82
02222111
22222221
02111211
02222121
22222121
02221221
20222111
00022111
13
02222111
22222221
22111211
22222121
22122121
02211221
20221111
00022111
16
02222111
22222221
22111211
22122121
22122121
12211221
22221111
00022111
28
02222111
22222221
22111211
22122121
22122121
12211221
22221111
01222111
18
02222111
22222211
22111111
22121121
22112121
12111221
11221111
11222111
11
