00000000
00000000
00000000
00012000
00022000
00002000
00000000
00000000
66
00000000
00000000
00020000
00022000
00021000
00002100
00000000
00000000
57
00000000
00000000
00020000
00022000
00021000
00002100
00001200
00000000
53
00000000
00000200
00022000
00021000
00021000
00002100
00001200
00000000
68
00000000
00000200
00022000
00021000
00021000
00002100
00002100
00002100
46
00000000
00000200
00022200
00022000
00021000
00011100
00001100
00002100
33
00000000
00000200
00122200
00022000
00221000
00011100
00001100
00002100
24
00000000
00000200
00122200
01022000
00121000
00012100
00001200
00002220
42
00200000
00020200
00112200
01012000
00111000
00012100
00001200
00002220
51
00201000
00010200
00112200
01012000
00111000
00012100
00022200
00002220
73
00201000
00210100
00121110
01012000
00111000
00012100
00022200
00002220
64
00201000
00210100
02221110
01011100
00111000
00012100
00022200
00002220
48
00201000
00210100
02222222
01011100
00111000
00012100
00011200
00012220
52
00201000
00211100
02221222
01011200
00112000
00022100
00222200
00012220
34
00201000
00211100
02211222
22222200
00112000
00022100
00222200
00012220
21
01201000
00111100
02211222
22222200
00112000
00022100
00222200
00222220
65
01201000
00111100
02211122
22221100
00112100
00022200
00222220
00222220
13
01201020
00111200
11112122
21221100
00112100
00022200
00222220
00222220
84
01201020
00111100
11112112
21221101
00212100
00222200
00222220
00222220
88
01201020
00111102
11112122
21211201
00212100
00222100
00222210
00222221
27
01221020
00221102
12122122
21221201
00222100
00122100
01111110
00222221
26
01221020
02221102
12221122
21221201
00122100
01122100
01111110
00222221
75
01221020
02221102
12222122
21221201
00122120
01122102
01111120
00222221
11
11221020
01221102
12122122
21211201
00121120
01122102
01211120
02222221
12
11221020
11221102
11122122
21211201
02222220
02221102
02221120
02222221
76
11222220
11222202
11122222
21211201
02222120
02221112
02221120
02222221
72
11222220
11111112
11122122
21211202
02222122
02221122
02221220
02222221
16
11222220
11111112
11112122
21111202
01222122
12111122
22221220
02222221
87
11222220
11121112
11212122
22111202
22222122
22111112
22221111
02222221
81
11111111
11121111
11212121
22111221
22222221
22112111
22221111
02222221
18
