00000000
00000000
00000000
00021000
00012000
00000000
00000000
00000000
34
00000000
00000000
00000000
00111000
00222000
00000000
00000000
00000000
66
00000000
00000000
00000200
00112000
00221000
00000100
00000000
00000000
53
00000000
00000000
00001200
00111000
00222200
00000100
00000000
00000000
73
00000000
00000000
02001110
00211000
00222200
00000100
00000000
00000000
64
00000000
00000000
02001110
00211100
00222220
00000100
00000000
00000000
86
00000000
00000000
02001110
00222220
00222210
00000101
00000000
00000000
33
00000000
00000000
02101110
00212220
00221220
00000121
00000000
00000000
13
00000000
00002000
11102210
00212220
00221220
00000121
00000000
00000000
77
00000000
00002000
11102210
00212220
00221222
00000111
00000010
00000000
36
00000000
20002000
12102210
00212220
00121222
00100111
00000010
00000000
62
00000000
20002100
12101110
00212120
00122222
00102111
00000010
00000000
11
10000000
10002100
12221110
00222120
00122222
00102111
00000010
00000000
51
10001000
10001120
12221220
00222120
00122222
00102111
00000010
00000000
22
10001000
11001120
12121220
00212120
00121222
00202111
02000010
00000000
46
10001000
11001120
12121220
00212120
00121222
00212221
02000210
00000000
24
10001000
11001120
11121220
01112120
00121222
00222221
02020210
00000000
71
10001012
11001120
11121210
01112110
00121212
00222211
02020210
00000000
78
10001012
11001120
11121222
01112120
00111212
00221211
02020110
00000010
82
10001012
11001111
11121212
01112120
00111212
00221221
02020210
00002010
26
10001012
11001111
11121212
01112120
00111212
01111222
02020222
00002010
18
10001222
11002221
11121212
01112120
00111212
01111222
01020222
10002010
38
10001222
11002221
11121212
01122120
00121212
01121222
01020222
10122010
88
10022222
11002221
11121212
01122120
00121212
01121122
01020212
10122011
37
10022222
11002221
11121212
01122120
00221212
02111122
22220212
10122011
68
10022222
11202221
11221212
01222120
00221212
02111122
22220112
10111111
84
10022222
11202221
12221211
22222111
00221211
02111121
22220111
10111111
31
10122222
11122221
12221211
22122111
00121211
02111121
22220111
10111111
25
10122222
11122221
11221211
21222111
02121211
22111121
22220111
10111111
28
10122222
11122221
11221211
22222111
22221211
21111121
21120111
11111111
57
