00000000
00000000
00000000
00012000
00022000
00002000
00000000
00000000
64
00000000
00000000
00000200
00012100
00022000
00002000
00000000
00000000
46
00000000
00000000
00000200
00012200
00011200
00012000
00000000
00000000
73
00000000
00000000
00000210
00222100
00021200
00012000
00000000
00000000
57
00000000
00000000
00000210
00222100
00022200
00012000
00002000
00002000
43
00000000
00200000
00020210
00212100
00012200
00012000
00002000
00002000
23
00000000
00200000
01220210
00122100
00012200
00012000
00002000
00002000
66
00000000
00200000
01220210
02222100
00012100
00011100
00002000
00002000
72
00000000
00200010
01222110
02222100
00012100
00011100
00002000
00002000
21
01200000
00200010
01212110
02221100
00012100
00011100
00002000
00002000
42
22200000
00210010
01211110
02221100
00012100
00011100
00002000
00002000
22
22200000
21110010
02111110
02211100
00011100
00011100
00002000
00002000
48
22200000
21120010
02112110
02211200
00011120
00011100
00001000
00012000
84
22200000
21120010
02112110
02211201
00011110
00011100
00001000
00222000
13
22200000
21120010
11112110
02221201
00211110
00011100
00001000
00222000
74
22200000
21120010
11112110
02221111
00221110
00012100
00001200
00222000
41
22222000
21120010
11212110
02221111
00221110
00012100
00001200
00222000
68
22222000
21120010
11212110
02221111
00222222
00012100
00001100
00222100
36
22222000
21120010
11112110
02121111
02222222
00112100
00001100
00222100
76
22222000
21120010
11112110
02121111
02222112
00212110
02001100
00222100
52
22222000
21111010
11111110
02121111
02222112
00212210
02001120
00222100
16
22222000
21121010
11112110
02121211
01222122
10212222
02001120
00222100
15
22222000
22121010
12112110
02121211
12222122
12212222
02001120
00222100
14
22222002
22121020
11112210
11122211
12222122
12212222
02001120
00222100
47
22222002
22122220
11112210
11122211
11222122
12111222
02011120
00222100
82
22222002
22111111
11112210
11122211
11222122
12221222
02222220
00222100
28
22222022
22111221
11112220
11122121
11221122
11211222
01122220
01111100
88
22222022
22111221
11112220
11122121
11221122
11211122
01122220
01111121
83
22222022
22111221
11111111
11122111
11221122
11211122
02122220
22222221
87
22222022
22111221
21111111
21122111
21221121
22211111
22111111
22222221
61
