00000000
00000000
00000000
00021000
00012000
00000000
00000000
00000000
34
00000000
00000000
00002000
00112000
00012000
00000000
00000000
00000000
66
00000000
00000000
00002000
00112000
00012000
00002100
00000000
00000000
46
00000000
00000000
00002000
00122000
00222000
00011100
00000000
00000000
24
00000000
00000000
00002000
01122000
02222000
00011100
00000000
00000000
33
00000000
00000000
00102000
01112000
02221000
00012100
00000200
00000000
16
00000000
00000000
00102000
01112000
01221000
10222100
00000200
00000000
68
00000000
00000000
00102000
01112000
01221000
10222100
00000200
00000120
64
00000000
00000000
00102000
01111100
01222200
10222200
00000200
00000120
76
00000000
00000000
00102000
01111200
01222220
10222210
00000200
00000120
74
00000000
00000000
20102000
02111110
01222210
10222210
00000200
00000120
47
00000000
00020000
20202000
02111110
01212110
10111210
00010200
00000120
62
00000000
00020100
20201200
02111210
01212210
10111210
00010200
00000120
57
00000000
00022100
20202200
02112210
01212210
10111110
00011200
00000120
22
00000000
01022100
20102202
02112220
01212210
10111110
00011200
00000120
73
00000000
01022100
20102212
02112110
01212210
10112110
00012200
00002220
48
00000000
01022100
20102212
02112110
01212210
10112210
00011220
00012220
15
00000000
01022100
20102212
22222110
12212210
10212210
00021220
00012220
41
00010000
01021100
20102112
22222110
22212210
20212210
20021220
00012220
88
00010000
01021100
20122112
22222110
22221210
20222110
20021210
00011111
31
00110000
01211100
20221112
22222110
22221210
20222110
20021210
00011111
23
20110000
02111100
21211112
22122110
22211210
20221110
20021110
00011111
12
22110000
12211100
22221112
22122110
22211210
20221110
20021110
00011111
26
22110000
12211100
22221112
22112222
22111210
21111110
20021110
00011111
38
22110000
12211100
22221112
22112222
22111220
22222222
20011110
00111111
18
22222000
12222200
12222122
12112222
12111220
12222222
10011110
10111111
71
22222010
12222220
12221222
12112222
12111220
12222222
10011110
10111111
85
22222010
12222220
12221222
12112222
12111211
12222222
10011112
10111111
37
22222010
12222220
12221222
12112222
12112211
11122222
10211112
12111111
27
22222010
12222220
12221222
12112222
12112211
11122222
11111112
12111111
82
