00000000
00000000
00000000
00222000
00021000
00000000
00000000
00000000
53
00000000
00000000
00001000
00221000
00022200
00000000
00000000
00000000
35
00000000
00002000
00002000
00212000
00122200
00000000
00000000
00000000
62
00000000
00002220
00001000
00212000
00122200
00000000
00000000
00000000
46
00000000
00002220
00001000
00212000
00222200
00210000
00000000
00000000
66
00000000
00002220
00001000
00212000
00222200
00222100
00000000
00000000
24
00000000
00002220
00001000
01112000
00222200
00222200
00000020
00000000
26
00000000
00002220
00001000
01112000
02222200
01222200
00000020
00000000
37
00000000
00002220
20001000
02112000
02222200
01122200
00100020
00000000
88
00000000
00002220
20021000
02222000
02221200
01122100
00100010
00000001
51
00001200
00002220
20021000
02222000
02221200
01122100
00100010
00000001
75
00001200
00002220
20021000
02222000
02221110
02122100
20100010
00000001
73
00001200
00002120
20021010
02222000
02221210
02122220
20100010
00000001
42
00001200
00011120
20021010
02222000
02221210
02222220
20200010
00200001
47
00001220
00011220
20012010
02222000
02211210
02212220
20210010
00200001
64
00001220
00011222
20011020
02222200
02212210
02222220
20210010
00200001
57
00001220
00011222
20011020
02221200
02211210
02221120
20221010
00202001
63
00001220
00222222
20021120
02222100
02211210
02221120
20221010
00202001
74
00001220
00222222
20021120
02222222
02211110
02221120
20221010
00202001
83
00001220
00222222
20021111
02222212
02211110
02221120
20222010
00202201
14
00022220
00222222
20021111
11111112
02211110
02221120
20222010
00202201
28
00022220
00222222
20021111
11111112
02211110
02211120
20122020
01202221
86
00022220
00222222
20021111
11111112
02211110
02211111
22222020
01202221
21
01022220
00122222
20211111
11221112
02212110
02211211
22222020
01202221
81
01022221
00122211
20211211
11221122
02212222
02211211
22222020
01202221
12
01222221
10222211
10211211
11221122
02212222
02211211
22222020
01202221
67
01222221
10222211
10221211
11222122
02212222
02211122
22222122
01202221
23
01222221
12222211
12211211
12122122
02212222
02211122
22222122
01202221
18
01222221
12222211
12211211
12122122
02212222
22111122
22222122
11202221
15
22222221
12222211
12211211
12122122
11112222
12111122
12222122
11202221
48
