00000000
00000000
00000000
00021000
00012000
00000000
00000000
00000000
34
00000000
00000000
00000000
00111000
00222000
00000000
00000000
00000000
56
00000000
00000000
00000000
00111000
00222200
00001000
00000000
00000000
76
00000000
00000000
00002000
00122000
00222100
00001010
00000000
00000000
43
00000000
00000000
00012200
00122000
00222100
00001010
00000000
00000000
46
00000000
00000000
00222200
00222000
00212100
00011010
00000000
00000000
32
00000000
00100000
00212200
00221000
00222100
00012010
00000200
00000000
24
00000000
00100000
00212200
01111000
02222100
00012010
00000200
00000000
66
00000000
00100000
00212200
02111000
22221100
00011110
00000200
00000000
78
00200000
00200000
00212200
02111000
22221100
00011110
00000100
00000010
14
00200000
00200000
20212200
22111000
22221100
00011110
00000100
00000010
22
00200000
01200000
22222200
22211000
22221100
00011110
00000100
00000010
26
00200000
01200000
21222200
21221000
21221100
02011110
20000100
00000010
52
00200000
01201000
21211200
21121000
21221100
02021110
20002100
00000010
36
00200000
01201000
21211200
21221000
21211100
02211110
20202100
00000010
16
00200000
01201000
21211200
21221000
21212100
11111210
20202220
00000010
74
00200200
01202000
21221100
21221010
21212100
11111210
20202220
00000010
21
01200200
01102000
21211100
21222210
21212200
11111210
20202220
00000010
73
01200200
01102200
21212210
21222210
21211200
11111210
20202220
00000010
38
01200200
01102200
21212210
21222210
21221200
11211210
22102220
00100010
42
01200200
01112200
21112210
21222210
21222200
11221210
22202220
02100010
48
01220200
01222200
22122210
21222210
21222200
11221210
22102220
02110010
47
01220200
01222202
22122220
21222210
21222200
11121210
22112220
02110010
87
01220200
01222202
22122220
21222210
21222200
11121222
22111111
02110010
83
01220200
01222202
22111111
21222210
21222200
11121222
22111122
02110012
72
01220200
01111112
22111111
21222210
22222200
11222222
22122222
02222012
12
01222200
11112112
11112111
11122210
12212200
11221222
22122122
02222012
71
21111110
22112112
21212111
21122210
22212200
21221222
22122122
02222012
81
21111111
22112111
21212111
21122210
22212200
21221222
22122222
02222222
75
21111111
22112111
21211111
21122222
22211120
21221222
22122222
02222222
18
21111111
22112111
21211111
21122222
22211120
21121222
21122222
12222222
85
