00000000
00000000
00000000
00021000
00012000
00000000
00000000
00000000
65
00000000
00000000
00000000
00021000
00021100
00020000
00000000
00000000
34
00000000
00000000
00000200
00112000
00021100
00020000
00000000
00000000
35
00000000
00000000
00000200
00112000
00111200
00020020
00000000
00000000
64
00000000
00000000
00000220
00111200
00112200
00020020
00000000
00000000
72
00000020
00000020
00000120
00111200
00112200
00020020
00000000
00000000
83
00000020
00000020
00020111
00122200
00122200
00020020
00000000
00000000
53
00000020
00020020
00022111
00112200
00122200
00020020
00000000
00000000
37
00000020
00020020
02022111
00212100
00121200
00010020
00100000
00000000
36
00000020
00020020
02022111
00221100
00121200
00120020
00120000
00000000
24
00000020
00020020
02022111
01121100
00221200
02220020
00120000
00000000
25
00000020
00020020
02222111
01221100
01211200
02220020
00120000
00000000
32
00000020
00120020
02112111
01121100
01111200
02120020
00220000
00020000
66
00000020
00120020
02112211
01122100
01121100
02220120
02220000
00020000
13
00000020
00120020
11112211
22222100
02121100
02220120
02220000
00020000
61
00200120
00220010
11212211
22222100
02121100
02220120
02220000
00020000
22
00200122
01220020
11112211
22212100
02121100
02220120
02220000
00020000
62
00200122
01220122
11111121
22212200
02122100
02220120
02220000
00020000
41
20210122
02110122
11211121
22222200
02122100
02220120
02220000
00020000
75
20210122
22110122
22211121
22222100
02122110
02220120
02220000
00020000
57
20210122
22110122
22211121
22222220
02122120
02210120
02221000
00020000
84
20210122
22110122
22211111
22222221
02122210
02222220
02221000
00020000
28
20210122
22110122
22211111
22222121
02121210
02212220
02221000
01220000
77
20210122
22110122
22211111
22222121
02221210
02222110
02222010
01220200
18
20210122
22120122
22212111
22221221
02211220
02122222
01222020
11220200
85
20210122
22122222
22222111
22221211
02211111
02122222
01222020
11220200
87
20210122
22122222
22222112
22221212
02211112
02122212
01222022
11220202
21
21110122
21122222
21222112
21221212
02211112
22222212
02222022
11220202
51
21111122
21111122
21121112
21221212
02211112
22222222
02222222
11220202
15
21111122
21111122
21121112
21221212
11111112
22222222
02222222
11220202
78
21111122
21111122
21121112
21221212
11111112
22221222
02222212
11222212
17
