00000000
00000000
00000000
00021000
00012000
00000000
00000000
00000000
65
00000000
00000000
00000000
00021000
00012100
00000200
00000000
00000000
56
00000000
00000000
00000000
00022200
00011200
00001200
00000000
00000000
77
00000000
00000000
00000000
00022200
00012200
00001200
00000020
00000002
53
00000000
00000000
00021000
00022200
00011200
00001200
00000020
00000002
73
00000000
00000000
00021010
00022100
00011200
00002200
00020020
00000002
63
00000000
00002000
00022110
00022100
00012200
00002200
00020020
00000002
42
00000000
00012200
00011210
00012200
00012200
00002200
00020020
00000002
75
00000000
00012200
00222210
00022100
00012110
00002200
00020020
00000002
23
00000000
00012200
01111110
00022100
00022110
00202200
00020020
00000002
27
00000000
00012200
01111110
00021100
00012222
00102200
01020020
00000002
51
00001000
00011100
01111110
00021100
00022222
00122200
01020020
00000002
37
00001000
02011100
01211110
00021100
00021222
00112200
01120020
00000002
21
01001000
01011100
22211110
00021100
00021222
00112200
01120020
00000002
48
01001020
01011200
22212110
00021100
00021222
00112200
01110020
00010002
24
21001020
02011200
21212110
01021100
00021222
00112200
01110020
00010002
61
21001120
02011120
21212210
01022100
00021222
00112200
01110020
00010002
74
21001120
02011120
21212110
01022110
00021122
02222200
01110020
00010002
83
21001120
02011110
21212111
02022110
20021122
02222200
01110020
00010002
81
21001111
02011110
21212111
02022110
20021122
02222200
02110020
20010002
17
21021111
02022110
21222211
02022120
20021122
02222200
11110020
20010002
86
21021111
02022110
21222211
02022120
20021112
02222202
11110022
20010002
67
21021111
02022110
21222211
02022220
20021212
02222202
11110222
20010202
35
21021111
02022110
21221211
02222220
20121212
01122202
11110222
20010202
57
21021111
02022110
21221211
02222220
22221212
01111102
11111222
20010202
14
21021111
02022110
21221211
12222220
21221212
01212102
11221222
20210202
78
21021111
02022110
21221211
12122220
22211212
02211102
12221122
22210212
12
21021111
12022110
11221211
12122220
22211222
02222222
12221122
22210212
16
21021111
12022222
11221221
12122220
11211222
12222222
12221122
22210212
58
22221111
12022222
11221221
12122220
11211222
12122222
12211122
22211112
84
22221111
12022122
11221211
12111111
11211212
12122122
12211122
22211112
32
