00000000
00000000
00000000
00021000
00012000
00000000
00000000
00000000
34
00000000
00000000
00002000
00112000
00012000
00000000
00000000
00000000
65
00000000
00000000
00002000
02222000
00011100
00000000
00000000
00000000
33
00000000
00000000
00102000
02222000
00211100
00000000
00000000
00000000
43
00000000
00000000
02222000
02211000
00211100
00000000
00000000
00000000
62
00000020
00000200
02222000
02221000
00211100
00000000
00000000
00000000
25
00000020
00000200
02222000
02221000
01112100
00000200
00000000
00000000
13
00000020
00000200
12222000
22221000
01112100
00000200
00000000
00000000
67
00000020
00000200
12222000
22221000
01222100
00020100
00000100
00000000
63
00000020
00000220
11111200
22222000
01222100
00020100
00000100
00000000
26
00000020
00000220
11111200
22212000
01122100
01020200
00000120
00000000
64
00000020
00002220
11122200
22212100
01122100
01020200
00000120
00000000
56
00000020
00002220
11122200
22112100
01112100
01022200
00002220
00000000
61
00000120
02001120
12212100
22122100
01112100
01022200
00002220
00000000
31
00100120
01001120
12212100
22122100
22222100
01022200
00002220
00000000
68
00102220
01002120
12212100
21122100
22122100
01012100
00001120
00000100
41
00112220
01001120
12212100
21222100
22222100
01222100
00001120
00000100
81
00111111
01001110
12212100
21222100
22222100
01222100
00002120
00002100
12
00111111
11021110
11222100
21122100
22212100
01221100
00002120
00002100
47
00111111
11021110
11222100
21122100
22212200
01222220
00011220
00002100
78
02111111
12021110
12222100
22122100
22212200
01221220
00011120
00002110
75
02111111
12021110
12222100
22122100
22211110
02221110
02011110
00002110
16
02111111
12021110
12222100
12122100
11221110
11121110
02021110
00022110
32
02111111
11111110
11112100
12121102
11221120
11121210
02022110
00022110
86
02111111
11111110
11112100
12121102
11222222
11121221
02022210
00022110
28
02111111
11111110
11112100
12121102
11222222
11121222
01022222
01022110
88
02111111
11111110
11112100
12111102
11221222
11221122
01222212
01022111
38
02111111
11111110
11112100
12121102
11221222
12121122
22222212
01111111
74
22111111
22111110
21212100
22121112
21221112
22121112
22222212
01111111
83
22111111
22111110
21212221
22121211
21222111
22121111
22222211
01111111
18
