00000000
00000000
00000000
00021000
00012000
00000000
00000000
00000000
65
00000000
00000000
00000000
00022200
00011100
00000000
00000000
00000000
73
00000000
00000000
00000010
00022100
00012100
00000200
00000000
00000000
34
00000000
00000000
00002010
00112100
00012100
00000200
00000000
00000000
77
00000000
00000000
00002010
00112100
00021100
00200100
00000010
00000000
52
00000000
00001000
00001010
00111100
00022220
00200100
00000010
00000000
76
00000000
00001000
02001010
00211100
00022120
00200110
00000010
00000000
86
00000000
00001000
02001210
00212100
00022110
00200111
00000010
00000000
74
00000000
00001000
02001110
00212110
00022110
00200211
00000020
00000002
67
00000000
00001020
02001220
00212120
00022120
00200121
00000120
00000002
43
00000000
00001020
02222220
00221120
00022120
00200121
00000120
00000002
85
00000200
00002020
02222120
00221110
00022111
00200111
00000120
00000002
13
00000200
00022020
11121120
00221110
00022111
00200111
00000120
00000002
46
00000200
00022220
11122120
00221110
00021111
00210111
00000120
00000002
83
00000200
20022220
12122111
00221110
00021111
00210111
00000120
00000002
27
00000200
20022220
12122211
00221210
00011211
00110211
01000220
00000202
81
00000201
20022210
22122111
20221210
00011211
00110211
01000220
00000202
41
00010201
20011210
22112111
20221210
00222211
00110211
01000220
00000202
25
00010201
20011222
22112121
20121210
01111111
00110211
01000220
00000202
71
00010211
20011112
22111111
20111210
01112111
00120211
01200220
00000202
28
00010211
20012112
22121111
20211110
02111111
20110211
01100220
01000202
24
00010211
20012112
22121111
21112110
02111211
20110221
01100222
01000202
56
00010211
22012112
22221111
21122110
02112111
20111211
01100222
01000202
58
00010211
22012112
22221111
21122110
02112111
20111211
01100122
01022202
21
01010211
21012112
21221111
22122110
02212111
20122211
01102222
01022202
15
01010211
21012112
21121111
21122110
11112111
20122211
02102222
01222202
18
21010211
22012112
21221111
21122110
11112111
20122211
01102222
11222202
47
21010211
22012112
21221112
21122222
11112122
20111212
01112222
11222202
17
22210211
22022112
21222112
21122222
11112122
10111212
11112222
11222202
51
22211111
22222222
22221112
21221222
11211122
10211212
11212222
11222202
26
22211111
22222222
22221112
21211222
11111122
11111212
11212222
11222202
78
