7
Sat Dec 16 15:54:24 2017
input 64
hide 2
hide_neuron 3
output 64
mini_badge 3019
affine 2
64 3
0.0702428 -0.0993652 -0.285896
0.238892 -0.308312 -0.0557627
-0.369183 -0.314983 -0.0405391
-0.0548886 0.0648045 -0.0208743
-0.347202 -0.141521 -0.183302
-0.113397 0.288176 -0.120338
-0.0447721 -0.501931 0.0701215
-0.122633 -0.249673 0.155241
0.30206 -0.254334 -0.0767125
-0.163599 -0.288087 -0.159877
-0.301648 0.134684 -0.0892213
0.0518116 -0.200843 0.0674483
0.238388 -0.05343 0.0151717
-0.286291 -0.0831912 0.177847
-0.154211 -0.00859091 0.356747
-0.0694708 0.146189 0.0233183
-0.0578775 -0.169729 0.00601182
-0.0737224 0.0335293 -0.229784
-0.219861 0.00700115 0.217904
-0.303872 0.0335117 -0.239127
-0.214871 0.09598 -0.326538
-0.396906 -0.187201 -0.0617632
0.0258799 -0.214673 0.329038
-0.188496 -0.374862 0.111729
-0.0945718 -0.135776 0.0865831
-0.0310717 -0.339252 -0.00109467
0.0102258 -0.0459121 0.112488
0.112317 -0.156572 -0.297849
0.0154777 -0.237428 -0.113405
-0.450797 -0.156844 -0.271802
-0.402658 -0.0122688 0.164592
-0.303611 -0.218192 0.0874982
-0.13448 -0.401624 -0.0313401
0.153281 -0.0407422 0.194578
-0.135465 -0.146519 0.258333
0.159428 -0.246827 -0.0151521
-0.426518 -0.102928 0.0953286
-0.00871172 -0.153747 0.125151
0.0354396 -0.157166 0.0125206
-0.15131 -0.25817 0.136158
0.108163 -0.235267 0.0646871
-0.180276 -0.367707 -0.185249
-0.0677518 0.0688907 -0.167025
-0.539402 -0.0974896 0.341009
0.0372065 -0.0445645 -0.101356
-0.159334 -0.0284729 -0.0502261
-0.273193 -0.0399799 0.014349
-0.189067 -0.0903951 -0.204148
0.0524111 -0.299459 0.133025
-0.239505 0.0206159 0.124582
-0.146163 -0.030693 0.128463
-0.364992 0.244609 0.0529388
-0.0924577 0.105759 0.210687
-0.278216 -0.330922 0.109157
-0.142184 -0.193397 0.193526
0.210566 -0.171276 -0.0482591
-0.126612 -0.131191 -0.039144
-0.256561 -0.238559 -0.146216
-0.117137 -0.0122409 -0.0436057
-0.52069 0.0975242 -0.145156
-0.449466 0.0161336 -0.245852
0.208832 -0.210692 0.029128
-0.216039 0.0679915 0.0324155
-0.110319 -0.199961 0.182277
bias 3
-0.129458 -0.127306 0
3 3
0.655202 -0.155047 -1.42861
1.4598 -1.09357 -0.369005
-1.31194 -1.11825 -0.306273
bias 3
-0.127741 -0.162424 -0.125654
softmax
3 64
0.643165 -0.156983 -1.48074 1.45498 -1.11587 -0.406004 -1.36971 -1.12168 -0.335142 0.189643 0.745171 -0.242519 -1.22107 -0.264261 -1.00227 -0.127565 1.75295 -0.707397 0.106027 -2.03479 0.183744 -0.217236 -0.811171 0.581945 1.76042 -0.857258 -0.504102 -0.389395 -0.977826 -0.891823 -0.995624 1.04371 -0.562772 0.663054 -0.525348 0.170712 1.55534 0.176431 -0.0740757 -0.94177 0.0016947 0.688133 -0.369889 0.309627 1.5293 0.0292187 1.03871 -0.036424 0.0856142 -0.442045 -0.117059 0.0686314 0.5647 -1.21942 -0.596165 0.458498 0.876035 -0.971096 0.599277 -1.26251 -0.555174 0.892602 -1.67074 -1.46378
-0.34073 -0.285272 0.605088 -0.508561 1.51976 -0.383913 -1.24481 0.516055 0.038778 -0.158446 0.39991 0.365203 -1.06392 -0.00505607 0.637275 0.367063 0.519558 1.12012 -0.13192 -1.37571 0.674377 -0.504293 -0.523794 -1.53502 -0.182102 -1.2554 -1.31522 0.482295 0.760219 -0.89629 -0.507061 0.404137 -0.180972 -1.42242 -0.144754 1.25257 0.350959 0.898717 -0.0584283 -0.115958 1.19319 1.34106 -0.546319 -0.0699848 -1.36952 0.115511 0.440304 0.527823 -0.150133 0.578046 0.683782 -0.21422 0.0578301 -0.216283 -0.713582 0.628889 0.980886 -0.606812 0.298777 -0.312874 -1.18053 -0.855627 0.257476 0.880695
-0.771455 -1.94374 0.0925393 1.57505 0.759293 0.371703 -0.468145 -0.181135 0.415326 -0.231984 -0.721673 0.349861 0.0662754 -0.37241 0.0803451 -0.942921 0.673147 -0.959177 0.614417 -0.561752 0.635001 0.57542 -0.1016 0.426738 0.593346 -1.10279 1.70612 0.244514 0.134243 1.04377 0.973124 -0.778524 -1.02584 0.504174 -0.159443 -0.402111 0.89386 1.45897 -0.313281 -0.222899 -0.109944 -0.137898 -0.180798 -0.714809 -0.636369 -0.675341 0.00388395 0.486476 -0.201406 -1.84635 1.00521 -0.670448 -1.52422 0.623568 -1.13554 1.4456 -0.498792 0.134536 -0.505892 0.802126 0.149721 -0.0649008 -0.483332 0.841902
bias 64
-0.359054 -0.385697 -0.403388 -0.291354 -0.40005 -0.390961 -0.402513 -0.400613 -0.389557 -0.376921 -0.353764 -0.387587 -0.401224 -0.388021 -0.398913 -0.385418 -0.248568 -0.395319 -0.379417 -0.407029 -0.377276 -0.387137 -0.396695 -0.362056 -0.247459 -0.39713 -0.392482 -0.390501 -0.398779 -0.39775 -0.398702 -0.333542 -0.393352 -0.358126 -0.392635 -0.377522 -0.278225 -0.377364 -0.384019 -0.398352 -0.382239 -0.356798 -0.390268 -0.373143 -0.281247 -0.381539 -0.334027 -0.38326 -0.38004 -0.391314 -0.385019 -0.38048 -0.36286 -0.401244 -0.393911 -0.367391 -0.345616 -0.398646 -0.361206 -0.401654 -0.393309 -0.344651 -0.405134 -0.403725